day,node_id,item_id,demand_qty,required_with_backlog_qty,served_qty,backlog_end_qty,available_before_service_qty
0,C-XXXXX,item:268967,2562.857143,2562.857143,0.0,2562.857143,0.0
0,C-XXXXX,item:268091,1710.0,1710.0,0.0,1710.0,0.0
1,C-XXXXX,item:268967,2562.857143,5125.714286,3029.207677,2096.506609,3029.207677
1,C-XXXXX,item:268091,1710.0,3420.0,3420.0,0.0,8184.252504
2,C-XXXXX,item:268967,2562.857143,4659.363752,0.0,4659.363752,0.0
2,C-XXXXX,item:268091,1710.0,1710.0,1710.0,0.0,12946.005862
3,C-XXXXX,item:268967,2562.857143,7222.220895,6451.847683,770.373212,6451.847683
3,C-XXXXX,item:268091,1710.0,1710.0,1710.0,0.0,11236.005862
4,C-XXXXX,item:268967,2562.857143,3333.230355,0.0,3333.230355,0.0
4,C-XXXXX,item:268091,1710.0,1710.0,1710.0,0.0,11236.005862
5,C-XXXXX,item:268967,2562.857143,5896.087498,5896.087498,0.0,11222.827276
5,C-XXXXX,item:268091,1710.0,1710.0,1710.0,0.0,10260.0
6,C-XXXXX,item:268967,2562.857143,2562.857143,2562.857143,0.0,8061.401368
6,C-XXXXX,item:268091,1710.0,1710.0,1710.0,0.0,10260.0
7,C-XXXXX,item:268967,6256.714286,6256.714286,5498.544225,758.170061,5498.544225
7,C-XXXXX,item:268091,4592.442857,4592.442857,4592.442857,0.0,10260.0
8,C-XXXXX,item:268967,6256.714286,7014.884347,5127.363609,1887.520738,5127.363609
8,C-XXXXX,item:268091,4592.442857,4592.442857,4592.442857,0.0,7377.557143
9,C-XXXXX,item:268967,6256.714286,8144.235024,0.0,8144.235024,0.0
9,C-XXXXX,item:268091,4592.442857,4592.442857,3920.19038,672.252477,3920.19038
10,C-XXXXX,item:268967,6256.714286,14400.94931,0.0,14400.94931,0.0
10,C-XXXXX,item:268091,4592.442857,5264.695334,5264.695334,0.0,24769.542856
11,C-XXXXX,item:268967,6256.714286,20657.663596,0.0,20657.663596,0.0
11,C-XXXXX,item:268091,4592.442857,4592.442857,4592.442857,0.0,19504.847522
12,C-XXXXX,item:268967,6256.714286,26914.377882,2562.91212,24351.465762,2562.91212
12,C-XXXXX,item:268091,4592.442857,4592.442857,4592.442857,0.0,14912.404665
13,C-XXXXX,item:268967,6256.714286,30608.180048,10400.0,20208.180048,10400.0
13,C-XXXXX,item:268091,4592.442857,4592.442857,4592.442857,0.0,32147.099999
14,C-XXXXX,item:268967,4169.857143,24378.037191,0.0,24378.037191,0.0
14,C-XXXXX,item:268091,6629.271429,6629.271429,6629.271429,0.0,27554.657142
15,C-XXXXX,item:268967,4169.857143,28547.894334,5200.0,23347.894334,5200.0
15,C-XXXXX,item:268091,6629.271429,6629.271429,6629.271429,0.0,20925.385713
16,C-XXXXX,item:268967,4169.857143,27517.751477,0.0,27517.751477,0.0
16,C-XXXXX,item:268091,6629.271429,6629.271429,6629.271429,0.0,23082.623629
17,C-XXXXX,item:268967,4169.857143,31687.60862,5200.0,26487.60862,5200.0
17,C-XXXXX,item:268091,6629.271429,6629.271429,6629.271429,0.0,21045.489598
18,C-XXXXX,item:268967,4169.857143,30657.465763,12962.868138,17694.597624,12962.868138
18,C-XXXXX,item:268091,6629.271429,6629.271429,6629.271429,0.0,14416.218169
19,C-XXXXX,item:268967,4169.857143,21864.454767,0.0,21864.454767,0.0
19,C-XXXXX,item:268091,6629.271429,6629.271429,6629.271429,0.0,20621.765719
20,C-XXXXX,item:268967,4169.857143,26034.31191,9787.219115,16247.092795,9787.219115
20,C-XXXXX,item:268091,6629.271429,6629.271429,6629.271429,0.0,20540.280358
21,C-XXXXX,item:268967,3908.571429,20155.664224,4052.619367,16103.044857,4052.619367
21,C-XXXXX,item:268091,10504.542857,10504.542857,10504.542857,0.0,20537.020944
22,C-XXXXX,item:268967,3908.571429,20011.616286,0.0,20011.616286,0.0
22,C-XXXXX,item:268091,10504.542857,10504.542857,10032.478087,472.06477,10032.478087
23,C-XXXXX,item:268967,3908.571429,23920.187715,11983.407389,11936.780326,11983.407389
23,C-XXXXX,item:268091,10504.542857,10976.607627,6629.141052,4347.466575,6629.141052
24,C-XXXXX,item:268967,3908.571429,15845.351755,8334.086873,7511.264882,8334.086873
24,C-XXXXX,item:268091,10504.542857,14852.009432,13257.8649,1594.144532,13257.8649
25,C-XXXXX,item:268967,3908.571429,11419.836311,0.0,11419.836311,0.0
25,C-XXXXX,item:268091,10504.542857,12098.687389,0.0,12098.687389,0.0
26,C-XXXXX,item:268967,3908.571429,15328.40774,3910.654211,11417.753528,3910.654211
26,C-XXXXX,item:268091,10504.542857,22603.230246,22603.230246,0.0,30552.55479
27,C-XXXXX,item:268967,3908.571429,15326.324957,0.0,15326.324957,0.0
27,C-XXXXX,item:268091,10504.542857,10504.542857,7949.324544,2555.218313,7949.324544
28,C-XXXXX,item:268967,4922.285714,20248.610671,3918.985341,16329.62533,3918.985341
28,C-XXXXX,item:268091,9301.885714,11857.104027,10498.342381,1358.761646,10498.342381
29,C-XXXXX,item:268967,4922.285714,21251.911044,15686.871808,5565.039236,15686.871808
29,C-XXXXX,item:268091,9301.885714,10660.64736,0.0,10660.64736,0.0
30,C-XXXXX,item:268967,4922.285714,10487.32495,0.0,10487.32495,0.0
30,C-XXXXX,item:268091,9301.885714,19962.533074,19962.533074,0.0,31512.090853
31,C-XXXXX,item:268967,4922.285714,15409.610664,0.0,15409.610664,0.0
31,C-XXXXX,item:268091,9301.885714,9301.885714,9301.885714,0.0,11549.557779
32,C-XXXXX,item:268967,4922.285714,20331.896378,8628.118285,11703.778093,8628.118285
32,C-XXXXX,item:268091,9301.885714,9301.885714,2247.672065,7054.213649,2247.672065
33,C-XXXXX,item:268967,4922.285714,16626.063807,0.0,16626.063807,0.0
33,C-XXXXX,item:268091,9301.885714,16356.099363,16356.099363,0.0,18661.49659
34,C-XXXXX,item:268967,4922.285714,21548.349521,4914.176026,16634.173494,4914.176026
34,C-XXXXX,item:268091,9301.885714,9301.885714,9301.885714,0.0,11847.804449
35,C-XXXXX,item:268967,3834.857143,20469.030637,9802.401052,10666.629585,9802.401052
35,C-XXXXX,item:268091,8500.114286,8500.114286,8500.114286,0.0,11849.728621
36,C-XXXXX,item:268967,3834.857143,14501.486728,4921.961326,9579.525401,4921.961326
36,C-XXXXX,item:268091,8500.114286,8500.114286,3349.614335,5150.499951,3349.614335
37,C-XXXXX,item:268967,3834.857143,13414.382544,0.0,13414.382544,0.0
37,C-XXXXX,item:268091,8500.114286,13650.614237,0.0,13650.614237,0.0
38,C-XXXXX,item:268967,3834.857143,17249.239687,4922.220836,12327.018851,4922.220836
38,C-XXXXX,item:268091,8500.114286,22150.728523,0.0,22150.728523,0.0
39,C-XXXXX,item:268967,3834.857143,16161.875994,8800.626505,7361.249489,8800.626505
39,C-XXXXX,item:268091,8500.114286,30650.842809,18604.233229,12046.60958,18604.233229
40,C-XXXXX,item:268967,3834.857143,11196.106632,4052.340262,7143.766369,4052.340262
40,C-XXXXX,item:268091,8500.114286,20546.723866,17962.372758,2584.351108,17962.372758
41,C-XXXXX,item:268967,3834.857143,10978.623512,0.0,10978.623512,0.0
41,C-XXXXX,item:268091,8500.114286,11084.465394,0.0,11084.465394,0.0
42,C-XXXXX,item:268967,6852.142857,17830.766369,3843.556468,13987.209902,3843.556468
42,C-XXXXX,item:268091,6354.257143,17438.722537,0.0,17438.722537,0.0
43,C-XXXXX,item:268967,6852.142857,20839.352759,3835.205116,17004.147643,3835.205116
43,C-XXXXX,item:268091,6354.257143,23792.97968,8501.397145,15291.582535,8501.397145
44,C-XXXXX,item:268967,6852.142857,23856.2905,0.0,23856.2905,0.0
44,C-XXXXX,item:268091,6354.257143,21645.839678,8532.185759,13113.65392,8532.185759
45,C-XXXXX,item:268967,6852.142857,30708.433357,7671.46807,23036.965287,7671.46807
45,C-XXXXX,item:268091,6354.257143,19467.911063,17006.899438,2461.011624,17006.899438
46,C-XXXXX,item:268967,6852.142857,29889.108144,9034.926738,20854.181406,9034.926738
46,C-XXXXX,item:268091,6354.257143,8815.268767,0.0,8815.268767,0.0
47,C-XXXXX,item:268967,6852.142857,27706.324263,5200.0,22506.324263,5200.0
47,C-XXXXX,item:268091,6354.257143,15169.52591,15169.52591,0.0,30155.144856
48,C-XXXXX,item:268967,6852.142857,29358.46712,0.0,29358.46712,0.0
48,C-XXXXX,item:268091,6354.257143,6354.257143,6354.257143,0.0,14985.618945
49,C-XXXXX,item:268967,4479.857143,33838.324263,0.0,33838.324263,0.0
49,C-XXXXX,item:268091,12817.8,12817.8,12817.8,0.0,21429.144172
50,C-XXXXX,item:268967,4479.857143,38318.181406,5200.0,33118.181406,5200.0
50,C-XXXXX,item:268091,12817.8,12817.8,8611.344172,4206.455828,8611.344172
51,C-XXXXX,item:268967,4479.857143,37598.038549,5200.0,32398.038549,5200.0
51,C-XXXXX,item:268091,12817.8,17024.255828,12709.338299,4314.917528,12709.338299
52,C-XXXXX,item:268967,4479.857143,36877.895692,0.0,36877.895692,0.0
52,C-XXXXX,item:268091,12817.8,17132.717528,6354.28461,10778.432918,6354.28461
53,C-XXXXX,item:268967,4479.857143,41357.752835,10154.306562,31203.446274,10154.306562
53,C-XXXXX,item:268091,12817.8,23596.232918,11900.0,11696.232918,11900.0
54,C-XXXXX,item:268967,4479.857143,35683.303417,0.0,35683.303417,0.0
54,C-XXXXX,item:268091,12817.8,24514.032918,0.0,24514.032918,0.0
55,C-XXXXX,item:268967,4479.857143,40163.16056,5200.0,34963.16056,5200.0
55,C-XXXXX,item:268091,12817.8,37331.832918,23425.096922,13906.735996,23425.096922
56,C-XXXXX,item:268967,6558.714286,41521.874846,9058.399765,32463.475081,9058.399765
56,C-XXXXX,item:268091,12234.085714,26140.82171,0.0,26140.82171,0.0
57,C-XXXXX,item:268967,6558.714286,39022.189367,4498.83512,34523.354247,4498.83512
57,C-XXXXX,item:268091,12234.085714,38374.907424,0.0,38374.907424,0.0
58,C-XXXXX,item:268967,6558.714286,41082.068533,19360.625229,21721.443304,19360.625229
58,C-XXXXX,item:268091,12234.085714,50608.993138,11900.0,38708.993138,11900.0
59,C-XXXXX,item:268967,6558.714286,28280.15759,0.0,28280.15759,0.0
59,C-XXXXX,item:268091,12234.085714,50943.078852,11900.0,39043.078852,11900.0
60,C-XXXXX,item:268967,6558.714286,34838.871876,4479.887508,30358.984368,4479.887508
60,C-XXXXX,item:268091,12234.085714,51277.164566,0.0,51277.164566,0.0
61,C-XXXXX,item:268967,6558.714286,36917.698654,0.0,36917.698654,0.0
61,C-XXXXX,item:268091,12234.085714,63511.25028,0.0,63511.25028,0.0
62,C-XXXXX,item:268967,6558.714286,43476.41294,0.0,43476.41294,0.0
62,C-XXXXX,item:268091,12234.085714,75745.335994,0.0,75745.335994,0.0
63,C-XXXXX,item:268967,4026.0,47502.41294,10400.0,37102.41294,10400.0
63,C-XXXXX,item:268091,10193.4,85938.735994,47600.0,38338.735994,47600.0
64,C-XXXXX,item:268967,4026.0,41128.41294,5200.0,35928.41294,5200.0
64,C-XXXXX,item:268091,10193.4,48532.135994,23800.0,24732.135994,23800.0
65,C-XXXXX,item:268967,4026.0,39954.41294,5200.0,34754.41294,5200.0
65,C-XXXXX,item:268091,10193.4,34925.535994,0.0,34925.535994,0.0
66,C-XXXXX,item:268967,4026.0,38780.41294,5200.0,33580.41294,5200.0
66,C-XXXXX,item:268091,10193.4,45118.935994,45118.935994,0.0,46301.538637
67,C-XXXXX,item:268967,4026.0,37606.41294,0.0,37606.41294,0.0
67,C-XXXXX,item:268091,10193.4,10193.4,1182.602643,9010.797357,1182.602643
68,C-XXXXX,item:268967,4026.0,41632.41294,4532.537535,37099.875405,4532.537535
68,C-XXXXX,item:268091,10193.4,19204.197357,0.0,19204.197357,0.0
69,C-XXXXX,item:268967,4026.0,41125.875405,4127.307507,36998.567898,4127.307507
69,C-XXXXX,item:268091,10193.4,29397.597357,0.0,29397.597357,0.0
70,C-XXXXX,item:268967,6180.857143,43179.425041,0.0,43179.425041,0.0
70,C-XXXXX,item:268091,8601.428571,37999.025928,10275.027727,27723.998201,10275.027727
71,C-XXXXX,item:268967,6180.857143,49360.282184,5200.0,44160.282184,5200.0
71,C-XXXXX,item:268091,8601.428571,36325.426772,36325.426772,0.0,40793.974281
72,C-XXXXX,item:268967,6180.857143,50341.139327,8073.071961,42268.067365,8073.071961
72,C-XXXXX,item:268091,8601.428571,8601.428571,4468.547509,4132.881062,4468.547509
73,C-XXXXX,item:268967,6180.857143,48448.924508,0.0,48448.924508,0.0
73,C-XXXXX,item:268091,8601.428571,12734.309633,0.0,12734.309633,0.0
74,C-XXXXX,item:268967,6180.857143,54629.781651,4030.0523,50599.729351,4030.0523
74,C-XXXXX,item:268091,8601.428571,21335.738204,0.0,21335.738204,0.0
75,C-XXXXX,item:268967,6180.857143,56780.586494,18452.19451,38328.391983,18452.19451
75,C-XXXXX,item:268091,8601.428571,29937.166775,0.0,29937.166775,0.0
76,C-XXXXX,item:268967,6180.857143,44509.249126,0.0,44509.249126,0.0
76,C-XXXXX,item:268091,8601.428571,38538.595346,0.0,38538.595346,0.0
77,C-XXXXX,item:268967,4676.428571,49185.677697,10400.0,38785.677697,10400.0
77,C-XXXXX,item:268091,10428.171429,48966.766775,0.0,48966.766775,0.0
78,C-XXXXX,item:268967,4676.428571,43462.106268,0.0,43462.106268,0.0
78,C-XXXXX,item:268091,10428.171429,59394.938204,44996.502993,14398.435211,44996.502993
79,C-XXXXX,item:268967,4676.428571,48138.534839,0.0,48138.534839,0.0
79,C-XXXXX,item:268091,10428.171429,24826.60664,0.0,24826.60664,0.0
80,C-XXXXX,item:268967,4676.428571,52814.96341,5200.0,47614.96341,5200.0
80,C-XXXXX,item:268091,10428.171429,35254.778069,0.0,35254.778069,0.0
81,C-XXXXX,item:268967,4676.428571,52291.391981,10400.0,41891.391981,10400.0
81,C-XXXXX,item:268091,10428.171429,45682.949498,10355.10253,35327.846968,10355.10253
82,C-XXXXX,item:268967,4676.428571,46567.820552,0.0,46567.820552,0.0
82,C-XXXXX,item:268091,10428.171429,45756.018397,35867.744351,9888.274047,35867.744351
83,C-XXXXX,item:268967,4676.428571,51244.249123,0.0,51244.249123,0.0
83,C-XXXXX,item:268091,10428.171429,20316.445476,10427.586878,9888.858598,10427.586878
84,C-XXXXX,item:268967,4502.571429,55746.820552,0.0,55746.820552,0.0
84,C-XXXXX,item:268091,11072.571429,20961.430027,0.0,20961.430027,0.0
85,C-XXXXX,item:268967,4502.571429,60249.391981,9355.360465,50894.031516,9355.360465
85,C-XXXXX,item:268091,11072.571429,32034.001456,10428.054519,21605.946937,10428.054519
86,C-XXXXX,item:268967,4502.571429,55396.602945,0.0,55396.602945,0.0
86,C-XXXXX,item:268091,11072.571429,32678.518366,0.0,32678.518366,0.0
87,C-XXXXX,item:268967,4502.571429,59899.174374,23755.734965,36143.439409,23755.734965
87,C-XXXXX,item:268091,11072.571429,43751.089795,10413.557649,33337.532146,10413.557649
88,C-XXXXX,item:268967,4502.571429,40646.010838,0.0,40646.010838,0.0
88,C-XXXXX,item:268091,11072.571429,44410.103575,10428.148047,33981.955528,10428.148047
89,C-XXXXX,item:268967,4502.571429,45148.582267,13550.835634,31597.746633,13550.835634
89,C-XXXXX,item:268091,11072.571429,45054.526957,43483.145961,1571.380996,43483.145961
90,C-XXXXX,item:268967,4502.571429,36100.318062,0.0,36100.318062,0.0
90,C-XXXXX,item:268091,11072.571429,12643.952425,0.0,12643.952425,0.0
91,C-XXXXX,item:268967,4836.142857,40936.460919,0.0,40936.460919,0.0
91,C-XXXXX,item:268091,8007.042857,20650.995282,0.0,20650.995282,0.0
92,C-XXXXX,item:268967,4836.142857,45772.603776,9005.476701,36767.127076,9005.476701
92,C-XXXXX,item:268091,8007.042857,28658.038139,11071.540352,17586.497787,11071.540352
93,C-XXXXX,item:268967,4836.142857,41603.269933,0.0,41603.269933,0.0
93,C-XXXXX,item:268091,8007.042857,25593.540644,0.0,25593.540644,0.0
94,C-XXXXX,item:268967,4836.142857,46439.41279,0.0,46439.41279,0.0
94,C-XXXXX,item:268091,8007.042857,33600.583501,22144.895399,11455.688102,22144.895399
95,C-XXXXX,item:268967,4836.142857,51275.555647,9005.156212,42270.399435,9005.156212
95,C-XXXXX,item:268091,8007.042857,19462.730959,0.0,19462.730959,0.0
96,C-XXXXX,item:268967,4836.142857,47106.542292,4769.429017,42337.113275,4769.429017
96,C-XXXXX,item:268091,8007.042857,27469.773816,0.0,27469.773816,0.0
97,C-XXXXX,item:268967,4836.142857,47173.256132,0.0,47173.256132,0.0
97,C-XXXXX,item:268091,8007.042857,35476.816673,0.0,35476.816673,0.0
98,C-XXXXX,item:268967,5487.428571,52660.684703,0.0,52660.684703,0.0
98,C-XXXXX,item:268091,6075.9,41552.716673,35853.940792,5698.775881,35853.940792
99,C-XXXXX,item:268967,5487.428571,58148.113274,9656.274392,48491.838882,9656.274392
99,C-XXXXX,item:268091,6075.9,11774.675881,8011.94769,3762.728192,8011.94769
100,C-XXXXX,item:268967,5487.428571,53979.267453,4835.609146,49143.658307,4835.609146
100,C-XXXXX,item:268091,6075.9,9838.628192,0.0,9838.628192,0.0
101,C-XXXXX,item:268967,5487.428571,54631.086878,14508.296211,40122.790667,14508.296211
101,C-XXXXX,item:268091,6075.9,15914.528192,0.0,15914.528192,0.0
102,C-XXXXX,item:268967,5487.428571,45610.219238,0.0,45610.219238,0.0
102,C-XXXXX,item:268091,6075.9,21990.428192,21990.428192,0.0,24022.344969
103,C-XXXXX,item:268967,5487.428571,51097.647809,0.0,51097.647809,0.0
103,C-XXXXX,item:268091,6075.9,6075.9,6075.9,0.0,8494.053197
104,C-XXXXX,item:268967,5487.428571,56585.07638,0.0,56585.07638,0.0
104,C-XXXXX,item:268091,6075.9,6075.9,2418.153197,3657.746803,2418.153197
105,C-XXXXX,item:268967,0.0,56585.07638,0.0,56585.07638,0.0
105,C-XXXXX,item:268091,11728.028571,15385.775374,12170.339348,3215.436026,12170.339348
106,C-XXXXX,item:268967,0.0,56585.07638,15600.0,40985.07638,15600.0
106,C-XXXXX,item:268091,11728.028571,14943.464597,6076.517978,8866.946619,6076.517978
107,C-XXXXX,item:268967,0.0,40985.07638,15600.0,25385.07638,15600.0
107,C-XXXXX,item:268091,11728.028571,20594.97519,0.0,20594.97519,0.0
108,C-XXXXX,item:268967,0.0,25385.07638,5419.496809,19965.579571,5419.496809
108,C-XXXXX,item:268091,11728.028571,32323.003761,28902.703399,3420.300361,28902.703399
109,C-XXXXX,item:268967,0.0,19965.579571,1097.484047,18868.095524,1097.484047
109,C-XXXXX,item:268091,11728.028571,15148.328932,0.0,15148.328932,0.0
110,C-XXXXX,item:268967,0.0,18868.095524,0.0,18868.095524,0.0
110,C-XXXXX,item:268091,11728.028571,26876.357503,0.0,26876.357503,0.0
111,C-XXXXX,item:268967,0.0,18868.095524,0.0,18868.095524,0.0
111,C-XXXXX,item:268091,11728.028571,38604.386074,0.0,38604.386074,0.0
112,C-XXXXX,item:268967,0.0,18868.095524,43.899362,18824.196162,43.899362
112,C-XXXXX,item:268091,7950.085714,46554.471788,11682.81174,34871.660048,11682.81174
113,C-XXXXX,item:268967,0.0,18824.196162,1.755974,18822.440187,1.755974
113,C-XXXXX,item:268091,7950.085714,42821.745762,11718.985205,31102.760557,11718.985205
114,C-XXXXX,item:268967,0.0,18822.440187,0.0,18822.440187,0.0
114,C-XXXXX,item:268091,7950.085714,39052.846271,34955.831151,4097.01512,34955.831151
115,C-XXXXX,item:268967,0.0,18822.440187,0.0,18822.440187,0.0
115,C-XXXXX,item:268091,7950.085714,12047.100834,0.0,12047.100834,0.0
116,C-XXXXX,item:268967,0.0,18822.440187,9.131067,18813.30912,9.131067
116,C-XXXXX,item:268091,7950.085714,19997.186548,11727.956224,8269.230324,11727.956224
117,C-XXXXX,item:268967,0.0,18813.30912,0.014048,18813.295072,0.014048
117,C-XXXXX,item:268091,7950.085714,16219.316038,0.0,16219.316038,0.0
118,C-XXXXX,item:268967,0.0,18813.295072,0.000112,18813.29496,0.000112
118,C-XXXXX,item:268091,7950.085714,24169.401752,24169.401752,0.0,24787.169028
119,C-XXXXX,item:268967,0.0,18813.29496,0.0,18813.29496,0.0
119,C-XXXXX,item:268091,3843.771429,3843.771429,617.767276,3226.004153,617.767276
120,C-XXXXX,item:268967,0.0,18813.29496,0.003371,18813.291588,0.003371
120,C-XXXXX,item:268091,3843.771429,7069.775582,0.0,7069.775582,0.0
121,C-XXXXX,item:268967,0.0,18813.291588,0.0,18813.291588,0.0
121,C-XXXXX,item:268091,3843.771429,10913.547011,10913.547011,0.0,15901.62213
122,C-XXXXX,item:268967,0.0,18813.291588,0.070239,18813.221349,0.070239
122,C-XXXXX,item:268091,3843.771429,3843.771429,3843.771429,0.0,20894.339497
123,C-XXXXX,item:268967,0.0,18813.221349,5e-06,18813.221344,5e-06
123,C-XXXXX,item:268091,3843.771429,3843.771429,3843.771429,0.0,17050.568068
124,C-XXXXX,item:268967,0.0,18813.221344,2.3e-05,18813.221321,2.3e-05
124,C-XXXXX,item:268091,3843.771429,3843.771429,3843.771429,0.0,13206.796639
125,C-XXXXX,item:268967,0.0,18813.221321,0.0,18813.221321,0.0
125,C-XXXXX,item:268091,3843.771429,3843.771429,3843.771429,0.0,9363.02521
126,C-XXXXX,item:268967,4982.714286,23795.935607,0.0,23795.935607,0.0
126,C-XXXXX,item:268091,4025.314286,4025.314286,4025.314286,0.0,5519.253781
127,C-XXXXX,item:268967,4982.714286,28778.649893,0.0,28778.649893,0.0
127,C-XXXXX,item:268091,4025.314286,4025.314286,4025.314286,0.0,16200.971922
128,C-XXXXX,item:268967,4982.714286,33761.364179,0.0,33761.364179,0.0
128,C-XXXXX,item:268091,4025.314286,4025.314286,4025.314286,0.0,12175.657636
129,C-XXXXX,item:268967,4982.714286,38744.078465,0.0,38744.078465,0.0
129,C-XXXXX,item:268091,4025.314286,4025.314286,4025.314286,0.0,15980.828669
130,C-XXXXX,item:268967,4982.714286,43726.792751,0.0,43726.792751,0.0
130,C-XXXXX,item:268091,4025.314286,4025.314286,4025.314286,0.0,15789.736544
131,C-XXXXX,item:268967,4982.714286,48709.507037,3986.171429,44723.335609,3986.171429
131,C-XXXXX,item:268091,4025.314286,4025.314286,4025.314286,0.0,15560.447345
132,C-XXXXX,item:268967,4982.714286,49706.049895,0.0,49706.049895,0.0
132,C-XXXXX,item:268091,4025.314286,4025.314286,4025.314286,0.0,15553.109237
133,C-XXXXX,item:268967,8004.571429,57710.621324,9726.258286,47984.363037,9726.258286
133,C-XXXXX,item:268091,9276.171429,9276.171429,9276.171429,0.0,11527.794951
134,C-XXXXX,item:268967,8004.571429,55988.934466,0.0,55988.934466,0.0
134,C-XXXXX,item:268091,9276.171429,9276.171429,2251.623522,7024.547907,2251.623522
135,C-XXXXX,item:268967,8004.571429,63993.505895,4982.395392,59011.110503,4982.395392
135,C-XXXXX,item:268091,9276.171429,16300.719336,12074.123007,4226.596329,12074.123007
136,C-XXXXX,item:268967,8004.571429,67015.681932,9957.39245,57058.289482,9957.39245
136,C-XXXXX,item:268091,9276.171429,13502.767758,0.0,13502.767758,0.0
137,C-XXXXX,item:268967,8004.571429,65062.860911,0.0,65062.860911,0.0
137,C-XXXXX,item:268091,9276.171429,22778.939187,4025.311938,18753.627249,4025.311938
138,C-XXXXX,item:268967,8004.571429,73067.43234,10181.119817,62886.312522,10181.119817
138,C-XXXXX,item:268091,9276.171429,28029.798678,0.0,28029.798678,0.0
139,C-XXXXX,item:268967,8004.571429,70890.883951,0.0,70890.883951,0.0
139,C-XXXXX,item:268091,9276.171429,37305.970107,0.0,37305.970107,0.0
140,C-XXXXX,item:268967,3321.285714,74212.169665,5200.0,69012.169665,5200.0
140,C-XXXXX,item:268091,9294.042857,46600.012964,18300.301602,28299.711362,18300.301602
141,C-XXXXX,item:268967,3321.285714,72333.455379,10400.0,61933.455379,10400.0
141,C-XXXXX,item:268091,9294.042857,37593.754219,0.0,37593.754219,0.0
142,C-XXXXX,item:268967,3321.285714,65254.741093,5200.0,60054.741093,5200.0
142,C-XXXXX,item:268091,9294.042857,46887.797076,4025.302545,42862.494531,4025.302545
143,C-XXXXX,item:268967,3321.285714,63376.026807,0.0,63376.026807,0.0
143,C-XXXXX,item:268091,9294.042857,52156.537388,36044.364957,16112.172431,36044.364957
144,C-XXXXX,item:268967,3321.285714,66697.312521,0.0,66697.312521,0.0
144,C-XXXXX,item:268091,9294.042857,25406.215288,9275.835374,16130.379914,9275.835374
145,C-XXXXX,item:268967,3321.285714,70018.598235,12848.999998,57169.598237,12848.999998
145,C-XXXXX,item:268091,9294.042857,25424.422771,9290.455129,16133.967642,9290.455129
146,C-XXXXX,item:268967,3321.285714,60490.883951,0.0,60490.883951,0.0
146,C-XXXXX,item:268091,9294.042857,25428.010499,9293.325311,16134.685188,9293.325311
147,C-XXXXX,item:268967,0.0,60490.883951,8270.071122,52220.812829,8270.071122
147,C-XXXXX,item:268091,10001.7,26136.385188,0.0,26136.385188,0.0
148,C-XXXXX,item:268967,0.0,52220.812829,0.0,52220.812829,0.0
148,C-XXXXX,item:268091,10001.7,36138.085188,9294.037117,26844.048071,9294.037117
149,C-XXXXX,item:268967,0.0,52220.812829,3319.890057,48900.922772,3319.890057
149,C-XXXXX,item:268091,10001.7,36845.748071,27881.955212,8963.792859,27881.955212
150,C-XXXXX,item:268967,0.0,48900.922772,6607.400868,42293.521904,6607.400868
150,C-XXXXX,item:268091,10001.7,18965.492859,0.0,18965.492859,0.0
151,C-XXXXX,item:268967,0.0,42293.521904,0.0,42293.521904,0.0
151,C-XXXXX,item:268091,10001.7,28967.192859,9294.042627,19673.150232,9294.042627
152,C-XXXXX,item:268967,0.0,42293.521904,3321.229888,38972.292017,3321.229888
152,C-XXXXX,item:268091,10001.7,29674.850232,0.0,29674.850232,0.0
153,C-XXXXX,item:268967,0.0,38972.292017,0.0,38972.292017,0.0
153,C-XXXXX,item:268091,10001.7,39676.550232,0.0,39676.550232,0.0
154,C-XXXXX,item:268967,2666.714286,41639.006303,823.665012,40815.341291,823.665012
154,C-XXXXX,item:268091,8318.185714,47994.735946,39858.248564,8136.487381,39858.248564
155,C-XXXXX,item:268967,2666.714286,43482.055577,0.0,43482.055577,0.0
155,C-XXXXX,item:268091,8318.185714,16454.673095,9973.393705,6481.27939,9973.393705
156,C-XXXXX,item:268967,2666.714286,46148.769863,0.0,46148.769863,0.0
156,C-XXXXX,item:268091,8318.185714,14799.465104,0.0,14799.465104,0.0
157,C-XXXXX,item:268967,2666.714286,48815.484149,0.0,48815.484149,0.0
157,C-XXXXX,item:268091,8318.185714,23117.650818,0.0,23117.650818,0.0
158,C-XXXXX,item:268967,2666.714286,51482.198435,2560.047415,48922.15102,2560.047415
158,C-XXXXX,item:268091,8318.185714,31435.836532,0.0,31435.836532,0.0
159,C-XXXXX,item:268967,2666.714286,51588.865306,2140.011763,49448.853543,2140.011763
159,C-XXXXX,item:268091,8318.185714,39754.022246,0.0,39754.022246,0.0
160,C-XXXXX,item:268967,2666.714286,52115.567829,0.0,52115.567829,0.0
160,C-XXXXX,item:268091,8318.185714,48072.20796,28658.232412,19413.975549,28658.232412
161,C-XXXXX,item:268967,6961.0,59076.567829,0.0,59076.567829,0.0
161,C-XXXXX,item:268091,6261.171429,25675.146978,0.0,25675.146978,0.0
162,C-XXXXX,item:268967,6961.0,66037.567829,7973.689474,58063.878355,7973.689474
162,C-XXXXX,item:268091,6261.171429,31936.318407,8385.525923,23550.792483,8385.525923
163,C-XXXXX,item:268967,6961.0,65024.878355,2666.543619,62358.334736,2666.543619
163,C-XXXXX,item:268091,6261.171429,29811.963912,0.0,29811.963912,0.0
164,C-XXXXX,item:268967,6961.0,69319.334736,0.0,69319.334736,0.0
164,C-XXXXX,item:268091,6261.171429,36073.135341,33286.878913,2786.256429,33286.878913
165,C-XXXXX,item:268967,6961.0,76280.334736,0.0,76280.334736,0.0
165,C-XXXXX,item:268091,6261.171429,9047.427858,0.0,9047.427858,0.0
166,C-XXXXX,item:268967,6961.0,83241.334736,7866.680153,75374.654583,7866.680153
166,C-XXXXX,item:268091,6261.171429,15308.599287,15308.599287,0.0,20446.483415
167,C-XXXXX,item:268967,6961.0,82335.654583,5200.0,77135.654583,5200.0
167,C-XXXXX,item:268091,6261.171429,6261.171429,6261.171429,0.0,11237.426371
168,C-XXXXX,item:268967,23686.142857,100821.79744,10400.0,90421.79744,10400.0
168,C-XXXXX,item:268091,9792.128571,9792.128571,4976.254942,4815.873629,4976.254942
169,C-XXXXX,item:268967,23686.142857,114107.940297,0.0,114107.940297,0.0
169,C-XXXXX,item:268091,9792.128571,14608.0022,0.0,14608.0022,0.0
170,C-XXXXX,item:268967,23686.142857,137794.083154,10400.0,127394.083154,10400.0
170,C-XXXXX,item:268091,9792.128571,24400.130771,0.0,24400.130771,0.0
171,C-XXXXX,item:268967,23686.142857,151080.226011,0.0,151080.226011,0.0
171,C-XXXXX,item:268091,9792.128571,34192.259342,6260.912822,27931.34652,6260.912822
172,C-XXXXX,item:268967,23686.142857,174766.368868,0.0,174766.368868,0.0
172,C-XXXXX,item:268091,9792.128571,37723.475091,12483.551853,25239.923238,12483.551853
173,C-XXXXX,item:268967,23686.142857,198452.511725,5200.0,193252.511725,5200.0
173,C-XXXXX,item:268091,9792.128571,35032.051809,15345.763817,19686.287992,15345.763817
174,C-XXXXX,item:268967,23686.142857,216938.654582,15600.0,201338.654582,15600.0
174,C-XXXXX,item:268091,9792.128571,29478.416563,9650.879941,19827.536622,9650.879941
175,C-XXXXX,item:268967,1016.285714,202354.940296,0.0,202354.940296,0.0
175,C-XXXXX,item:268091,12071.185714,31898.722336,0.0,31898.722336,0.0
176,C-XXXXX,item:268967,1016.285714,203371.22601,0.0,203371.22601,0.0
176,C-XXXXX,item:268091,12071.185714,43969.90805,9791.902573,34178.005477,9791.902573
177,C-XXXXX,item:268967,1016.285714,204387.511724,15600.0,188787.511724,15600.0
177,C-XXXXX,item:268091,12071.185714,46249.191191,0.0,46249.191191,0.0
178,C-XXXXX,item:268967,1016.285714,189803.797438,0.0,189803.797438,0.0
178,C-XXXXX,item:268091,12071.185714,58320.376905,29341.356053,28979.020852,29341.356053
179,C-XXXXX,item:268967,1016.285714,190820.083152,5200.0,185620.083152,5200.0
179,C-XXXXX,item:268091,12071.185714,41050.206566,9792.083371,31258.123194,9792.083371
180,C-XXXXX,item:268967,1016.285714,186636.368866,0.0,186636.368866,0.0
180,C-XXXXX,item:268091,12071.185714,43329.308908,23515.365245,19813.943663,23515.365245
181,C-XXXXX,item:268967,1016.285714,187652.65458,0.0,187652.65458,0.0
181,C-XXXXX,item:268091,12071.185714,31885.129377,0.0,31885.129377,0.0
182,C-XXXXX,item:268967,499.571429,188152.226009,2340.000001,185812.226008,2340.000001
182,C-XXXXX,item:268091,7977.214286,39862.343663,0.0,39862.343663,0.0
183,C-XXXXX,item:268967,499.571429,186311.797437,4969.375435,181342.422002,4969.375435
183,C-XXXXX,item:268091,7977.214286,47839.557949,0.0,47839.557949,0.0
184,C-XXXXX,item:268967,499.571429,181841.993431,0.0,181841.993431,0.0
184,C-XXXXX,item:268091,7977.214286,55816.772235,23800.0,32016.772235,23800.0
185,C-XXXXX,item:268967,499.571429,182341.56486,861.234285,181480.330574,861.234285
185,C-XXXXX,item:268091,7977.214286,39993.986521,0.0,39993.986521,0.0
186,C-XXXXX,item:268967,499.571429,181979.902003,1612.749861,180367.152143,1612.749861
186,C-XXXXX,item:268091,7977.214286,47971.200807,31940.971976,16030.228831,31940.971976
187,C-XXXXX,item:268967,499.571429,180866.723572,0.0,180866.723572,0.0
187,C-XXXXX,item:268091,7977.214286,24007.443117,20696.002737,3311.44038,20696.002737
188,C-XXXXX,item:268967,499.571429,181366.295001,2019.13671,179347.158291,2019.13671
188,C-XXXXX,item:268091,7977.214286,11288.654666,0.0,11288.654666,0.0
189,C-XXXXX,item:268967,1761.142857,181108.301148,520.190384,180588.110764,520.190384
189,C-XXXXX,item:268091,9480.342857,20768.997523,0.0,20768.997523,0.0
190,C-XXXXX,item:268967,1761.142857,182349.253621,0.0,182349.253621,0.0
190,C-XXXXX,item:268091,9480.342857,30249.34038,23972.254765,6277.085615,23972.254765
191,C-XXXXX,item:268967,1761.142857,184110.396478,0.0,184110.396478,0.0
191,C-XXXXX,item:268091,9480.342857,15757.428472,7977.266688,7780.161783,7977.266688
192,C-XXXXX,item:268967,1761.142857,185871.539335,2008.566272,183862.973063,2008.566272
192,C-XXXXX,item:268091,9480.342857,17260.50464,7977.476298,9283.028342,7977.476298
193,C-XXXXX,item:268967,1761.142857,185624.11592,499.604419,185124.511501,499.604419
193,C-XXXXX,item:268091,9480.342857,18763.371199,0.0,18763.371199,0.0
194,C-XXXXX,item:268967,1761.142857,186885.654358,499.578027,186386.076331,499.578027
194,C-XXXXX,item:268091,9480.342857,28243.714056,9420.21981,18823.494245,9420.21981
195,C-XXXXX,item:268967,1761.142857,188147.219188,1710.680264,186436.538924,1710.680264
195,C-XXXXX,item:268091,9480.342857,28303.837102,18948.18012,9355.656982,18948.18012
196,C-XXXXX,item:268967,5324.142857,191760.681781,0.0,191760.681781,0.0
196,C-XXXXX,item:268091,6482.957143,15838.614125,0.0,15838.614125,0.0
197,C-XXXXX,item:268967,5324.142857,197084.824638,0.0,197084.824638,0.0
197,C-XXXXX,item:268091,6482.957143,22321.571268,9179.727623,13141.843645,9179.727623
198,C-XXXXX,item:268967,5324.142857,202408.967495,0.0,202408.967495,0.0
198,C-XXXXX,item:268091,6482.957143,19624.800788,18958.261553,666.539235,18958.261553
199,C-XXXXX,item:268967,5324.142857,207733.110352,3519.86351,204213.246843,3519.86351
199,C-XXXXX,item:268091,6482.957143,7149.496378,0.0,7149.496378,0.0
200,C-XXXXX,item:268967,5324.142857,209537.3897,0.0,209537.3897,0.0
200,C-XXXXX,item:268091,6482.957143,13632.453521,9480.24666,4152.206861,9480.24666
201,C-XXXXX,item:268967,5324.142857,214861.532557,1761.126709,213100.405848,1761.126709
201,C-XXXXX,item:268091,6482.957143,10635.164004,6602.851802,4032.312202,6602.851802
202,C-XXXXX,item:268967,5324.142857,218424.548705,8123.652083,210300.896622,8123.652083
202,C-XXXXX,item:268091,6482.957143,10515.269345,10515.269345,0.0,13589.366513
203,C-XXXXX,item:268967,10668.428571,220969.325193,0.0,220969.325193,0.0
203,C-XXXXX,item:268091,12498.557143,12498.557143,3074.097168,9424.459975,3074.097168
204,C-XXXXX,item:268967,10668.428571,231637.753764,15581.622211,216056.131553,15581.622211
204,C-XXXXX,item:268091,12498.557143,21923.017118,12971.66923,8951.347889,12971.66923
205,C-XXXXX,item:268967,10668.428571,226724.560124,10400.0,216324.560124,10400.0
205,C-XXXXX,item:268091,12498.557143,21449.905032,0.0,21449.905032,0.0
206,C-XXXXX,item:268967,10668.428571,226992.988695,0.0,226992.988695,0.0
206,C-XXXXX,item:268091,12498.557143,33948.462175,12966.144484,20982.317691,12966.144484
207,C-XXXXX,item:268967,10668.428571,237661.417266,0.0,237661.417266,0.0
207,C-XXXXX,item:268091,12498.557143,33480.874834,23195.444816,10285.430018,23195.444816
208,C-XXXXX,item:268967,10668.428571,248329.845837,5200.0,243129.845837,5200.0
208,C-XXXXX,item:268091,12498.557143,22783.987161,0.0,22783.987161,0.0
209,C-XXXXX,item:268967,10668.428571,253798.274408,5200.0,248598.274408,5200.0
209,C-XXXXX,item:268091,12498.557143,35282.544304,0.0,35282.544304,0.0
210,C-XXXXX,item:268967,8833.0,257431.274408,5200.0,252231.274408,5200.0
210,C-XXXXX,item:268091,6918.814286,42201.35859,0.0,42201.35859,0.0
211,C-XXXXX,item:268967,8833.0,261064.274408,15600.0,245464.274408,15600.0
211,C-XXXXX,item:268091,6918.814286,49120.172876,23800.0,25320.172876,23800.0
212,C-XXXXX,item:268967,8833.0,254297.274408,0.0,254297.274408,0.0
212,C-XXXXX,item:268091,6918.814286,32238.987162,0.0,32238.987162,0.0
213,C-XXXXX,item:268967,8833.0,263130.274408,0.0,263130.274408,0.0
213,C-XXXXX,item:268091,6918.814286,39157.801448,0.0,39157.801448,0.0
214,C-XXXXX,item:268967,8833.0,271963.274408,10400.0,261563.274408,10400.0
214,C-XXXXX,item:268091,6918.814286,46076.615734,23800.0,22276.615734,23800.0
215,C-XXXXX,item:268967,8833.0,270396.274408,10400.0,259996.274408,10400.0
215,C-XXXXX,item:268091,6918.814286,29195.43002,19934.747458,9260.682562,19934.747458
216,C-XXXXX,item:268967,8833.0,268829.274408,5200.0,263629.274408,5200.0
216,C-XXXXX,item:268091,6918.814286,16179.496848,14105.452533,2074.044315,14105.452533
217,C-XXXXX,item:268967,1182.428571,264811.702979,0.0,264811.702979,0.0
217,C-XXXXX,item:268091,3571.071429,5645.115744,0.0,5645.115744,0.0
218,C-XXXXX,item:268967,1182.428571,265994.13155,5200.0,260794.13155,5200.0
218,C-XXXXX,item:268091,3571.071429,9216.187173,0.0,9216.187173,0.0
219,C-XXXXX,item:268967,1182.428571,261976.560121,0.0,261976.560121,0.0
219,C-XXXXX,item:268091,3571.071429,12787.258602,12787.258602,0.0,13839.485485
220,C-XXXXX,item:268967,1182.428571,263158.988692,5200.0,257958.988692,5200.0
220,C-XXXXX,item:268091,3571.071429,3571.071429,1052.226883,2518.844546,1052.226883
221,C-XXXXX,item:268967,1182.428571,259141.417263,0.0,259141.417263,0.0
221,C-XXXXX,item:268091,3571.071429,6089.915975,6089.915975,0.0,6919.171385
222,C-XXXXX,item:268967,1182.428571,260323.845834,10400.0,249923.845834,10400.0
222,C-XXXXX,item:268091,3571.071429,3571.071429,829.255409,2741.81602,829.255409
223,C-XXXXX,item:268967,1182.428571,251106.274405,0.0,251106.274405,0.0
223,C-XXXXX,item:268091,3571.071429,6312.887449,6312.887449,0.0,14587.31416
224,C-XXXXX,item:268967,858.571429,251964.845834,0.0,251964.845834,0.0
224,C-XXXXX,item:268091,4607.871429,4607.871429,4607.871429,0.0,21103.06231
225,C-XXXXX,item:268967,858.571429,252823.417263,6820.142046,246003.275217,6820.142046
225,C-XXXXX,item:268091,4607.871429,4607.871429,4607.871429,0.0,16495.190881
226,C-XXXXX,item:268967,858.571429,246861.846646,2361.871588,244499.975058,2361.871588
226,C-XXXXX,item:268091,4607.871429,4607.871429,4607.871429,0.0,11887.319452
227,C-XXXXX,item:268967,858.571429,245358.546487,0.0,245358.546487,0.0
227,C-XXXXX,item:268091,4607.871429,4607.871429,4607.871429,0.0,7279.448023
228,C-XXXXX,item:268967,858.571429,246217.117916,0.0,246217.117916,0.0
228,C-XXXXX,item:268091,4607.871429,4607.871429,2671.576594,1936.294835,2671.576594
229,C-XXXXX,item:268967,858.571429,247075.689345,0.0,247075.689345,0.0
229,C-XXXXX,item:268091,4607.871429,6544.166264,6544.166264,0.0,8966.635914
230,C-XXXXX,item:268967,858.571429,247934.260774,0.0,247934.260774,0.0
230,C-XXXXX,item:268091,4607.871429,4607.871429,4607.871429,0.0,5992.395477
231,C-XXXXX,item:268967,3395.428571,251329.689345,2653.837954,248675.851391,2653.837954
231,C-XXXXX,item:268091,4780.028571,4780.028571,4780.028571,0.0,5984.091913
232,C-XXXXX,item:268967,3395.428571,252071.279962,0.0,252071.279962,0.0
232,C-XXXXX,item:268091,4780.028571,4780.028571,1204.063342,3575.965229,1204.063342
233,C-XXXXX,item:268967,3395.428571,255466.708533,861.158305,254605.550228,861.158305
233,C-XXXXX,item:268091,4780.028571,8355.9938,8355.9938,0.0,9213.750002
234,C-XXXXX,item:268967,3395.428571,258000.978799,0.0,258000.978799,0.0
234,C-XXXXX,item:268091,4780.028571,4780.028571,4780.028571,0.0,10073.419346
235,C-XXXXX,item:268967,3395.428571,261396.40737,1717.167692,259679.239678,1717.167692
235,C-XXXXX,item:268091,4780.028571,4780.028571,4780.028571,0.0,5293.390775
236,C-XXXXX,item:268967,3395.428571,263074.668249,3746.732874,259327.935374,3746.732874
236,C-XXXXX,item:268091,4780.028571,4780.028571,513.362204,4266.666367,513.362204
237,C-XXXXX,item:268967,3395.428571,262723.363945,0.0,262723.363945,0.0
237,C-XXXXX,item:268091,4780.028571,9046.694938,9046.694938,0.0,9518.736239
238,C-XXXXX,item:268967,11101.714286,273825.078231,0.0,273825.078231,0.0
238,C-XXXXX,item:268091,10149.171429,10149.171429,5251.794399,4897.37703,5251.794399
239,C-XXXXX,item:268967,11101.714286,284926.792517,6669.088198,278257.704319,6669.088198
239,C-XXXXX,item:268091,10149.171429,15046.548459,0.0,15046.548459,0.0
240,C-XXXXX,item:268967,11101.714286,289359.418605,6786.635819,282572.782787,6786.635819
240,C-XXXXX,item:268091,10149.171429,25195.719888,23413.984653,1781.735235,23413.984653
241,C-XXXXX,item:268967,11101.714286,293674.497073,0.0,293674.497073,0.0
241,C-XXXXX,item:268091,10149.171429,11930.906664,0.0,11930.906664,0.0
242,C-XXXXX,item:268967,11101.714286,304776.211359,3395.396099,301380.815259,3395.396099
242,C-XXXXX,item:268091,10149.171429,22080.078093,0.0,22080.078093,0.0
243,C-XXXXX,item:268967,11101.714286,312482.529545,3394.616778,309087.912767,3394.616778
243,C-XXXXX,item:268091,10149.171429,32229.249522,0.0,32229.249522,0.0
244,C-XXXXX,item:268967,11101.714286,320189.627053,0.0,320189.627053,0.0
244,C-XXXXX,item:268091,10149.171429,42378.420951,14714.431994,27663.988957,14714.431994
245,C-XXXXX,item:268967,553.857143,320743.484196,10400.0,310343.484196,10400.0
245,C-XXXXX,item:268091,8571.6,36235.588957,10140.580797,26095.00816,10140.580797
246,C-XXXXX,item:268967,553.857143,310897.341339,10400.0,300497.341339,10400.0
246,C-XXXXX,item:268091,8571.6,34666.60816,10106.218269,24560.389892,10106.218269
247,C-XXXXX,item:268967,553.857143,301051.198482,0.0,301051.198482,0.0
247,C-XXXXX,item:268091,8571.6,33131.989892,10147.453303,22984.536589,10147.453303
248,C-XXXXX,item:268967,553.857143,301605.055625,10400.0,291205.055625,10400.0
248,C-XXXXX,item:268091,8571.6,31556.136589,0.0,31556.136589,0.0
249,C-XXXXX,item:268967,553.857143,291758.912768,7540.000001,284218.912767,7540.000001
249,C-XXXXX,item:268091,8571.6,40127.736589,18733.322726,21394.413863,18733.322726
250,C-XXXXX,item:268967,553.857143,284772.76991,0.0,284772.76991,0.0
250,C-XXXXX,item:268091,8571.6,29966.013863,0.0,29966.013863,0.0
251,C-XXXXX,item:268967,553.857143,285326.627053,0.0,285326.627053,0.0
251,C-XXXXX,item:268091,8571.6,38537.613863,0.0,38537.613863,0.0
252,C-XXXXX,item:268967,3030.0,288356.627053,1234.494557,287122.132496,1234.494557
252,C-XXXXX,item:268091,8181.128571,46718.742434,8634.700108,38084.042326,8634.700108
253,C-XXXXX,item:268967,3030.0,290152.132496,1182.017829,288970.114667,1182.017829
253,C-XXXXX,item:268091,8181.128571,46265.170897,19035.928345,27229.242553,19035.928345
254,C-XXXXX,item:268967,3030.0,292000.114667,568.146286,291431.968382,568.146286
254,C-XXXXX,item:268091,8181.128571,35410.371124,0.0,35410.371124,0.0
255,C-XXXXX,item:268967,3030.0,294461.968382,553.971456,293907.996925,553.971456
255,C-XXXXX,item:268091,8181.128571,43591.499695,8574.124004,35017.37569,8574.124004
256,C-XXXXX,item:268967,3030.0,296937.996925,0.0,296937.996925,0.0
256,C-XXXXX,item:268091,8181.128571,43198.504261,0.0,43198.504261,0.0
257,C-XXXXX,item:268967,3030.0,299967.996925,6020.181858,293947.815067,6020.181858
257,C-XXXXX,item:268091,8181.128571,51379.632832,25715.425953,25664.206879,25715.425953
258,C-XXXXX,item:268967,3030.0,296977.815067,0.0,296977.815067,0.0
258,C-XXXXX,item:268091,8181.128571,33845.33545,16455.975131,17389.360319,16455.975131
259,C-XXXXX,item:268967,3519.857143,300497.67221,0.0,300497.67221,0.0
259,C-XXXXX,item:268091,9123.557143,26512.917462,8181.753358,18331.164105,8181.753358
260,C-XXXXX,item:268967,3519.857143,304017.529353,3010.191772,301007.337582,3010.191772
260,C-XXXXX,item:268091,9123.557143,27454.721248,0.0,27454.721248,0.0
261,C-XXXXX,item:268967,3519.857143,304527.194725,0.0,304527.194725,0.0
261,C-XXXXX,item:268091,9123.557143,36578.278391,16362.407091,20215.8713,16362.407091
262,C-XXXXX,item:268967,3519.857143,308047.051868,3029.841534,305017.210333,3029.841534
262,C-XXXXX,item:268091,9123.557143,29339.428443,8184.252504,21155.175939,8184.252504
263,C-XXXXX,item:268967,3519.857143,308537.067476,9477.125401,299059.942075,9477.125401
263,C-XXXXX,item:268091,9123.557143,30278.733082,0.0,30278.733082,0.0
264,C-XXXXX,item:268967,3519.857143,302579.799218,0.0,302579.799218,0.0
264,C-XXXXX,item:268091,9123.557143,39402.290225,8181.133569,31221.156656,8181.133569
265,C-XXXXX,item:268967,3519.857143,306099.656361,3029.968307,303069.688055,3029.968307
265,C-XXXXX,item:268091,9123.557143,40344.713799,8935.072428,31409.64137,8935.072428
266,C-XXXXX,item:268967,6188.428571,309258.116626,10554.711732,298703.404894,10554.711732
266,C-XXXXX,item:268091,11881.028571,43290.669941,0.0,43290.669941,0.0
267,C-XXXXX,item:268967,6188.428571,304891.833465,0.0,304891.833465,0.0
267,C-XXXXX,item:268091,11881.028571,55171.698512,9085.8602,46085.838312,9085.8602
268,C-XXXXX,item:268967,6188.428571,311080.262036,3500.26159,307580.000446,3500.26159
268,C-XXXXX,item:268091,11881.028571,57966.866883,27361.322587,30605.544296,27361.322587
269,C-XXXXX,item:268967,6188.428571,313768.429017,0.0,313768.429017,0.0
269,C-XXXXX,item:268091,11881.028571,42486.572867,0.0,42486.572867,0.0
270,C-XXXXX,item:268967,6188.428571,319956.857588,13919.82579,306037.031798,13919.82579
270,C-XXXXX,item:268091,11881.028571,54367.601438,18247.041908,36120.55953,18247.041908
271,C-XXXXX,item:268967,6188.428571,312225.460369,0.0,312225.460369,0.0
271,C-XXXXX,item:268091,11881.028571,48001.588101,0.0,48001.588101,0.0
272,C-XXXXX,item:268967,6188.428571,318413.88894,0.0,318413.88894,0.0
272,C-XXXXX,item:268091,11881.028571,59882.616672,11329.531873,48553.0848,11329.531873
273,C-XXXXX,item:268967,2128.142857,320542.031797,0.0,320542.031797,0.0
273,C-XXXXX,item:268091,7014.214286,55567.299086,35527.492005,20039.807081,35527.492005
274,C-XXXXX,item:268967,2128.142857,322670.174654,19119.850872,303550.323782,19119.850872
274,C-XXXXX,item:268091,7014.214286,27054.021367,11858.968703,15195.052663,11858.968703
275,C-XXXXX,item:268967,2128.142857,305678.466639,0.0,305678.466639,0.0
275,C-XXXXX,item:268091,7014.214286,22209.266949,0.0,22209.266949,0.0
276,C-XXXXX,item:268967,2128.142857,307806.609496,5200.0,302606.609496,5200.0
276,C-XXXXX,item:268091,7014.214286,29223.481235,23761.845367,5461.635868,23761.845367
277,C-XXXXX,item:268967,2128.142857,304734.752353,0.0,304734.752353,0.0
277,C-XXXXX,item:268091,7014.214286,12475.850154,0.0,12475.850154,0.0
278,C-XXXXX,item:268967,2128.142857,306862.89521,12591.370957,294271.524253,12591.370957
278,C-XXXXX,item:268091,7014.214286,19490.06444,14262.033963,5228.030477,14262.033963
279,C-XXXXX,item:268967,2128.142857,296399.66711,0.0,296399.66711,0.0
279,C-XXXXX,item:268091,7014.214286,12242.244763,0.0,12242.244763,0.0
280,C-XXXXX,item:268967,3998.428571,300398.095681,0.0,300398.095681,0.0
280,C-XXXXX,item:268091,8311.371429,20553.616192,7987.570084,12566.046108,7987.570084
281,C-XXXXX,item:268967,3998.428571,304396.524252,0.0,304396.524252,0.0
281,C-XXXXX,item:268091,8311.371429,20877.417537,7015.771655,13861.645882,7015.771655
282,C-XXXXX,item:268967,3998.428571,308394.952823,4264.081397,304130.871426,4264.081397
282,C-XXXXX,item:268091,8311.371429,22173.017311,7022.001132,15151.016178,7022.001132
283,C-XXXXX,item:268967,3998.428571,308129.299997,0.0,308129.299997,0.0
283,C-XXXXX,item:268091,8311.371429,23462.387607,0.0,23462.387607,0.0
284,C-XXXXX,item:268967,3998.428571,312127.728568,7880.979364,304246.749204,7880.979364
284,C-XXXXX,item:268091,8311.371429,31773.759036,15273.764216,16499.99482,15273.764216
285,C-XXXXX,item:268967,3998.428571,308245.177775,3923.619221,304321.558554,3923.619221
285,C-XXXXX,item:268091,8311.371429,24811.366249,0.0,24811.366249,0.0
286,C-XXXXX,item:268967,3998.428571,308319.987125,0.0,308319.987125,0.0
286,C-XXXXX,item:268091,8311.371429,33122.737678,16352.94713,16769.790549,16352.94713
287,C-XXXXX,item:268967,4573.571429,312893.558554,3995.436197,308898.122357,3995.436197
287,C-XXXXX,item:268091,9265.114286,26034.904835,7014.52576,19020.379075,7014.52576
288,C-XXXXX,item:268967,4573.571429,313471.693786,3997.830096,309473.86369,3997.830096
288,C-XXXXX,item:268091,9265.114286,28285.493361,0.0,28285.493361,0.0
289,C-XXXXX,item:268967,4573.571429,314047.435119,0.0,314047.435119,0.0
289,C-XXXXX,item:268091,9265.114286,37550.607647,16622.244774,20928.362873,16622.244774
290,C-XXXXX,item:268967,4573.571429,318621.006548,0.0,318621.006548,0.0
290,C-XXXXX,item:268091,9265.114286,30193.477159,16620.650903,13572.826256,16620.650903
291,C-XXXXX,item:268967,4573.571429,323194.577977,4458.53807,318736.039907,4458.53807
291,C-XXXXX,item:268091,9265.114286,22837.940542,9074.362394,13763.578148,9074.362394
292,C-XXXXX,item:268967,4573.571429,323309.611336,16530.744966,306778.86637,16530.744966
292,C-XXXXX,item:268091,9265.114286,23028.692434,9226.963908,13801.728526,9226.963908
293,C-XXXXX,item:268967,4573.571429,311352.437799,0.0,311352.437799,0.0
293,C-XXXXX,item:268091,9265.114286,23066.842812,0.0,23066.842812,0.0
294,C-XXXXX,item:268967,6122.428571,317474.86637,9141.621257,308333.245113,9141.621257
294,C-XXXXX,item:268091,10299.857143,33366.699955,0.0,33366.699955,0.0
295,C-XXXXX,item:268967,6122.428571,314455.673684,0.0,314455.673684,0.0
295,C-XXXXX,item:268091,10299.857143,43666.557098,0.0,43666.557098,0.0
296,C-XXXXX,item:268967,6122.428571,320578.102255,0.0,320578.102255,0.0
296,C-XXXXX,item:268091,10299.857143,53966.414241,9263.588271,44702.82597,9263.588271
297,C-XXXXX,item:268967,6122.428571,326700.530826,4573.387376,322127.14345,4573.387376
297,C-XXXXX,item:268091,10299.857143,55002.683113,47145.354747,7857.328367,47145.354747
298,C-XXXXX,item:268967,6122.428571,328249.572021,9147.098685,319102.473336,9147.098685
298,C-XXXXX,item:268091,10299.857143,18157.18551,0.0,18157.18551,0.0
299,C-XXXXX,item:268967,6122.428571,325224.901907,0.0,325224.901907,0.0
299,C-XXXXX,item:268091,10299.857143,28457.042653,0.0,28457.042653,0.0
300,C-XXXXX,item:268967,6122.428571,331347.330478,5200.0,326147.330478,5200.0
300,C-XXXXX,item:268091,10299.857143,38756.899796,0.0,38756.899796,0.0
301,C-XXXXX,item:268967,3825.428571,329972.759049,5200.0,324772.759049,5200.0
301,C-XXXXX,item:268091,6628.5,45385.399796,0.0,45385.399796,0.0
302,C-XXXXX,item:268967,3825.428571,328598.18762,10400.0,318198.18762,10400.0
302,C-XXXXX,item:268091,6628.5,52013.899796,20550.046043,31463.853753,20550.046043
303,C-XXXXX,item:268967,3825.428571,322023.616191,0.0,322023.616191,0.0
303,C-XXXXX,item:268091,6628.5,38092.353753,10299.526021,27792.827732,10299.526021
304,C-XXXXX,item:268967,3825.428571,325849.044762,0.0,325849.044762,0.0
304,C-XXXXX,item:268091,6628.5,34421.327732,0.0,34421.327732,0.0
305,C-XXXXX,item:268967,3825.428571,329674.473333,4284.824606,325389.648727,4284.824606
305,C-XXXXX,item:268091,6628.5,41049.827732,20597.992454,20451.835278,20597.992454
306,C-XXXXX,item:268967,3825.428571,329215.077298,5200.0,324015.077298,5200.0
306,C-XXXXX,item:268091,6628.5,27080.335278,0.0,27080.335278,0.0
307,C-XXXXX,item:268967,3825.428571,327840.505869,0.0,327840.505869,0.0
307,C-XXXXX,item:268091,6628.5,33708.835278,24437.966434,9270.868844,24437.966434
308,C-XXXXX,item:268967,7699.428571,335539.93444,0.0,335539.93444,0.0
308,C-XXXXX,item:268091,9128.957143,18399.825987,0.0,18399.825987,0.0
309,C-XXXXX,item:268967,7699.428571,343239.363011,18143.471383,325095.891629,18143.471383
309,C-XXXXX,item:268091,9128.957143,27528.78313,6634.37415,20894.40898,6634.37415
310,C-XXXXX,item:268967,7699.428571,332795.3202,0.0,332795.3202,0.0
310,C-XXXXX,item:268091,9128.957143,30023.366123,13258.409796,16764.956327,13258.409796
311,C-XXXXX,item:268967,7699.428571,340494.748771,0.0,340494.748771,0.0
311,C-XXXXX,item:268091,9128.957143,25893.91347,6657.870751,19236.042719,6657.870751
312,C-XXXXX,item:268967,7699.428571,348194.177342,0.0,348194.177342,0.0
312,C-XXXXX,item:268091,9128.957143,28364.999862,0.0,28364.999862,0.0
313,C-XXXXX,item:268967,7699.428571,355893.605913,10400.0,345493.605913,10400.0
313,C-XXXXX,item:268091,9128.957143,37493.957005,8628.875113,28865.081892,8628.875113
314,C-XXXXX,item:268967,7699.428571,353193.034484,7651.03355,345542.000934,7651.03355
314,C-XXXXX,item:268091,9128.957143,37994.039035,0.0,37994.039035,0.0
315,C-XXXXX,item:268967,3840.142857,349382.143791,0.0,349382.143791,0.0
315,C-XXXXX,item:268091,5523.3,43517.339035,24782.444217,18734.894818,24782.444217
316,C-XXXXX,item:268967,3840.142857,353222.286648,10400.0,342822.286648,10400.0
316,C-XXXXX,item:268091,5523.3,24258.194818,24258.194818,0.0,27365.90799
317,C-XXXXX,item:268967,3840.142857,346662.429505,7672.908152,338989.521353,7672.908152
317,C-XXXXX,item:268091,5523.3,5523.3,3107.713172,2415.586828,3107.713172
318,C-XXXXX,item:268967,3840.142857,342829.66421,5200.0,337629.66421,5200.0
318,C-XXXXX,item:268091,5523.3,7938.886828,7938.886828,0.0,15373.350165
319,C-XXXXX,item:268967,3840.142857,341469.807067,0.0,341469.807067,0.0
319,C-XXXXX,item:268091,5523.3,5523.3,5523.3,0.0,7434.463338
320,C-XXXXX,item:268967,3840.142857,345309.949924,15011.990082,330297.959841,15011.990082
320,C-XXXXX,item:268091,5523.3,5523.3,1911.163338,3612.136662,1911.163338
321,C-XXXXX,item:268967,3840.142857,334138.102698,7865.529048,326272.57365,7865.529048
321,C-XXXXX,item:268091,5523.3,9135.436662,0.0,9135.436662,0.0
322,C-XXXXX,item:268967,5105.0,331377.57365,0.0,331377.57365,0.0
322,C-XXXXX,item:268091,13547.571429,22683.008091,11219.670007,11463.338085,11219.670007
323,C-XXXXX,item:268967,5105.0,336482.57365,11528.085295,324954.488355,11528.085295
323,C-XXXXX,item:268091,13547.571429,25010.909514,5524.4538,19486.455714,5524.4538
324,C-XXXXX,item:268967,5105.0,330059.488355,0.0,330059.488355,0.0
324,C-XXXXX,item:268091,13547.571429,33034.027143,5523.53076,27510.496383,5523.53076
325,C-XXXXX,item:268967,5105.0,335164.488355,0.0,335164.488355,0.0
325,C-XXXXX,item:268091,13547.571429,41058.067812,5529.069,35528.998811,5529.069
326,C-XXXXX,item:268967,5105.0,340269.488355,3840.192255,336429.2961,3840.192255
326,C-XXXXX,item:268091,13547.571429,49076.57024,0.0,49076.57024,0.0
327,C-XXXXX,item:268967,5105.0,341534.2961,0.0,341534.2961,0.0
327,C-XXXXX,item:268091,13547.571429,62624.141669,29323.346152,33300.795517,29323.346152
328,C-XXXXX,item:268967,5105.0,346639.2961,0.0,346639.2961,0.0
328,C-XXXXX,item:268091,13547.571429,46848.366946,0.0,46848.366946,0.0
329,C-XXXXX,item:268967,6864.428571,353503.724671,4852.038451,348651.68622,4852.038451
329,C-XXXXX,item:268091,14583.6,61431.966946,0.0,61431.966946,0.0
330,C-XXXXX,item:268967,6864.428571,355516.114791,5054.40769,350461.7071,5054.40769
330,C-XXXXX,item:268091,14583.6,76015.566946,0.0,76015.566946,0.0
331,C-XXXXX,item:268967,6864.428571,357326.135671,0.0,357326.135671,0.0
331,C-XXXXX,item:268091,14583.6,90599.166946,11900.0,78699.166946,11900.0
332,C-XXXXX,item:268967,6864.428571,364190.564242,30807.372159,333383.192083,30807.372159
332,C-XXXXX,item:268091,14583.6,93282.766946,11900.0,81382.766946,11900.0
333,C-XXXXX,item:268967,6864.428571,340247.620654,0.0,340247.620654,0.0
333,C-XXXXX,item:268091,14583.6,95966.366946,23800.0,72166.366946,23800.0
334,C-XXXXX,item:268967,6864.428571,347112.049225,0.0,347112.049225,0.0
334,C-XXXXX,item:268091,14583.6,86749.966946,0.0,86749.966946,0.0
335,C-XXXXX,item:268967,6864.428571,353976.477796,0.0,353976.477796,0.0
335,C-XXXXX,item:268091,14583.6,101333.566946,23800.0,77533.566946,23800.0
336,C-XXXXX,item:268967,4357.714286,358334.192082,10304.98381,348029.208271,10304.98381
336,C-XXXXX,item:268091,8854.328571,86387.895517,11900.0,74487.895517,11900.0
337,C-XXXXX,item:268967,4357.714286,352386.922557,0.0,352386.922557,0.0
337,C-XXXXX,item:268091,8854.328571,83342.224088,11900.0,71442.224088,11900.0
338,C-XXXXX,item:268967,4357.714286,356744.636843,0.0,356744.636843,0.0
338,C-XXXXX,item:268091,8854.328571,80296.552659,11900.0,68396.552659,11900.0
339,C-XXXXX,item:268967,4357.714286,361102.351129,20459.052639,340643.298491,20459.052639
339,C-XXXXX,item:268091,8854.328571,77250.88123,0.0,77250.88123,0.0
340,C-XXXXX,item:268967,4357.714286,345001.012777,0.0,345001.012777,0.0
340,C-XXXXX,item:268091,8854.328571,86105.209801,35700.0,50405.209801,35700.0
341,C-XXXXX,item:268967,4357.714286,349358.727063,9657.981957,339700.745106,9657.981957
341,C-XXXXX,item:268091,8854.328571,59259.538372,19083.679102,40175.85927,19083.679102
342,C-XXXXX,item:268967,4357.714286,344058.459392,0.0,344058.459392,0.0
342,C-XXXXX,item:268091,8854.328571,49030.187841,0.0,49030.187841,0.0
343,C-XXXXX,item:268967,4804.285714,348862.745106,0.0,348862.745106,0.0
343,C-XXXXX,item:268091,9690.942857,58721.130698,0.0,58721.130698,0.0
344,C-XXXXX,item:268967,4804.285714,353667.03082,0.0,353667.03082,0.0
344,C-XXXXX,item:268091,9690.942857,68412.073555,0.0,68412.073555,0.0
345,C-XXXXX,item:268967,4804.285714,358471.316534,8719.471364,349751.84517,8719.471364
345,C-XXXXX,item:268091,9690.942857,78103.016412,26210.969936,51892.046476,26210.969936
346,C-XXXXX,item:268967,4804.285714,354556.130884,0.0,354556.130884,0.0
346,C-XXXXX,item:268091,9690.942857,61582.989333,0.0,61582.989333,0.0
347,C-XXXXX,item:268967,4804.285714,359360.416598,0.0,359360.416598,0.0
347,C-XXXXX,item:268091,9690.942857,71273.93219,27215.832682,44058.099509,27215.832682
348,C-XXXXX,item:268967,4804.285714,364164.702312,8716.391142,355448.31117,8716.391142
348,C-XXXXX,item:268091,9690.942857,53749.042366,0.0,53749.042366,0.0
349,C-XXXXX,item:268967,4804.285714,360252.596884,9587.13754,350665.459344,9587.13754
349,C-XXXXX,item:268091,9690.942857,63439.985223,9657.372192,53782.61303,9657.372192
350,C-XXXXX,item:268967,7297.428571,357962.887915,9092.745666,348870.14225,9092.745666
350,C-XXXXX,item:268091,17992.8,71775.41303,0.0,71775.41303,0.0
351,C-XXXXX,item:268967,7297.428571,356167.570821,4804.142821,351363.427999,4804.142821
351,C-XXXXX,item:268091,17992.8,89768.21303,29065.79216,60702.420871,29065.79216
352,C-XXXXX,item:268967,7297.428571,358660.85657,4803.571251,353857.285319,4803.571251
352,C-XXXXX,item:268091,17992.8,78695.220871,9689.60003,69005.62084,9689.60003
353,C-XXXXX,item:268967,7297.428571,361154.71389,0.0,361154.71389,0.0
353,C-XXXXX,item:268091,17992.8,86998.42084,0.0,86998.42084,0.0
354,C-XXXXX,item:268967,7297.428571,368452.142461,0.0,368452.142461,0.0
354,C-XXXXX,item:268091,17992.8,104991.22084,0.0,104991.22084,0.0
355,C-XXXXX,item:268967,7297.428571,375749.571032,4804.279998,370945.291034,4804.279998
355,C-XXXXX,item:268091,17992.8,122984.02084,9690.932114,113293.088726,9690.932114
356,C-XXXXX,item:268967,7297.428571,378242.719605,10400.0,367842.719605,10400.0
356,C-XXXXX,item:268091,17992.8,131285.888726,0.0,131285.888726,0.0
357,C-XXXXX,item:268967,2394.428571,370237.148176,4804.257135,365432.891041,4804.257135
357,C-XXXXX,item:268091,15179.657143,146465.545869,35700.0,110765.545869,35700.0
358,C-XXXXX,item:268967,2394.428571,367827.319612,5200.0,362627.319612,5200.0
358,C-XXXXX,item:268091,15179.657143,125945.203012,0.0,125945.203012,0.0
359,C-XXXXX,item:268967,2394.428571,365021.748183,5200.0,359821.748183,5200.0
359,C-XXXXX,item:268091,15179.657143,141124.860155,23800.0,117324.860155,23800.0
360,C-XXXXX,item:268967,2394.428571,362216.176754,0.0,362216.176754,0.0
360,C-XXXXX,item:268091,15179.657143,132504.517298,0.0,132504.517298,0.0
361,C-XXXXX,item:268967,2394.428571,364610.605325,10400.0,354210.605325,10400.0
361,C-XXXXX,item:268091,15179.657143,147684.174441,0.0,147684.174441,0.0
362,C-XXXXX,item:268967,2394.428571,356605.033896,7540.000001,349065.033895,7540.000001
362,C-XXXXX,item:268091,15179.657143,162863.831584,0.0,162863.831584,0.0
363,C-XXXXX,item:268967,2394.428571,351459.462466,4659.103464,346800.359002,4659.103464
363,C-XXXXX,item:268091,15179.657143,178043.488727,23800.0,154243.488727,23800.0
364,C-XXXXX,item:268967,2394.428571,349194.787573,0.0,349194.787573,0.0
364,C-XXXXX,item:268091,15179.657143,169423.14587,0.0,169423.14587,0.0
