day,src_node_id,dst_node_id,item_id,shipped_qty,pulled_qty,lead_days,arrival_day,reliability,uom
0,SDC-VD0914690A,M-1430,item:042342,165014.949625,165014.949625,16,16,1.0,UN
0,SDC-VD0525412A,M-1430,item:333362,2734.661589,2734.661589,51,51,1.0,UN
0,SDC-VD0993480A,M-1430,item:344135,2734.661589,2734.661589,35,35,1.0,UN
0,SDC-VD0520115A,M-1430,item:708073,21.685866,21.685866,51,51,1.0,KG
0,SDC-VD0508918A,M-1430,item:730384,579.748257,579.748257,40,40,1.0,M
0,SDC-VD1095770A,M-1430,item:734545,21.877293,21.877293,17,17,1.0,UN
0,SDC-1450,M-1430,item:773474,26402.386471,26402.386471,6,6,1.0,G
0,SDC-VD0951020A,M-1810,item:001757,5.693048,5.693048,71,71,1.0,KG
0,SDC-VD0519670A,M-1810,item:001848,2.98885,2.98885,26,26,1.0,KG
0,SDC-VD0951020A,M-1810,item:001848,1.280936,1.280936,29,29,1.0,KG
0,SDC-VD0910216A,M-1810,item:001893,18.929386,18.929386,41,41,1.0,KG
0,SDC-VD1091642A,M-1810,item:001893,5.408396,5.408396,32,32,1.0,KG
0,SDC-VD0518684A,M-1810,item:001893,2.704198,2.704198,63,63,1.0,KG
0,SDC-VD0910216A,M-1810,item:002612,4.981417,4.981417,15,15,1.0,KG
0,SDC-VD0990780A,M-1810,item:002612,1.423262,1.423262,53,53,1.0,KG
0,SDC-VD1091642A,M-1810,item:002612,0.355816,0.355816,45,45,1.0,KG
0,SDC-VD0500655A,M-1810,item:002612,0.355816,0.355816,56,56,1.0,KG
0,SDC-VD0514881A,M-1810,item:016332,1.707915,1.707915,27,27,1.0,KG
0,SDC-VD0519670A,M-1810,item:029313,0.142326,0.142326,112,112,1.0,KG
0,SDC-VD1096202A,M-1810,item:039668,0.142326,0.142326,27,27,1.0,KG
0,SDC-VD0914320A,M-1810,item:055703,0.199257,0.199257,20,20,1.0,KG
0,SDC-VD0964290A,M-1810,item:055703,0.085396,0.085396,50,50,1.0,KG
0,SDC-VD0505677A,M-1810,item:099439,7.11631,7.11631,59,59,1.0,KG
0,SDC-VD0901566A,M-1810,item:338928,10000.0,10000.0,71,71,1.0,UN
0,SDC-VD0914360C,M-1810,item:338929,3505.571651,3505.571651,50,50,1.0,UN
0,SDC-VD0989480A,M-1810,item:426331,38.561288,38.561288,27,27,1.0,UN
0,SDC-1450,M-1810,item:693055,1423.26209,1423.26209,93,93,1.0,G
0,M-1430,DC-1920,item:268967,2734.661589,2734.661589,1,1,1.0,UN
0,DC-1920,C-XXXXX,item:268967,6059.809811,6059.809811,2,2,1.0,UN
0,DC-1920,C-XXXXX,item:268091,6106.386106,6106.386106,1,1,1.0,UN
0,SDC-VD0949099A,SDC-1450,item:021081,176.149963,185.421014,151,151,0.95,KG
0,SDC-VD0960508A,SDC-1450,item:021081,50.328561,50.328561,30,30,1.0,KG
0,SDC-VD0972460A,SDC-1450,item:021081,12.58214,12.58214,174,174,1.0,KG
0,SDC-VD0975221A,SDC-1450,item:021081,12.58214,12.58214,103,103,1.0,KG
0,SDC-1450,M-1810,item:007923,11386.096721,11386.096721,2,2,1.0,G
1,SDC-VD0914690A,M-1430,item:042342,156721.330503,156721.330503,30,31,1.0,UN
1,SDC-VD0525412A,M-1430,item:333362,2597.218032,2597.218032,76,77,1.0,UN
1,SDC-VD0993480A,M-1430,item:344135,2597.218032,2597.218032,17,18,1.0,UN
1,SDC-VD0520115A,M-1430,item:708073,20.595939,20.595939,19,20,1.0,KG
1,SDC-VD0508918A,M-1430,item:730384,550.610223,550.610223,86,87,1.0,M
1,SDC-VD1095770A,M-1430,item:734545,20.777744,20.777744,12,13,1.0,UN
1,SDC-1450,M-1430,item:773474,25075.407686,25075.407686,8,9,1.0,G
1,SDC-VD0951020A,M-1810,item:001757,2.46848,2.46848,141,142,1.0,KG
1,SDC-VD0519670A,M-1810,item:001848,1.295952,1.295952,10,11,1.0,KG
1,SDC-VD0951020A,M-1810,item:001848,0.555408,0.555408,22,23,1.0,KG
1,SDC-VD0910216A,M-1810,item:001893,8.207696,8.207696,28,29,1.0,KG
1,SDC-VD1091642A,M-1810,item:001893,2.345056,2.345056,29,30,1.0,KG
1,SDC-VD0518684A,M-1810,item:001893,1.172528,1.172528,52,53,1.0,KG
1,SDC-VD0910216A,M-1810,item:002612,2.15992,2.15992,49,50,1.0,KG
1,SDC-VD0990780A,M-1810,item:002612,0.61712,0.61712,41,42,1.0,KG
1,SDC-VD1091642A,M-1810,item:002612,0.15428,0.15428,19,20,1.0,KG
1,SDC-VD0500655A,M-1810,item:002612,0.15428,0.15428,18,19,1.0,KG
1,SDC-VD0514881A,M-1810,item:016332,0.740544,0.740544,40,41,1.0,KG
1,SDC-VD0519670A,M-1810,item:029313,0.061712,0.061712,69,70,1.0,KG
1,SDC-VD1096202A,M-1810,item:039668,0.061712,0.061712,32,33,1.0,KG
1,SDC-VD0914320A,M-1810,item:055703,0.086397,0.086397,32,33,1.0,KG
1,SDC-VD0964290A,M-1810,item:055703,0.037027,0.037027,22,23,1.0,KG
1,SDC-VD0505677A,M-1810,item:099439,3.0856,3.0856,30,31,1.0,KG
1,SDC-VD0901566A,M-1810,item:338928,10000.0,10000.0,19,20,1.0,UN
1,SDC-VD0914360C,M-1810,item:338929,1520.0,1520.0,31,32,1.0,UN
1,SDC-VD0989480A,M-1810,item:426331,16.72,16.72,19,20,1.0,UN
1,SDC-1450,M-1810,item:693055,617.12,617.12,106,107,1.0,G
1,M-1430,DC-1920,item:268967,2597.218032,2597.218032,3,4,1.0,UN
1,DC-1920,C-XXXXX,item:268967,2734.661589,2734.661589,2,3,1.0,UN
1,DC-1920,C-XXXXX,item:268091,1900.0,1900.0,2,3,1.0,UN
1,SDC-VD0949099A,SDC-1450,item:021081,175.801646,185.054364,90,91,0.95,KG
1,SDC-VD0960508A,SDC-1450,item:021081,50.229042,50.229042,240,241,1.0,KG
1,SDC-VD0972460A,SDC-1450,item:021081,12.55726,12.55726,66,67,1.0,KG
1,SDC-VD0975221A,SDC-1450,item:021081,12.55726,12.55726,67,68,1.0,KG
1,SDC-1450,M-1810,item:007923,4936.96,4936.96,1,2,1.0,G
2,SDC-VD0914690A,M-1430,item:042342,155062.606679,155062.606679,17,19,1.0,UN
2,SDC-VD0525412A,M-1430,item:333362,2569.729321,2569.729321,38,40,1.0,UN
2,SDC-VD0993480A,M-1430,item:344135,2569.729321,2569.729321,57,59,1.0,UN
2,SDC-VD0520115A,M-1430,item:708073,20.377954,20.377954,36,38,1.0,KG
2,SDC-VD0508918A,M-1430,item:730384,544.782616,544.782616,53,55,1.0,M
2,SDC-VD1095770A,M-1430,item:734545,20.557835,20.557835,42,44,1.0,UN
2,SDC-1450,M-1430,item:773474,24810.011929,24810.011929,20,22,1.0,G
2,SDC-VD0951020A,M-1810,item:001757,1.32987,1.32987,88,90,1.0,KG
2,SDC-VD0519670A,M-1810,item:001848,0.698182,0.698182,13,15,1.0,KG
2,SDC-VD0951020A,M-1810,item:001848,0.299221,0.299221,48,50,1.0,KG
2,SDC-VD0910216A,M-1810,item:001893,4.421819,4.421819,22,24,1.0,KG
2,SDC-VD1091642A,M-1810,item:001893,1.263377,1.263377,46,48,1.0,KG
2,SDC-VD0518684A,M-1810,item:001893,0.631688,0.631688,84,86,1.0,KG
2,SDC-VD0910216A,M-1810,item:002612,1.163637,1.163637,39,41,1.0,KG
2,SDC-VD0990780A,M-1810,item:002612,0.332468,0.332468,24,26,1.0,KG
2,SDC-VD1091642A,M-1810,item:002612,0.083117,0.083117,48,50,1.0,KG
2,SDC-VD0500655A,M-1810,item:002612,0.083117,0.083117,19,21,1.0,KG
2,SDC-VD0514881A,M-1810,item:016332,0.398961,0.398961,46,48,1.0,KG
2,SDC-VD0519670A,M-1810,item:029313,0.033247,0.033247,67,69,1.0,KG
2,SDC-VD1096202A,M-1810,item:039668,0.033247,0.033247,15,17,1.0,KG
2,SDC-VD0914320A,M-1810,item:055703,0.046545,0.046545,8,10,1.0,KG
2,SDC-VD0964290A,M-1810,item:055703,0.019948,0.019948,48,50,1.0,KG
2,SDC-VD0505677A,M-1810,item:099439,1.662338,1.662338,34,36,1.0,KG
2,SDC-VD0901566A,M-1810,item:338928,10000.0,10000.0,114,116,1.0,UN
2,SDC-VD0914360C,M-1810,item:338929,818.88567,818.88567,52,54,1.0,UN
2,SDC-VD0989480A,M-1810,item:426331,9.007742,9.007742,14,16,1.0,UN
2,SDC-1450,M-1810,item:693055,332.467582,332.467582,42,44,1.0,G
2,M-1430,DC-1920,item:268967,2569.729321,2569.729321,2,4,1.0,UN
2,DC-1920,C-XXXXX,item:268967,3421.879375,3421.879375,3,5,1.0,UN
2,DC-1920,C-XXXXX,item:268091,1900.0,1900.0,5,7,1.0,UN
2,SDC-VD0949099A,SDC-1450,item:021081,171.956033,181.006351,71,73,0.95,KG
2,SDC-VD0960508A,SDC-1450,item:021081,49.130295,49.130295,144,146,1.0,KG
2,SDC-VD0972460A,SDC-1450,item:021081,12.282574,12.282574,141,143,1.0,KG
2,SDC-VD0975221A,SDC-1450,item:021081,12.282574,12.282574,68,70,1.0,KG
2,SDC-1450,M-1810,item:007923,2659.740656,2659.740656,2,4,1.0,G
3,SDC-VD0520132A,M-1430,item:038005,2367.880026,2367.880026,112,115,1.0,KG
3,SDC-VD0914690A,M-1430,item:042342,154730.861914,154730.861914,14,17,1.0,UN
3,SDC-VD0525412A,M-1430,item:333362,2564.231579,2564.231579,66,69,1.0,UN
3,SDC-VD0993480A,M-1430,item:344135,2564.231579,2564.231579,32,35,1.0,UN
3,SDC-VD0520115A,M-1430,item:708073,20.334356,20.334356,22,25,1.0,KG
3,SDC-VD0508918A,M-1430,item:730384,543.617095,543.617095,54,57,1.0,M
3,SDC-VD1095770A,M-1430,item:734545,20.513853,20.513853,8,11,1.0,UN
3,SDC-1450,M-1430,item:773474,24756.932778,24756.932778,8,11,1.0,G
3,SDC-VD0951020A,M-1810,item:001757,0.836174,0.836174,78,81,1.0,KG
3,SDC-VD0519670A,M-1810,item:001848,0.438992,0.438992,23,26,1.0,KG
3,SDC-VD0951020A,M-1810,item:001848,0.188139,0.188139,91,94,1.0,KG
3,SDC-VD0910216A,M-1810,item:001893,2.78028,2.78028,18,21,1.0,KG
3,SDC-VD1091642A,M-1810,item:001893,0.794366,0.794366,32,35,1.0,KG
3,SDC-VD0518684A,M-1810,item:001893,0.397183,0.397183,25,28,1.0,KG
3,SDC-VD0910216A,M-1810,item:002612,0.731653,0.731653,42,45,1.0,KG
3,SDC-VD0990780A,M-1810,item:002612,0.209044,0.209044,19,22,1.0,KG
3,SDC-VD1091642A,M-1810,item:002612,0.052261,0.052261,55,58,1.0,KG
3,SDC-VD0500655A,M-1810,item:002612,0.052261,0.052261,55,58,1.0,KG
3,SDC-VD0514881A,M-1810,item:016332,0.250852,0.250852,26,29,1.0,KG
3,SDC-VD0519670A,M-1810,item:029313,0.020904,0.020904,93,96,1.0,KG
3,SDC-VD1096202A,M-1810,item:039668,0.020904,0.020904,25,28,1.0,KG
3,SDC-VD0520132A,M-1810,item:049371,320.53304,320.53304,141,144,1.0,KG
3,SDC-VD0914320A,M-1810,item:055703,0.029266,0.029266,16,19,1.0,KG
3,SDC-VD0964290A,M-1810,item:055703,0.012543,0.012543,33,36,1.0,KG
3,SDC-VD0505677A,M-1810,item:099439,1.045218,1.045218,53,56,1.0,KG
3,SDC-VD0901566A,M-1810,item:338928,10000.0,10000.0,63,66,1.0,UN
3,SDC-VD0914360C,M-1810,item:338929,514.88567,514.88567,38,41,1.0,UN
3,SDC-VD0989480A,M-1810,item:426331,5.663742,5.663742,25,28,1.0,UN
3,SDC-1450,M-1810,item:693055,209.043582,209.043582,56,59,1.0,G
3,M-1430,DC-1920,item:268967,2564.231579,2564.231579,1,4,1.0,UN
3,DC-1920,C-XXXXX,item:268091,1900.0,1900.0,2,5,1.0,UN
3,SDC-VD0949099A,SDC-1450,item:021081,167.847915,176.682016,87,90,0.95,KG
3,SDC-VD0960508A,SDC-1450,item:021081,47.956547,47.956547,91,94,1.0,KG
3,SDC-VD0972460A,SDC-1450,item:021081,11.989137,11.989137,92,95,1.0,KG
3,SDC-VD0975221A,SDC-1450,item:021081,11.989137,11.989137,71,74,1.0,KG
3,SDC-1450,M-1810,item:007923,1672.348656,1672.348656,2,5,1.0,G
4,SDC-VD0520132A,M-1430,item:038005,180.0,180.0,70,74,1.0,KG
4,SDC-VD0914690A,M-1430,item:042342,154664.512961,154664.512961,16,20,1.0,UN
4,SDC-VD0525412A,M-1430,item:333362,2563.13203,2563.13203,86,90,1.0,UN
4,SDC-VD0993480A,M-1430,item:344135,2563.13203,2563.13203,45,49,1.0,UN
4,SDC-VD0520115A,M-1430,item:708073,20.325637,20.325637,20,24,1.0,KG
4,SDC-VD0508918A,M-1430,item:730384,543.38399,543.38399,47,51,1.0,M
4,SDC-VD1095770A,M-1430,item:734545,20.505056,20.505056,27,31,1.0,UN
4,SDC-1450,M-1430,item:773474,24746.316948,24746.316948,9,13,1.0,G
4,SDC-VD0951020A,M-1810,item:001757,0.5702,0.5702,39,43,1.0,KG
4,SDC-VD0519670A,M-1810,item:001848,0.299355,0.299355,32,36,1.0,KG
4,SDC-VD0951020A,M-1810,item:001848,0.128295,0.128295,90,94,1.0,KG
4,SDC-VD0910216A,M-1810,item:001893,1.895916,1.895916,15,19,1.0,KG
4,SDC-VD1091642A,M-1810,item:001893,0.54169,0.54169,31,35,1.0,KG
4,SDC-VD0518684A,M-1810,item:001893,0.270845,0.270845,24,28,1.0,KG
4,SDC-VD0910216A,M-1810,item:002612,0.498925,0.498925,40,44,1.0,KG
4,SDC-VD0990780A,M-1810,item:002612,0.14255,0.14255,24,28,1.0,KG
4,SDC-VD1091642A,M-1810,item:002612,0.035638,0.035638,26,30,1.0,KG
4,SDC-VD0500655A,M-1810,item:002612,0.035638,0.035638,46,50,1.0,KG
4,SDC-VD0514881A,M-1810,item:016332,0.17106,0.17106,37,41,1.0,KG
4,SDC-VD0519670A,M-1810,item:029313,0.014255,0.014255,54,58,1.0,KG
4,SDC-VD1096202A,M-1810,item:039668,0.014255,0.014255,27,31,1.0,KG
4,SDC-VD0520132A,M-1810,item:049371,180.0,180.0,204,208,1.0,KG
4,SDC-VD0914320A,M-1810,item:055703,0.019957,0.019957,10,14,1.0,KG
4,SDC-VD0964290A,M-1810,item:055703,0.008553,0.008553,36,40,1.0,KG
4,SDC-VD0505677A,M-1810,item:099439,0.71275,0.71275,12,16,1.0,KG
4,SDC-VD0901566A,M-1810,item:338928,10000.0,10000.0,15,19,1.0,UN
4,SDC-VD0914360C,M-1810,item:338929,351.108536,351.108536,12,16,1.0,UN
4,SDC-VD0989480A,M-1810,item:426331,3.862194,3.862194,48,52,1.0,UN
4,SDC-1450,M-1810,item:693055,142.550066,142.550066,70,74,1.0,G
4,M-1430,DC-1920,item:268967,2563.13203,2563.13203,4,8,1.0,UN
4,DC-1920,C-XXXXX,item:268967,7731.178932,7731.178932,3,7,1.0,UN
4,DC-1920,C-XXXXX,item:268091,1900.0,1900.0,4,8,1.0,UN
4,SDC-VD0949099A,SDC-1450,item:021081,164.442485,173.097353,202,206,0.95,KG
4,SDC-VD0960508A,SDC-1450,item:021081,46.983567,46.983567,50,54,1.0,KG
4,SDC-VD0972460A,SDC-1450,item:021081,11.745892,11.745892,143,147,1.0,KG
4,SDC-VD0975221A,SDC-1450,item:021081,11.745892,11.745892,183,187,1.0,KG
4,SDC-1450,M-1810,item:007923,1140.400525,1140.400525,1,5,1.0,G
5,SDC-VD0914690A,M-1430,item:042342,154651.243171,154651.243171,20,25,1.0,UN
5,SDC-VD0525412A,M-1430,item:333362,2562.91212,2562.91212,89,94,1.0,UN
5,SDC-VD0993480A,M-1430,item:344135,2562.91212,2562.91212,14,19,1.0,UN
5,SDC-VD0520115A,M-1430,item:708073,20.323893,20.323893,22,27,1.0,KG
5,SDC-VD0508918A,M-1430,item:730384,543.33737,543.33737,77,82,1.0,M
5,SDC-VD1095770A,M-1430,item:734545,20.503297,20.503297,19,24,1.0,UN
5,SDC-1450,M-1430,item:773474,24744.193781,24744.193781,12,17,1.0,G
5,SDC-VD0951020A,M-1810,item:001757,0.402965,0.402965,53,58,1.0,KG
5,SDC-VD0519670A,M-1810,item:001848,0.211557,0.211557,15,20,1.0,KG
5,SDC-VD0951020A,M-1810,item:001848,0.090667,0.090667,74,79,1.0,KG
5,SDC-VD0910216A,M-1810,item:001893,1.33986,1.33986,27,32,1.0,KG
5,SDC-VD1091642A,M-1810,item:001893,0.382817,0.382817,67,72,1.0,KG
5,SDC-VD0518684A,M-1810,item:001893,0.191409,0.191409,45,50,1.0,KG
5,SDC-VD0910216A,M-1810,item:002612,0.352595,0.352595,56,61,1.0,KG
5,SDC-VD0990780A,M-1810,item:002612,0.100741,0.100741,20,25,1.0,KG
5,SDC-VD1091642A,M-1810,item:002612,0.025185,0.025185,41,46,1.0,KG
5,SDC-VD0500655A,M-1810,item:002612,0.025185,0.025185,46,51,1.0,KG
5,SDC-VD0514881A,M-1810,item:016332,0.12089,0.12089,37,42,1.0,KG
5,SDC-VD0519670A,M-1810,item:029313,0.010074,0.010074,34,39,1.0,KG
5,SDC-VD1096202A,M-1810,item:039668,0.010074,0.010074,32,37,1.0,KG
5,SDC-VD0914320A,M-1810,item:055703,0.014104,0.014104,17,22,1.0,KG
5,SDC-VD0964290A,M-1810,item:055703,0.006044,0.006044,78,83,1.0,KG
5,SDC-VD0505677A,M-1810,item:099439,0.503707,0.503707,33,38,1.0,KG
5,SDC-VD0901566A,M-1810,item:338928,10000.0,10000.0,104,109,1.0,UN
5,SDC-VD0914360C,M-1810,item:338929,248.131402,248.131402,39,44,1.0,UN
5,SDC-VD0989480A,M-1810,item:426331,2.729445,2.729445,17,22,1.0,UN
5,SDC-1450,M-1810,item:693055,100.741349,100.741349,39,44,1.0,G
5,M-1430,DC-1920,item:268967,2562.91212,2562.91212,4,9,1.0,UN
5,DC-1920,C-XXXXX,item:268091,1900.0,1900.0,4,9,1.0,UN
5,SDC-VD0949099A,SDC-1450,item:021081,161.845393,170.363571,119,124,0.95,KG
5,SDC-VD0960508A,SDC-1450,item:021081,46.241541,46.241541,182,187,1.0,KG
5,SDC-VD0972460A,SDC-1450,item:021081,11.560385,11.560385,70,75,1.0,KG
5,SDC-VD0975221A,SDC-1450,item:021081,11.560385,11.560385,203,208,1.0,KG
5,SDC-1450,M-1810,item:007923,805.930793,805.930793,1,6,1.0,G
6,SDC-VD0914690A,M-1430,item:042342,154648.589212,154648.589212,20,26,1.0,UN
6,SDC-VD0525412A,M-1430,item:333362,2562.868138,2562.868138,103,109,1.0,UN
6,SDC-VD0993480A,M-1430,item:344135,2562.868138,2562.868138,32,38,1.0,UN
6,SDC-VD0520115A,M-1430,item:708073,20.323544,20.323544,21,27,1.0,KG
6,SDC-VD0508918A,M-1430,item:730384,543.328045,543.328045,23,29,1.0,M
6,SDC-VD1095770A,M-1430,item:734545,20.502945,20.502945,18,24,1.0,UN
6,SDC-1450,M-1430,item:773474,24743.769148,24743.769148,13,19,1.0,G
6,SDC-VD0951020A,M-1810,item:001757,0.288925,0.288925,43,49,1.0,KG
6,SDC-VD0519670A,M-1810,item:001848,0.151686,0.151686,24,30,1.0,KG
6,SDC-VD0951020A,M-1810,item:001848,0.065008,0.065008,30,36,1.0,KG
6,SDC-VD0910216A,M-1810,item:001893,0.960677,0.960677,48,54,1.0,KG
6,SDC-VD1091642A,M-1810,item:001893,0.274479,0.274479,55,61,1.0,KG
6,SDC-VD0518684A,M-1810,item:001893,0.13724,0.13724,50,56,1.0,KG
6,SDC-VD0910216A,M-1810,item:002612,0.25281,0.25281,20,26,1.0,KG
6,SDC-VD0990780A,M-1810,item:002612,0.072231,0.072231,19,25,1.0,KG
6,SDC-VD1091642A,M-1810,item:002612,0.018058,0.018058,26,32,1.0,KG
6,SDC-VD0500655A,M-1810,item:002612,0.018058,0.018058,22,28,1.0,KG
6,SDC-VD0514881A,M-1810,item:016332,0.086678,0.086678,38,44,1.0,KG
6,SDC-VD0519670A,M-1810,item:029313,0.007223,0.007223,16,22,1.0,KG
6,SDC-VD1096202A,M-1810,item:039668,0.007223,0.007223,29,35,1.0,KG
6,SDC-VD0914320A,M-1810,item:055703,0.010112,0.010112,22,28,1.0,KG
6,SDC-VD0964290A,M-1810,item:055703,0.004334,0.004334,9,15,1.0,KG
6,SDC-VD0505677A,M-1810,item:099439,0.361157,0.361157,15,21,1.0,KG
6,SDC-VD0901566A,M-1810,item:338928,10000.0,10000.0,33,39,1.0,UN
6,SDC-VD0914360C,M-1810,item:338929,177.909695,177.909695,45,51,1.0,UN
6,SDC-VD0989480A,M-1810,item:426331,1.957007,1.957007,33,39,1.0,UN
6,SDC-1450,M-1810,item:693055,72.231336,72.231336,52,58,1.0,G
6,M-1430,DC-1920,item:268967,2562.868138,2562.868138,4,10,1.0,UN
6,DC-1920,C-XXXXX,item:268091,1900.0,1900.0,3,9,1.0,UN
6,SDC-VD0949099A,SDC-1450,item:021081,159.926729,168.343925,117,123,0.95,KG
6,SDC-VD0960508A,SDC-1450,item:021081,45.693351,45.693351,75,81,1.0,KG
6,SDC-VD0972460A,SDC-1450,item:021081,11.423338,11.423338,49,55,1.0,KG
6,SDC-VD0975221A,SDC-1450,item:021081,11.423338,11.423338,104,110,1.0,KG
6,SDC-1450,M-1810,item:007923,577.850689,577.850689,1,7,1.0,G
7,SDC-VD0914690A,M-1430,item:042342,313778.4,313778.4,12,19,1.0,UN
7,SDC-VD0525412A,M-1430,item:333362,5200.0,5200.0,46,53,1.0,UN
7,SDC-VD0993480A,M-1430,item:344135,5200.0,5200.0,46,53,1.0,UN
7,SDC-VD0520115A,M-1430,item:708073,41.236,41.236,32,39,1.0,KG
7,SDC-VD0508918A,M-1430,item:730384,1102.4,1102.4,87,94,1.0,M
7,SDC-VD1095770A,M-1430,item:734545,41.6,41.6,19,26,1.0,UN
7,SDC-1450,M-1430,item:773474,50204.5336,50204.5336,12,19,1.0,G
7,SDC-VD0951020A,M-1810,item:001757,4.369299,4.369299,24,31,1.0,KG
7,SDC-VD0519670A,M-1810,item:001848,2.293882,2.293882,18,25,1.0,KG
7,SDC-VD0951020A,M-1810,item:001848,0.983092,0.983092,33,40,1.0,KG
7,SDC-VD0910216A,M-1810,item:001893,14.527918,14.527918,15,22,1.0,KG
7,SDC-VD1091642A,M-1810,item:001893,4.150834,4.150834,32,39,1.0,KG
7,SDC-VD0518684A,M-1810,item:001893,2.075417,2.075417,55,62,1.0,KG
7,SDC-VD0910216A,M-1810,item:002612,3.823136,3.823136,43,50,1.0,KG
7,SDC-VD0990780A,M-1810,item:002612,1.092325,1.092325,40,47,1.0,KG
7,SDC-VD1091642A,M-1810,item:002612,0.273081,0.273081,22,29,1.0,KG
7,SDC-VD0500655A,M-1810,item:002612,0.273081,0.273081,31,38,1.0,KG
7,SDC-VD0514881A,M-1810,item:016332,1.31079,1.31079,35,42,1.0,KG
7,SDC-VD0519670A,M-1810,item:029313,0.109232,0.109232,97,104,1.0,KG
7,SDC-VD1096202A,M-1810,item:039668,0.109232,0.109232,38,45,1.0,KG
7,SDC-VD0914320A,M-1810,item:055703,0.152925,0.152925,28,35,1.0,KG
7,SDC-VD0964290A,M-1810,item:055703,0.065539,0.065539,44,51,1.0,KG
7,SDC-VD0505677A,M-1810,item:099439,5.461623,5.461623,29,36,1.0,KG
7,SDC-VD0901566A,M-1810,item:338928,10000.0,10000.0,45,52,1.0,UN
7,SDC-VD0914360C,M-1810,item:338929,2690.454843,2690.454843,20,27,1.0,UN
7,SDC-VD0989480A,M-1810,item:426331,29.595003,29.595003,21,28,1.0,UN
7,SDC-1450,M-1810,item:693055,1092.324666,1092.324666,52,59,1.0,G
7,M-1430,DC-1920,item:268967,5200.0,5200.0,6,13,1.0,UN
7,M-1810,DC-1920,item:268091,9826.947466,9826.947466,3,10,1.0,UN
7,DC-1920,C-XXXXX,item:268091,19692.072881,19692.072881,1,8,1.0,UN
7,SDC-VD0949099A,SDC-1450,item:021081,158.526951,166.870475,96,103,0.95,KG
7,SDC-VD0960508A,SDC-1450,item:021081,45.293415,45.293415,63,70,1.0,KG
7,SDC-VD0972460A,SDC-1450,item:021081,11.323354,11.323354,125,132,1.0,KG
7,SDC-VD0975221A,SDC-1450,item:021081,11.323354,11.323354,97,104,1.0,KG
7,SDC-1450,M-1810,item:007923,8738.597331,8738.597331,1,8,1.0,G
8,SDC-VD0914690A,M-1430,item:042342,313778.4,313778.4,12,20,1.0,UN
8,SDC-VD0525412A,M-1430,item:333362,5200.0,5200.0,72,80,1.0,UN
8,SDC-VD0993480A,M-1430,item:344135,5200.0,5200.0,54,62,1.0,UN
8,SDC-VD0520115A,M-1430,item:708073,41.236,41.236,56,64,1.0,KG
8,SDC-VD0508918A,M-1430,item:730384,1102.4,1102.4,41,49,1.0,M
8,SDC-VD1095770A,M-1430,item:734545,41.6,41.6,21,29,1.0,UN
8,SDC-1450,M-1430,item:773474,50204.5336,50204.5336,7,15,1.0,G
8,SDC-VD0951020A,M-1810,item:001757,7.503306,7.503306,63,71,1.0,KG
8,SDC-VD0519670A,M-1810,item:001848,3.939236,3.939236,25,33,1.0,KG
8,SDC-VD0951020A,M-1810,item:001848,1.688244,1.688244,20,28,1.0,KG
8,SDC-VD0910216A,M-1810,item:001893,24.948493,24.948493,15,23,1.0,KG
8,SDC-VD1091642A,M-1810,item:001893,7.128141,7.128141,66,74,1.0,KG
8,SDC-VD0518684A,M-1810,item:001893,3.56407,3.56407,92,100,1.0,KG
8,SDC-VD0910216A,M-1810,item:002612,6.565393,6.565393,30,38,1.0,KG
8,SDC-VD0990780A,M-1810,item:002612,1.875827,1.875827,52,60,1.0,KG
8,SDC-VD1091642A,M-1810,item:002612,0.468957,0.468957,19,27,1.0,KG
8,SDC-VD0500655A,M-1810,item:002612,0.468957,0.468957,37,45,1.0,KG
8,SDC-VD0514881A,M-1810,item:016332,2.250992,2.250992,37,45,1.0,KG
8,SDC-VD0519670A,M-1810,item:029313,0.187583,0.187583,69,77,1.0,KG
8,SDC-VD1096202A,M-1810,item:039668,0.187583,0.187583,46,54,1.0,KG
8,SDC-VD0914320A,M-1810,item:055703,0.262616,0.262616,11,19,1.0,KG
8,SDC-VD0964290A,M-1810,item:055703,0.11255,0.11255,40,48,1.0,KG
8,SDC-VD0505677A,M-1810,item:099439,9.379133,9.379133,28,36,1.0,KG
8,SDC-VD0901566A,M-1810,item:338928,10000.0,10000.0,67,75,1.0,UN
8,SDC-VD0914360C,M-1810,item:338929,4620.262397,4620.262397,84,92,1.0,UN
8,SDC-VD0989480A,M-1810,item:426331,50.822886,50.822886,47,55,1.0,UN
8,SDC-1450,M-1810,item:693055,1875.826533,1875.826533,44,52,1.0,G
8,M-1430,DC-1920,item:268967,5200.0,5200.0,3,11,1.0,UN
8,M-1810,DC-1920,item:268091,4620.262397,4620.262397,6,14,1.0,UN
8,DC-1920,C-XXXXX,item:268967,2563.13203,2563.13203,4,12,1.0,UN
8,SDC-VD0949099A,SDC-1450,item:021081,189.3776,199.344842,107,115,0.95,KG
8,SDC-VD0960508A,SDC-1450,item:021081,54.107886,54.107886,173,181,1.0,KG
8,SDC-VD0972460A,SDC-1450,item:021081,13.526971,13.526971,80,88,1.0,KG
8,SDC-VD0975221A,SDC-1450,item:021081,13.526971,13.526971,107,115,1.0,KG
8,SDC-1450,M-1810,item:007923,15006.612267,15006.612267,1,9,1.0,G
9,SDC-VD0914690A,M-1430,item:042342,313778.4,313778.4,14,23,1.0,UN
9,SDC-VD0525412A,M-1430,item:333362,5200.0,5200.0,69,78,1.0,UN
9,SDC-VD0993480A,M-1430,item:344135,5200.0,5200.0,16,25,1.0,UN
9,SDC-VD0520115A,M-1430,item:708073,41.236,41.236,40,49,1.0,KG
9,SDC-VD0508918A,M-1430,item:730384,1102.4,1102.4,105,114,1.0,M
9,SDC-VD1095770A,M-1430,item:734545,41.6,41.6,22,31,1.0,UN
9,SDC-1450,M-1430,item:773474,50204.5336,50204.5336,9,18,1.0,G
9,SDC-VD0951020A,M-1810,item:001757,8.130108,8.130108,97,106,1.0,KG
9,SDC-VD0519670A,M-1810,item:001848,4.268307,4.268307,10,19,1.0,KG
9,SDC-VD0951020A,M-1810,item:001848,1.829274,1.829274,46,55,1.0,KG
9,SDC-VD0910216A,M-1810,item:001893,27.032608,27.032608,24,33,1.0,KG
9,SDC-VD1091642A,M-1810,item:001893,7.723602,7.723602,34,43,1.0,KG
9,SDC-VD0518684A,M-1810,item:001893,3.861801,3.861801,109,118,1.0,KG
9,SDC-VD0910216A,M-1810,item:002612,7.113844,7.113844,37,46,1.0,KG
9,SDC-VD0990780A,M-1810,item:002612,2.032527,2.032527,62,71,1.0,KG
9,SDC-VD1091642A,M-1810,item:002612,0.508132,0.508132,57,66,1.0,KG
9,SDC-VD0500655A,M-1810,item:002612,0.508132,0.508132,8,17,1.0,KG
9,SDC-VD0514881A,M-1810,item:016332,2.439032,2.439032,13,22,1.0,KG
9,SDC-VD0519670A,M-1810,item:029313,0.203253,0.203253,25,34,1.0,KG
9,SDC-VD1096202A,M-1810,item:039668,0.203253,0.203253,60,69,1.0,KG
9,SDC-VD0914320A,M-1810,item:055703,0.284554,0.284554,38,47,1.0,KG
9,SDC-VD0964290A,M-1810,item:055703,0.121952,0.121952,39,48,1.0,KG
9,SDC-VD0505677A,M-1810,item:099439,10.162635,10.162635,33,42,1.0,KG
9,SDC-VD0901566A,M-1810,item:338928,10000.0,10000.0,48,57,1.0,UN
9,SDC-VD0914360C,M-1810,item:338929,5006.223908,5006.223908,26,35,1.0,UN
9,SDC-VD0989480A,M-1810,item:426331,55.068463,55.068463,31,40,1.0,UN
9,SDC-1450,M-1810,item:693055,2032.526907,2032.526907,61,70,1.0,G
9,M-1430,DC-1920,item:268967,5200.0,5200.0,5,14,1.0,UN
9,M-1810,DC-1920,item:268091,5006.223908,5006.223908,3,12,1.0,UN
9,DC-1920,C-XXXXX,item:268967,2562.91212,2562.91212,3,12,1.0,UN
9,SDC-VD0949099A,SDC-1450,item:021081,220.508204,232.113899,90,99,0.95,KG
9,SDC-VD0960508A,SDC-1450,item:021081,63.002344,63.002344,69,78,1.0,KG
9,SDC-VD0972460A,SDC-1450,item:021081,15.750586,15.750586,82,91,1.0,KG
9,SDC-VD0975221A,SDC-1450,item:021081,15.750586,15.750586,96,105,1.0,KG
9,SDC-1450,M-1810,item:007923,16260.215254,16260.215254,3,12,1.0,G
10,SDC-VD0914690A,M-1430,item:042342,313778.4,313778.4,10,20,1.0,UN
10,SDC-VD0525412A,M-1430,item:333362,5200.0,5200.0,120,130,1.0,UN
10,SDC-VD0993480A,M-1430,item:344135,5200.0,5200.0,39,49,1.0,UN
10,SDC-VD0520115A,M-1430,item:708073,41.236,41.236,30,40,1.0,KG
10,SDC-VD0508918A,M-1430,item:730384,1102.4,1102.4,77,87,1.0,M
10,SDC-VD1095770A,M-1430,item:734545,41.6,41.6,9,19,1.0,UN
10,SDC-1450,M-1430,item:773474,50204.5336,50204.5336,7,17,1.0,G
10,SDC-VD0951020A,M-1810,item:001757,8.255468,8.255468,89,99,1.0,KG
10,SDC-VD0519670A,M-1810,item:001848,4.334121,4.334121,24,34,1.0,KG
10,SDC-VD0951020A,M-1810,item:001848,1.85748,1.85748,17,27,1.0,KG
10,SDC-VD0910216A,M-1810,item:001893,27.449431,27.449431,37,47,1.0,KG
10,SDC-VD1091642A,M-1810,item:001893,7.842695,7.842695,42,52,1.0,KG
10,SDC-VD0518684A,M-1810,item:001893,3.921347,3.921347,36,46,1.0,KG
10,SDC-VD0910216A,M-1810,item:002612,7.223534,7.223534,23,33,1.0,KG
10,SDC-VD0990780A,M-1810,item:002612,2.063867,2.063867,42,52,1.0,KG
10,SDC-VD1091642A,M-1810,item:002612,0.515967,0.515967,31,41,1.0,KG
10,SDC-VD0500655A,M-1810,item:002612,0.515967,0.515967,32,42,1.0,KG
10,SDC-VD0514881A,M-1810,item:016332,2.47664,2.47664,94,104,1.0,KG
10,SDC-VD0519670A,M-1810,item:029313,0.206387,0.206387,69,79,1.0,KG
10,SDC-VD1096202A,M-1810,item:039668,0.206387,0.206387,49,59,1.0,KG
10,SDC-VD0914320A,M-1810,item:055703,0.288941,0.288941,36,46,1.0,KG
10,SDC-VD0964290A,M-1810,item:055703,0.123832,0.123832,35,45,1.0,KG
10,SDC-VD0505677A,M-1810,item:099439,10.319335,10.319335,29,39,1.0,KG
10,SDC-VD0901566A,M-1810,item:338928,10000.0,10000.0,35,45,1.0,UN
10,SDC-VD0914360C,M-1810,item:338929,5083.41621,5083.41621,45,55,1.0,UN
10,SDC-VD0989480A,M-1810,item:426331,55.917578,55.917578,29,39,1.0,UN
10,SDC-1450,M-1810,item:693055,2063.866981,2063.866981,53,63,1.0,G
10,M-1430,DC-1920,item:268967,5200.0,5200.0,3,13,1.0,UN
10,M-1810,DC-1920,item:268091,5083.41621,5083.41621,4,14,1.0,UN
10,DC-1920,C-XXXXX,item:268967,2562.868138,2562.868138,3,13,1.0,UN
10,DC-1920,C-XXXXX,item:268091,9826.947466,9826.947466,2,12,1.0,UN
10,SDC-VD0949099A,SDC-1450,item:021081,245.468678,258.388082,41,51,0.95,KG
10,SDC-VD0960508A,SDC-1450,item:021081,70.133908,70.133908,120,130,1.0,KG
10,SDC-VD0972460A,SDC-1450,item:021081,17.533477,17.533477,132,142,1.0,KG
10,SDC-VD0975221A,SDC-1450,item:021081,17.533477,17.533477,42,52,1.0,KG
10,SDC-1450,M-1810,item:007923,16510.935852,16510.935852,2,12,1.0,G
11,SDC-VD0914690A,M-1430,item:042342,313778.4,313778.4,30,41,1.0,UN
11,SDC-VD0525412A,M-1430,item:333362,5200.0,5200.0,85,96,1.0,UN
11,SDC-VD0993480A,M-1430,item:344135,5200.0,5200.0,49,60,1.0,UN
11,SDC-VD0520115A,M-1430,item:708073,41.236,41.236,27,38,1.0,KG
11,SDC-VD0508918A,M-1430,item:730384,1102.4,1102.4,74,85,1.0,M
11,SDC-VD1095770A,M-1430,item:734545,41.6,41.6,24,35,1.0,UN
11,SDC-1450,M-1430,item:773474,50204.5336,50204.5336,11,22,1.0,G
11,SDC-VD0951020A,M-1810,item:001757,8.28054,8.28054,100,111,1.0,KG
11,SDC-VD0519670A,M-1810,item:001848,4.347283,4.347283,17,28,1.0,KG
11,SDC-VD0951020A,M-1810,item:001848,1.863121,1.863121,59,70,1.0,KG
11,SDC-VD0910216A,M-1810,item:001893,27.532795,27.532795,41,52,1.0,KG
11,SDC-VD1091642A,M-1810,item:001893,7.866513,7.866513,50,61,1.0,KG
11,SDC-VD0518684A,M-1810,item:001893,3.933256,3.933256,32,43,1.0,KG
11,SDC-VD0910216A,M-1810,item:002612,7.245472,7.245472,45,56,1.0,KG
11,SDC-VD0990780A,M-1810,item:002612,2.070135,2.070135,17,28,1.0,KG
11,SDC-VD1091642A,M-1810,item:002612,0.517534,0.517534,31,42,1.0,KG
11,SDC-VD0500655A,M-1810,item:002612,0.517534,0.517534,15,26,1.0,KG
11,SDC-VD0514881A,M-1810,item:016332,2.484162,2.484162,21,32,1.0,KG
11,SDC-VD0519670A,M-1810,item:029313,0.207013,0.207013,79,90,1.0,KG
11,SDC-VD1096202A,M-1810,item:039668,0.207013,0.207013,35,46,1.0,KG
11,SDC-VD0914320A,M-1810,item:055703,0.289819,0.289819,19,30,1.0,KG
11,SDC-VD0964290A,M-1810,item:055703,0.124208,0.124208,33,44,1.0,KG
11,SDC-VD0505677A,M-1810,item:099439,10.350675,10.350675,37,48,1.0,KG
11,SDC-VD0901566A,M-1810,item:338928,10000.0,10000.0,83,94,1.0,UN
11,SDC-VD0914360C,M-1810,item:338929,5098.854671,5098.854671,15,26,1.0,UN
11,SDC-VD0989480A,M-1810,item:426331,56.087401,56.087401,16,27,1.0,UN
11,SDC-1450,M-1810,item:693055,2070.134996,2070.134996,74,85,1.0,G
11,M-1430,DC-1920,item:268967,5200.0,5200.0,3,14,1.0,UN
11,M-1810,DC-1920,item:268091,5098.854671,5098.854671,5,16,1.0,UN
11,DC-1920,C-XXXXX,item:268967,5200.0,5200.0,2,13,1.0,UN
11,SDC-VD0949099A,SDC-1450,item:021081,264.203032,278.108454,68,79,0.95,KG
11,SDC-VD0960508A,SDC-1450,item:021081,75.48658,75.48658,95,106,1.0,KG
11,SDC-VD0972460A,SDC-1450,item:021081,18.871645,18.871645,135,146,1.0,KG
11,SDC-VD0975221A,SDC-1450,item:021081,18.871645,18.871645,168,179,1.0,KG
11,SDC-1450,M-1810,item:007923,16561.079971,16561.079971,1,12,1.0,G
12,SDC-VD0914690A,M-1430,item:042342,313778.4,313778.4,7,19,1.0,UN
12,SDC-VD0525412A,M-1430,item:333362,5200.0,5200.0,120,132,1.0,UN
12,SDC-VD0993480A,M-1430,item:344135,5200.0,5200.0,61,73,1.0,UN
12,SDC-VD0520115A,M-1430,item:708073,41.236,41.236,21,33,1.0,KG
12,SDC-VD0508918A,M-1430,item:730384,1102.4,1102.4,32,44,1.0,M
12,SDC-VD1095770A,M-1430,item:734545,41.6,41.6,25,37,1.0,UN
12,SDC-1450,M-1430,item:773474,50204.5336,50204.5336,24,36,1.0,G
12,SDC-VD0951020A,M-1810,item:001757,8.285554,8.285554,71,83,1.0,KG
12,SDC-VD0519670A,M-1810,item:001848,4.349916,4.349916,10,22,1.0,KG
12,SDC-VD0951020A,M-1810,item:001848,1.86425,1.86425,44,56,1.0,KG
12,SDC-VD0910216A,M-1810,item:001893,27.549468,27.549468,19,31,1.0,KG
12,SDC-VD1091642A,M-1810,item:001893,7.871277,7.871277,25,37,1.0,KG
12,SDC-VD0518684A,M-1810,item:001893,3.935638,3.935638,45,57,1.0,KG
12,SDC-VD0910216A,M-1810,item:002612,7.24986,7.24986,70,82,1.0,KG
12,SDC-VD0990780A,M-1810,item:002612,2.071389,2.071389,70,82,1.0,KG
12,SDC-VD1091642A,M-1810,item:002612,0.517847,0.517847,37,49,1.0,KG
12,SDC-VD0500655A,M-1810,item:002612,0.517847,0.517847,22,34,1.0,KG
12,SDC-VD0514881A,M-1810,item:016332,2.485666,2.485666,55,67,1.0,KG
12,SDC-VD0519670A,M-1810,item:029313,0.207139,0.207139,48,60,1.0,KG
12,SDC-VD1096202A,M-1810,item:039668,0.207139,0.207139,21,33,1.0,KG
12,SDC-VD0914320A,M-1810,item:055703,0.289994,0.289994,20,32,1.0,KG
12,SDC-VD0964290A,M-1810,item:055703,0.124283,0.124283,39,51,1.0,KG
12,SDC-VD0505677A,M-1810,item:099439,10.356943,10.356943,39,51,1.0,KG
12,SDC-VD0901566A,M-1810,item:338928,10000.0,10000.0,52,64,1.0,UN
12,SDC-VD0914360C,M-1810,item:338929,5101.942363,5101.942363,67,79,1.0,UN
12,SDC-VD0989480A,M-1810,item:426331,56.121366,56.121366,39,51,1.0,UN
12,SDC-1450,M-1810,item:693055,2071.388599,2071.388599,22,34,1.0,G
12,M-1430,DC-1920,item:268967,5200.0,5200.0,2,14,1.0,UN
12,M-1810,DC-1920,item:268091,5101.942363,5101.942363,4,16,1.0,UN
12,DC-1920,C-XXXXX,item:268091,5006.223908,5006.223908,3,15,1.0,UN
12,SDC-VD0949099A,SDC-1450,item:021081,277.94529,292.57399,88,100,0.95,KG
12,SDC-VD0960508A,SDC-1450,item:021081,79.41294,79.41294,216,228,1.0,KG
12,SDC-VD0972460A,SDC-1450,item:021081,19.853235,19.853235,178,190,1.0,KG
12,SDC-VD0975221A,SDC-1450,item:021081,19.853235,19.853235,68,80,1.0,KG
12,SDC-1450,M-1810,item:007923,16571.108795,16571.108795,2,14,1.0,G
13,SDC-VD0914690A,M-1430,item:042342,313778.4,313778.4,10,23,1.0,UN
13,SDC-VD0525412A,M-1430,item:333362,5200.0,5200.0,120,133,1.0,UN
13,SDC-VD0993480A,M-1430,item:344135,5200.0,5200.0,14,27,1.0,UN
13,SDC-VD0520115A,M-1430,item:708073,41.236,41.236,17,30,1.0,KG
13,SDC-VD0508918A,M-1430,item:730384,1102.4,1102.4,12,25,1.0,M
13,SDC-VD1095770A,M-1430,item:734545,41.6,41.6,13,26,1.0,UN
13,SDC-1450,M-1430,item:773474,50204.5336,50204.5336,7,20,1.0,G
13,SDC-VD0951020A,M-1810,item:001757,8.286557,8.286557,154,167,1.0,KG
13,SDC-VD0519670A,M-1810,item:001848,4.350443,4.350443,18,31,1.0,KG
13,SDC-VD0951020A,M-1810,item:001848,1.864475,1.864475,18,31,1.0,KG
13,SDC-VD0910216A,M-1810,item:001893,27.552803,27.552803,19,32,1.0,KG
13,SDC-VD1091642A,M-1810,item:001893,7.872229,7.872229,47,60,1.0,KG
13,SDC-VD0518684A,M-1810,item:001893,3.936115,3.936115,69,82,1.0,KG
13,SDC-VD0910216A,M-1810,item:002612,7.250738,7.250738,70,83,1.0,KG
13,SDC-VD0990780A,M-1810,item:002612,2.071639,2.071639,25,38,1.0,KG
13,SDC-VD1091642A,M-1810,item:002612,0.51791,0.51791,31,44,1.0,KG
13,SDC-VD0500655A,M-1810,item:002612,0.51791,0.51791,20,33,1.0,KG
13,SDC-VD0514881A,M-1810,item:016332,2.485967,2.485967,87,100,1.0,KG
13,SDC-VD0519670A,M-1810,item:029313,0.207164,0.207164,66,79,1.0,KG
13,SDC-VD1096202A,M-1810,item:039668,0.207164,0.207164,30,43,1.0,KG
13,SDC-VD0914320A,M-1810,item:055703,0.29003,0.29003,20,33,1.0,KG
13,SDC-VD0964290A,M-1810,item:055703,0.124298,0.124298,27,40,1.0,KG
13,SDC-VD0505677A,M-1810,item:099439,10.358197,10.358197,17,30,1.0,KG
13,SDC-VD0901566A,M-1810,item:338928,10000.0,10000.0,69,82,1.0,UN
13,SDC-VD0914360C,M-1810,item:338929,5102.559901,5102.559901,32,45,1.0,UN
13,SDC-VD0989480A,M-1810,item:426331,56.128159,56.128159,19,32,1.0,UN
13,SDC-1450,M-1810,item:693055,2071.63932,2071.63932,74,87,1.0,G
13,M-1430,DC-1920,item:268967,5200.0,5200.0,3,16,1.0,UN
13,M-1810,DC-1920,item:268091,5102.559901,5102.559901,2,15,1.0,UN
13,DC-1920,C-XXXXX,item:268967,10400.0,10400.0,5,18,1.0,UN
13,SDC-VD0949099A,SDC-1450,item:021081,287.940678,303.095451,131,144,0.95,KG
13,SDC-VD0960508A,SDC-1450,item:021081,82.268765,82.268765,58,71,1.0,KG
13,SDC-VD0972460A,SDC-1450,item:021081,20.567191,20.567191,115,128,1.0,KG
13,SDC-VD0975221A,SDC-1450,item:021081,20.567191,20.567191,76,89,1.0,KG
13,SDC-1450,M-1810,item:007923,16573.11456,16573.11456,1,14,1.0,G
14,SDC-VD0914690A,M-1430,item:042342,276801.975859,276801.975859,37,51,1.0,UN
14,SDC-VD0525412A,M-1430,item:333362,4587.219115,4587.219115,72,86,1.0,UN
14,SDC-VD0993480A,M-1430,item:344135,4587.219115,4587.219115,18,32,1.0,UN
14,SDC-VD0520115A,M-1430,item:708073,36.376648,36.376648,9,23,1.0,KG
14,SDC-VD0508918A,M-1430,item:730384,972.490452,972.490452,88,102,1.0,M
14,SDC-VD1095770A,M-1430,item:734545,36.697753,36.697753,13,27,1.0,UN
14,SDC-1450,M-1430,item:773474,44288.306963,44288.306963,12,26,1.0,G
14,SDC-VD0951020A,M-1810,item:001757,11.227033,11.227033,66,80,1.0,KG
14,SDC-VD0519670A,M-1810,item:001848,5.894192,5.894192,13,27,1.0,KG
14,SDC-VD0951020A,M-1810,item:001848,2.526082,2.526082,48,62,1.0,KG
14,SDC-VD0910216A,M-1810,item:001893,37.329885,37.329885,21,35,1.0,KG
14,SDC-VD1091642A,M-1810,item:001893,10.665681,10.665681,24,38,1.0,KG
14,SDC-VD0518684A,M-1810,item:001893,5.332841,5.332841,72,86,1.0,KG
14,SDC-VD0910216A,M-1810,item:002612,9.823654,9.823654,23,37,1.0,KG
14,SDC-VD0990780A,M-1810,item:002612,2.806758,2.806758,39,53,1.0,KG
14,SDC-VD1091642A,M-1810,item:002612,0.70169,0.70169,47,61,1.0,KG
14,SDC-VD0500655A,M-1810,item:002612,0.70169,0.70169,30,44,1.0,KG
14,SDC-VD0514881A,M-1810,item:016332,3.36811,3.36811,27,41,1.0,KG
14,SDC-VD0519670A,M-1810,item:029313,0.280676,0.280676,46,60,1.0,KG
14,SDC-VD1096202A,M-1810,item:039668,0.280676,0.280676,16,30,1.0,KG
14,SDC-VD0914320A,M-1810,item:055703,0.392946,0.392946,18,32,1.0,KG
14,SDC-VD0964290A,M-1810,item:055703,0.168405,0.168405,74,88,1.0,KG
14,SDC-VD0505677A,M-1810,item:099439,14.033791,14.033791,17,31,1.0,KG
14,SDC-VD0901566A,M-1810,item:338928,10000.0,10000.0,86,100,1.0,UN
14,SDC-VD0914360C,M-1810,item:338929,6913.197695,6913.197695,17,31,1.0,UN
14,SDC-VD0989480A,M-1810,item:426331,76.045175,76.045175,56,70,1.0,UN
14,SDC-1450,M-1810,item:693055,2806.758264,2806.758264,88,102,1.0,G
14,M-1430,DC-1920,item:268967,4587.219115,4587.219115,3,17,1.0,UN
14,M-1810,DC-1920,item:268091,6913.197695,6913.197695,4,18,1.0,UN
14,DC-1920,C-XXXXX,item:268967,15600.0,15600.0,3,17,1.0,UN
14,DC-1920,C-XXXXX,item:268091,9703.678608,9703.678608,3,17,1.0,UN
14,SDC-VD0949099A,SDC-1450,item:021081,295.187614,310.723805,62,76,0.95,KG
14,SDC-VD0960508A,SDC-1450,item:021081,84.339318,84.339318,67,81,1.0,KG
14,SDC-VD0972460A,SDC-1450,item:021081,21.08483,21.08483,98,112,1.0,KG
14,SDC-VD0975221A,SDC-1450,item:021081,21.08483,21.08483,113,127,1.0,KG
14,SDC-1450,M-1810,item:007923,22454.066112,22454.066112,2,16,1.0,G
15,SDC-VD0914690A,M-1430,item:042342,256654.41095,256654.41095,19,34,1.0,UN
15,SDC-VD0525412A,M-1430,item:333362,4253.329537,4253.329537,48,63,1.0,UN
15,SDC-VD0993480A,M-1430,item:344135,4253.329537,4253.329537,32,47,1.0,UN
15,SDC-VD0520115A,M-1430,item:708073,33.728903,33.728903,42,57,1.0,KG
15,SDC-VD0508918A,M-1430,item:730384,901.705862,901.705862,48,63,1.0,M
15,SDC-VD1095770A,M-1430,item:734545,34.026636,34.026636,16,31,1.0,UN
15,SDC-1450,M-1430,item:773474,41064.697245,41064.697245,15,30,1.0,G
15,SDC-VD0951020A,M-1810,item:001757,11.815128,11.815128,52,67,1.0,KG
15,SDC-VD0519670A,M-1810,item:001848,6.202942,6.202942,13,28,1.0,KG
15,SDC-VD0951020A,M-1810,item:001848,2.658404,2.658404,72,87,1.0,KG
15,SDC-VD0910216A,M-1810,item:001893,39.285301,39.285301,44,59,1.0,KG
15,SDC-VD1091642A,M-1810,item:001893,11.224372,11.224372,53,68,1.0,KG
15,SDC-VD0518684A,M-1810,item:001893,5.612186,5.612186,29,44,1.0,KG
15,SDC-VD0910216A,M-1810,item:002612,10.338237,10.338237,45,60,1.0,KG
15,SDC-VD0990780A,M-1810,item:002612,2.953782,2.953782,65,80,1.0,KG
15,SDC-VD1091642A,M-1810,item:002612,0.738446,0.738446,43,58,1.0,KG
15,SDC-VD0500655A,M-1810,item:002612,0.738446,0.738446,18,33,1.0,KG
15,SDC-VD0514881A,M-1810,item:016332,3.544538,3.544538,26,41,1.0,KG
15,SDC-VD0519670A,M-1810,item:029313,0.295378,0.295378,58,73,1.0,KG
15,SDC-VD1096202A,M-1810,item:039668,0.295378,0.295378,33,48,1.0,KG
15,SDC-VD0914320A,M-1810,item:055703,0.413529,0.413529,18,33,1.0,KG
15,SDC-VD0964290A,M-1810,item:055703,0.177227,0.177227,30,45,1.0,KG
15,SDC-VD0505677A,M-1810,item:099439,14.76891,14.76891,39,54,1.0,KG
15,SDC-VD0901566A,M-1810,item:338928,10000.0,10000.0,61,76,1.0,UN
15,SDC-VD0914360C,M-1810,item:338929,7275.325253,7275.325253,25,40,1.0,UN
15,SDC-VD0989480A,M-1810,item:426331,80.028578,80.028578,27,42,1.0,UN
15,SDC-1450,M-1810,item:693055,2953.782053,2953.782053,35,50,1.0,G
15,M-1430,DC-1920,item:268967,4253.329537,4253.329537,2,17,1.0,UN
15,M-1810,DC-1920,item:268091,7275.325253,7275.325253,3,18,1.0,UN
15,DC-1920,C-XXXXX,item:268091,5102.559901,5102.559901,5,20,1.0,UN
15,SDC-VD0949099A,SDC-1450,item:021081,293.030724,308.453393,21,36,0.95,KG
15,SDC-VD0960508A,SDC-1450,item:021081,83.723064,83.723064,41,56,1.0,KG
15,SDC-VD0972460A,SDC-1450,item:021081,20.930766,20.930766,90,105,1.0,KG
15,SDC-VD0975221A,SDC-1450,item:021081,20.930766,20.930766,72,87,1.0,KG
15,SDC-1450,M-1810,item:007923,23630.256423,23630.256423,1,16,1.0,G
16,SDC-VD0914690A,M-1430,item:042342,252624.897968,252624.897968,17,33,1.0,UN
16,SDC-VD0525412A,M-1430,item:333362,4186.551622,4186.551622,69,85,1.0,UN
16,SDC-VD0993480A,M-1430,item:344135,4186.551622,4186.551622,34,50,1.0,UN
16,SDC-VD0520115A,M-1430,item:708073,33.199354,33.199354,20,36,1.0,KG
16,SDC-VD0508918A,M-1430,item:730384,887.548944,887.548944,62,78,1.0,M
16,SDC-VD1095770A,M-1430,item:734545,33.492413,33.492413,11,27,1.0,UN
16,SDC-1450,M-1430,item:773474,40419.975302,40419.975302,11,27,1.0,G
16,SDC-VD0951020A,M-1810,item:001757,11.932747,11.932747,45,61,1.0,KG
16,SDC-VD0519670A,M-1810,item:001848,6.264692,6.264692,21,37,1.0,KG
16,SDC-VD0951020A,M-1810,item:001848,2.684868,2.684868,76,92,1.0,KG
16,SDC-VD0910216A,M-1810,item:001893,39.676385,39.676385,15,31,1.0,KG
16,SDC-VD1091642A,M-1810,item:001893,11.33611,11.33611,65,81,1.0,KG
16,SDC-VD0518684A,M-1810,item:001893,5.668055,5.668055,47,63,1.0,KG
16,SDC-VD0910216A,M-1810,item:002612,10.441154,10.441154,48,64,1.0,KG
16,SDC-VD0990780A,M-1810,item:002612,2.983187,2.983187,20,36,1.0,KG
16,SDC-VD1091642A,M-1810,item:002612,0.745797,0.745797,39,55,1.0,KG
16,SDC-VD0500655A,M-1810,item:002612,0.745797,0.745797,11,27,1.0,KG
16,SDC-VD0514881A,M-1810,item:016332,3.579824,3.579824,36,52,1.0,KG
16,SDC-VD0519670A,M-1810,item:029313,0.298319,0.298319,30,46,1.0,KG
16,SDC-VD1096202A,M-1810,item:039668,0.298319,0.298319,58,74,1.0,KG
16,SDC-VD0914320A,M-1810,item:055703,0.417646,0.417646,30,46,1.0,KG
16,SDC-VD0964290A,M-1810,item:055703,0.178991,0.178991,17,33,1.0,KG
16,SDC-VD0505677A,M-1810,item:099439,14.915934,14.915934,20,36,1.0,KG
16,SDC-VD0901566A,M-1810,item:338928,10000.0,10000.0,41,57,1.0,UN
16,SDC-VD0914360C,M-1810,item:338929,7347.750765,7347.750765,44,60,1.0,UN
16,SDC-VD0989480A,M-1810,item:426331,80.825258,80.825258,28,44,1.0,UN
16,SDC-1450,M-1810,item:693055,2983.186811,2983.186811,24,40,1.0,G
16,M-1430,DC-1920,item:268967,4186.551622,4186.551622,2,18,1.0,UN
16,M-1810,DC-1920,item:268091,7347.750765,7347.750765,3,19,1.0,UN
16,DC-1920,C-XXXXX,item:268967,5200.0,5200.0,4,20,1.0,UN
16,DC-1920,C-XXXXX,item:268091,10200.797034,10200.797034,2,18,1.0,UN
16,SDC-VD0949099A,SDC-1450,item:021081,285.389776,300.41029,130,146,0.95,KG
16,SDC-VD0960508A,SDC-1450,item:021081,81.539936,81.539936,100,116,1.0,KG
16,SDC-VD0972460A,SDC-1450,item:021081,20.384984,20.384984,100,116,1.0,KG
16,SDC-VD0975221A,SDC-1450,item:021081,20.384984,20.384984,158,174,1.0,KG
16,SDC-1450,M-1810,item:007923,23865.494485,23865.494485,1,17,1.0,G
17,SDC-VD0914690A,M-1430,item:042342,251818.995372,251818.995372,41,58,1.0,UN
17,SDC-VD0525412A,M-1430,item:333362,4173.196039,4173.196039,53,70,1.0,UN
17,SDC-VD0993480A,M-1430,item:344135,4173.196039,4173.196039,38,55,1.0,UN
17,SDC-VD0520115A,M-1430,item:708073,33.093445,33.093445,20,37,1.0,KG
17,SDC-VD0508918A,M-1430,item:730384,884.71756,884.71756,73,90,1.0,M
17,SDC-VD1095770A,M-1430,item:734545,33.385568,33.385568,22,39,1.0,UN
17,SDC-1450,M-1430,item:773474,40291.030913,40291.030913,18,35,1.0,G
17,SDC-VD0951020A,M-1810,item:001757,11.956271,11.956271,38,55,1.0,KG
17,SDC-VD0519670A,M-1810,item:001848,6.277042,6.277042,18,35,1.0,KG
17,SDC-VD0951020A,M-1810,item:001848,2.690161,2.690161,95,112,1.0,KG
17,SDC-VD0910216A,M-1810,item:001893,39.754601,39.754601,6,23,1.0,KG
17,SDC-VD1091642A,M-1810,item:001893,11.358457,11.358457,84,101,1.0,KG
17,SDC-VD0518684A,M-1810,item:001893,5.679229,5.679229,30,47,1.0,KG
17,SDC-VD0910216A,M-1810,item:002612,10.461737,10.461737,70,87,1.0,KG
17,SDC-VD0990780A,M-1810,item:002612,2.989068,2.989068,70,87,1.0,KG
17,SDC-VD1091642A,M-1810,item:002612,0.747267,0.747267,16,33,1.0,KG
17,SDC-VD0500655A,M-1810,item:002612,0.747267,0.747267,39,56,1.0,KG
17,SDC-VD0514881A,M-1810,item:016332,3.586881,3.586881,21,38,1.0,KG
17,SDC-VD0519670A,M-1810,item:029313,0.298907,0.298907,7,24,1.0,KG
17,SDC-VD1096202A,M-1810,item:039668,0.298907,0.298907,23,40,1.0,KG
17,SDC-VD0914320A,M-1810,item:055703,0.418469,0.418469,9,26,1.0,KG
17,SDC-VD0964290A,M-1810,item:055703,0.179344,0.179344,44,61,1.0,KG
17,SDC-VD0505677A,M-1810,item:099439,14.945339,14.945339,21,38,1.0,KG
17,SDC-VD0901566A,M-1810,item:338928,10000.0,10000.0,83,100,1.0,UN
17,SDC-VD0914360C,M-1810,item:338929,7362.235867,7362.235867,30,47,1.0,UN
17,SDC-VD0989480A,M-1810,item:426331,80.984595,80.984595,16,33,1.0,UN
17,SDC-1450,M-1810,item:693055,2989.067762,2989.067762,36,53,1.0,G
17,M-1430,DC-1920,item:268967,4173.196039,4173.196039,4,21,1.0,UN
17,M-1810,DC-1920,item:268091,7362.235867,7362.235867,2,19,1.0,UN
17,DC-1920,C-XXXXX,item:268967,8840.548653,8840.548653,3,20,1.0,UN
17,SDC-VD0949099A,SDC-1450,item:021081,277.373272,291.971866,141,158,0.95,KG
17,SDC-VD0960508A,SDC-1450,item:021081,79.249506,79.249506,85,102,1.0,KG
17,SDC-VD0972460A,SDC-1450,item:021081,19.812377,19.812377,216,233,1.0,KG
17,SDC-VD0975221A,SDC-1450,item:021081,19.812377,19.812377,126,143,1.0,KG
17,SDC-1450,M-1810,item:007923,23912.542097,23912.542097,1,18,1.0,G
18,SDC-VD0914690A,M-1430,item:042342,251657.814853,251657.814853,31,49,1.0,UN
18,SDC-VD0525412A,M-1430,item:333362,4170.524922,4170.524922,94,112,1.0,UN
18,SDC-VD0993480A,M-1430,item:344135,4170.524922,4170.524922,7,25,1.0,UN
18,SDC-VD0520115A,M-1430,item:708073,33.072263,33.072263,12,30,1.0,KG
18,SDC-VD0508918A,M-1430,item:730384,884.151283,884.151283,75,93,1.0,M
18,SDC-VD1095770A,M-1430,item:734545,33.364199,33.364199,8,26,1.0,UN
18,SDC-1450,M-1430,item:773474,40265.242035,40265.242035,19,37,1.0,G
18,SDC-VD0951020A,M-1810,item:001757,11.960976,11.960976,126,144,1.0,KG
18,SDC-VD0519670A,M-1810,item:001848,6.279512,6.279512,21,39,1.0,KG
18,SDC-VD0951020A,M-1810,item:001848,2.69122,2.69122,42,60,1.0,KG
18,SDC-VD0910216A,M-1810,item:001893,39.770245,39.770245,17,35,1.0,KG
18,SDC-VD1091642A,M-1810,item:001893,11.362927,11.362927,13,31,1.0,KG
18,SDC-VD0518684A,M-1810,item:001893,5.681464,5.681464,54,72,1.0,KG
18,SDC-VD0910216A,M-1810,item:002612,10.465854,10.465854,70,88,1.0,KG
18,SDC-VD0990780A,M-1810,item:002612,2.990244,2.990244,18,36,1.0,KG
18,SDC-VD1091642A,M-1810,item:002612,0.747561,0.747561,31,49,1.0,KG
18,SDC-VD0500655A,M-1810,item:002612,0.747561,0.747561,15,33,1.0,KG
18,SDC-VD0514881A,M-1810,item:016332,3.588293,3.588293,42,60,1.0,KG
18,SDC-VD0519670A,M-1810,item:029313,0.299024,0.299024,93,111,1.0,KG
18,SDC-VD1096202A,M-1810,item:039668,0.299024,0.299024,20,38,1.0,KG
18,SDC-VD0914320A,M-1810,item:055703,0.418634,0.418634,12,30,1.0,KG
18,SDC-VD0964290A,M-1810,item:055703,0.179415,0.179415,36,54,1.0,KG
18,SDC-VD0505677A,M-1810,item:099439,14.95122,14.95122,28,46,1.0,KG
18,SDC-VD0901566A,M-1810,item:338928,10000.0,10000.0,60,78,1.0,UN
18,SDC-VD0914360C,M-1810,item:338929,7365.132888,7365.132888,27,45,1.0,UN
18,SDC-VD0989480A,M-1810,item:426331,81.016462,81.016462,41,59,1.0,UN
18,SDC-1450,M-1810,item:693055,2990.243952,2990.243952,53,71,1.0,G
18,M-1430,DC-1920,item:268967,4170.524922,4170.524922,2,20,1.0,UN
18,M-1810,DC-1920,item:268091,7365.132888,7365.132888,3,21,1.0,UN
18,DC-1920,C-XXXXX,item:268967,4186.551622,4186.551622,2,20,1.0,UN
18,DC-1920,C-XXXXX,item:268091,14188.522948,14188.522948,3,21,1.0,UN
18,SDC-VD0949099A,SDC-1450,item:021081,270.723571,284.97218,108,126,0.95,KG
18,SDC-VD0960508A,SDC-1450,item:021081,77.349592,77.349592,59,77,1.0,KG
18,SDC-VD0972460A,SDC-1450,item:021081,19.337398,19.337398,174,192,1.0,KG
18,SDC-VD0975221A,SDC-1450,item:021081,19.337398,19.337398,111,129,1.0,KG
18,SDC-1450,M-1810,item:007923,23921.95162,23921.95162,1,19,1.0,G
19,SDC-VD0914690A,M-1430,item:042342,251625.578749,251625.578749,14,33,1.0,UN
19,SDC-VD0525412A,M-1430,item:333362,4169.990699,4169.990699,45,64,1.0,UN
19,SDC-VD0993480A,M-1430,item:344135,4169.990699,4169.990699,39,58,1.0,UN
19,SDC-VD0520115A,M-1430,item:708073,33.068026,33.068026,22,41,1.0,KG
19,SDC-VD0508918A,M-1430,item:730384,884.038028,884.038028,28,47,1.0,M
19,SDC-VD1095770A,M-1430,item:734545,33.359926,33.359926,26,45,1.0,UN
19,SDC-1450,M-1430,item:773474,40260.08426,40260.08426,7,26,1.0,G
19,SDC-VD0951020A,M-1810,item:001757,11.961917,11.961917,54,73,1.0,KG
19,SDC-VD0519670A,M-1810,item:001848,6.280006,6.280006,21,40,1.0,KG
19,SDC-VD0951020A,M-1810,item:001848,2.691431,2.691431,13,32,1.0,KG
19,SDC-VD0910216A,M-1810,item:001893,39.773373,39.773373,12,31,1.0,KG
19,SDC-VD1091642A,M-1810,item:001893,11.363821,11.363821,51,70,1.0,KG
19,SDC-VD0518684A,M-1810,item:001893,5.68191,5.68191,56,75,1.0,KG
19,SDC-VD0910216A,M-1810,item:002612,10.466677,10.466677,70,89,1.0,KG
19,SDC-VD0990780A,M-1810,item:002612,2.990479,2.990479,24,43,1.0,KG
19,SDC-VD1091642A,M-1810,item:002612,0.74762,0.74762,57,76,1.0,KG
19,SDC-VD0500655A,M-1810,item:002612,0.74762,0.74762,20,39,1.0,KG
19,SDC-VD0514881A,M-1810,item:016332,3.588575,3.588575,33,52,1.0,KG
19,SDC-VD0519670A,M-1810,item:029313,0.299048,0.299048,43,62,1.0,KG
19,SDC-VD1096202A,M-1810,item:039668,0.299048,0.299048,35,54,1.0,KG
19,SDC-VD0914320A,M-1810,item:055703,0.418667,0.418667,15,34,1.0,KG
19,SDC-VD0964290A,M-1810,item:055703,0.179429,0.179429,45,64,1.0,KG
19,SDC-VD0505677A,M-1810,item:099439,14.952396,14.952396,44,63,1.0,KG
19,SDC-VD0901566A,M-1810,item:338928,10000.0,10000.0,82,101,1.0,UN
19,SDC-VD0914360C,M-1810,item:338929,7365.712292,7365.712292,62,81,1.0,UN
19,SDC-VD0989480A,M-1810,item:426331,81.022835,81.022835,17,36,1.0,UN
19,SDC-1450,M-1810,item:693055,2990.479191,2990.479191,50,69,1.0,G
19,M-1430,DC-1920,item:268967,4169.990699,4169.990699,3,22,1.0,UN
19,M-1810,DC-1920,item:268091,7365.712292,7365.712292,4,23,1.0,UN
19,DC-1920,C-XXXXX,item:268091,14709.986632,14709.986632,1,20,1.0,UN
19,SDC-VD0949099A,SDC-1450,item:021081,265.644894,279.626204,146,165,0.95,KG
19,SDC-VD0960508A,SDC-1450,item:021081,75.898541,75.898541,139,158,1.0,KG
19,SDC-VD0972460A,SDC-1450,item:021081,18.974635,18.974635,54,73,1.0,KG
19,SDC-VD0975221A,SDC-1450,item:021081,18.974635,18.974635,84,103,1.0,KG
19,SDC-1450,M-1810,item:007923,23923.833524,23923.833524,1,20,1.0,G
20,SDC-VD0914690A,M-1430,item:042342,251619.131528,251619.131528,11,31,1.0,UN
20,SDC-VD0525412A,M-1430,item:333362,4169.883854,4169.883854,29,49,1.0,UN
20,SDC-VD0993480A,M-1430,item:344135,4169.883854,4169.883854,38,58,1.0,UN
20,SDC-VD0520115A,M-1430,item:708073,33.067179,33.067179,21,41,1.0,KG
20,SDC-VD0508918A,M-1430,item:730384,884.015377,884.015377,61,81,1.0,M
20,SDC-VD1095770A,M-1430,item:734545,33.359071,33.359071,27,47,1.0,UN
20,SDC-1450,M-1430,item:773474,40259.052705,40259.052705,8,28,1.0,G
20,SDC-VD0951020A,M-1810,item:001757,11.962105,11.962105,24,44,1.0,KG
20,SDC-VD0519670A,M-1810,item:001848,6.280105,6.280105,24,44,1.0,KG
20,SDC-VD0951020A,M-1810,item:001848,2.691474,2.691474,80,100,1.0,KG
20,SDC-VD0910216A,M-1810,item:001893,39.773999,39.773999,15,35,1.0,KG
20,SDC-VD1091642A,M-1810,item:001893,11.364,11.364,65,85,1.0,KG
20,SDC-VD0518684A,M-1810,item:001893,5.682,5.682,44,64,1.0,KG
20,SDC-VD0910216A,M-1810,item:002612,10.466842,10.466842,54,74,1.0,KG
20,SDC-VD0990780A,M-1810,item:002612,2.990526,2.990526,38,58,1.0,KG
20,SDC-VD1091642A,M-1810,item:002612,0.747632,0.747632,44,64,1.0,KG
20,SDC-VD0500655A,M-1810,item:002612,0.747632,0.747632,15,35,1.0,KG
20,SDC-VD0514881A,M-1810,item:016332,3.588631,3.588631,86,106,1.0,KG
20,SDC-VD0519670A,M-1810,item:029313,0.299053,0.299053,26,46,1.0,KG
20,SDC-VD1096202A,M-1810,item:039668,0.299053,0.299053,24,44,1.0,KG
20,SDC-VD0914320A,M-1810,item:055703,0.418674,0.418674,27,47,1.0,KG
20,SDC-VD0964290A,M-1810,item:055703,0.179432,0.179432,15,35,1.0,KG
20,SDC-VD0505677A,M-1810,item:099439,14.952631,14.952631,22,42,1.0,KG
20,SDC-VD0901566A,M-1810,item:338928,10000.0,10000.0,44,64,1.0,UN
20,SDC-VD0914360C,M-1810,item:338929,7365.828173,7365.828173,22,42,1.0,UN
20,SDC-VD0989480A,M-1810,item:426331,81.02411,81.02411,29,49,1.0,UN
20,SDC-1450,M-1810,item:693055,2990.526238,2990.526238,108,128,1.0,G
20,M-1430,DC-1920,item:268967,4169.883854,4169.883854,1,21,1.0,UN
20,M-1810,DC-1920,item:268091,7365.828173,7365.828173,3,23,1.0,UN
20,DC-1920,C-XXXXX,item:268967,4170.524922,4170.524922,3,23,1.0,UN
20,SDC-VD0949099A,SDC-1450,item:021081,261.889701,275.67337,37,57,0.95,KG
20,SDC-VD0960508A,SDC-1450,item:021081,74.825629,74.825629,73,93,1.0,KG
20,SDC-VD0972460A,SDC-1450,item:021081,18.706407,18.706407,19,39,1.0,KG
20,SDC-VD0975221A,SDC-1450,item:021081,18.706407,18.706407,136,156,1.0,KG
20,SDC-1450,M-1810,item:007923,23924.209905,23924.209905,1,21,1.0,G
21,SDC-VD0914690A,M-1430,item:042342,239004.640041,239004.640041,42,63,1.0,UN
21,SDC-VD0525412A,M-1430,item:333362,3960.833914,3960.833914,43,64,1.0,UN
21,SDC-VD0993480A,M-1430,item:344135,3960.833914,3960.833914,36,57,1.0,UN
21,SDC-VD0520115A,M-1430,item:708073,31.409413,31.409413,17,38,1.0,KG
21,SDC-VD0508918A,M-1430,item:730384,839.69679,839.69679,44,65,1.0,M
21,SDC-VD1095770A,M-1430,item:734545,31.686671,31.686671,15,36,1.0,UN
21,SDC-1450,M-1430,item:773474,38240.734485,38240.734485,8,29,1.0,G
21,SDC-VD0951020A,M-1810,item:001757,17.556312,17.556312,99,120,1.0,KG
21,SDC-VD0519670A,M-1810,item:001848,9.217064,9.217064,22,43,1.0,KG
21,SDC-VD0951020A,M-1810,item:001848,3.95017,3.95017,32,53,1.0,KG
21,SDC-VD0910216A,M-1810,item:001893,58.374738,58.374738,48,69,1.0,KG
21,SDC-VD1091642A,M-1810,item:001893,16.678497,16.678497,47,68,1.0,KG
21,SDC-VD0518684A,M-1810,item:001893,8.339248,8.339248,103,124,1.0,KG
21,SDC-VD0910216A,M-1810,item:002612,15.361773,15.361773,70,91,1.0,KG
21,SDC-VD0990780A,M-1810,item:002612,4.389078,4.389078,29,50,1.0,KG
21,SDC-VD1091642A,M-1810,item:002612,1.09727,1.09727,43,64,1.0,KG
21,SDC-VD0500655A,M-1810,item:002612,1.09727,1.09727,29,50,1.0,KG
21,SDC-VD0514881A,M-1810,item:016332,5.266894,5.266894,31,52,1.0,KG
21,SDC-VD0519670A,M-1810,item:029313,0.438908,0.438908,44,65,1.0,KG
21,SDC-VD1096202A,M-1810,item:039668,0.438908,0.438908,51,72,1.0,KG
21,SDC-VD0914320A,M-1810,item:055703,0.614471,0.614471,20,41,1.0,KG
21,SDC-VD0964290A,M-1810,item:055703,0.263345,0.263345,65,86,1.0,KG
21,SDC-VD0505677A,M-1810,item:099439,21.94539,21.94539,34,55,1.0,KG
21,SDC-VD0901566A,M-1810,item:338928,10000.0,10000.0,117,138,1.0,UN
21,SDC-VD0914360C,M-1810,item:338929,10810.537063,10810.537063,62,83,1.0,UN
21,SDC-VD0989480A,M-1810,item:426331,118.915908,118.915908,13,34,1.0,UN
21,SDC-1450,M-1810,item:693055,4389.078048,4389.078048,88,109,1.0,G
21,M-1430,DC-1920,item:268967,3960.833914,3960.833914,4,25,1.0,UN
21,M-1810,DC-1920,item:268091,10810.537063,10810.537063,2,23,1.0,UN
21,DC-1920,C-XXXXX,item:268967,8343.079893,8343.079893,2,23,1.0,UN
21,DC-1920,C-XXXXX,item:268091,7365.132888,7365.132888,1,22,1.0,UN
21,SDC-VD0949099A,SDC-1450,item:021081,259.148953,272.788371,113,134,0.95,KG
21,SDC-VD0960508A,SDC-1450,item:021081,74.042558,74.042558,57,78,1.0,KG
21,SDC-VD0972460A,SDC-1450,item:021081,18.510639,18.510639,240,261,1.0,KG
21,SDC-VD0975221A,SDC-1450,item:021081,18.510639,18.510639,67,88,1.0,KG
21,SDC-1450,M-1810,item:007923,35112.624382,35112.624382,2,23,1.0,G
22,SDC-VD0914690A,M-1430,item:042342,236481.741743,236481.741743,42,64,1.0,UN
22,SDC-VD0525412A,M-1430,item:333362,3919.023926,3919.023926,42,64,1.0,UN
22,SDC-VD0993480A,M-1430,item:344135,3919.023926,3919.023926,39,61,1.0,UN
22,SDC-VD0520115A,M-1430,item:708073,31.07786,31.07786,39,61,1.0,KG
22,SDC-VD0508918A,M-1430,item:730384,830.833072,830.833072,48,70,1.0,M
22,SDC-VD1095770A,M-1430,item:734545,31.352191,31.352191,7,29,1.0,UN
22,SDC-1450,M-1430,item:773474,37837.070841,37837.070841,10,32,1.0,G
22,SDC-VD0951020A,M-1810,item:001757,18.675154,18.675154,17,39,1.0,KG
22,SDC-VD0519670A,M-1810,item:001848,9.804456,9.804456,27,49,1.0,KG
22,SDC-VD0951020A,M-1810,item:001848,4.20191,4.20191,112,134,1.0,KG
22,SDC-VD0910216A,M-1810,item:001893,62.094886,62.094886,40,62,1.0,KG
22,SDC-VD1091642A,M-1810,item:001893,17.741396,17.741396,29,51,1.0,KG
22,SDC-VD0518684A,M-1810,item:001893,8.870698,8.870698,76,98,1.0,KG
22,SDC-VD0910216A,M-1810,item:002612,16.340759,16.340759,39,61,1.0,KG
22,SDC-VD0990780A,M-1810,item:002612,4.668788,4.668788,39,61,1.0,KG
22,SDC-VD1091642A,M-1810,item:002612,1.167197,1.167197,59,81,1.0,KG
22,SDC-VD0500655A,M-1810,item:002612,1.167197,1.167197,42,64,1.0,KG
22,SDC-VD0514881A,M-1810,item:016332,5.602546,5.602546,21,43,1.0,KG
22,SDC-VD0519670A,M-1810,item:029313,0.466879,0.466879,100,122,1.0,KG
22,SDC-VD1096202A,M-1810,item:039668,0.466879,0.466879,29,51,1.0,KG
22,SDC-VD0914320A,M-1810,item:055703,0.65363,0.65363,31,53,1.0,KG
22,SDC-VD0964290A,M-1810,item:055703,0.280127,0.280127,32,54,1.0,KG
22,SDC-VD0505677A,M-1810,item:099439,23.343942,23.343942,31,53,1.0,KG
22,SDC-VD0901566A,M-1810,item:338928,10000.0,10000.0,58,80,1.0,UN
22,SDC-VD0914360C,M-1810,item:338929,11499.478841,11499.478841,66,88,1.0,UN
22,SDC-VD0989480A,M-1810,item:426331,126.494267,126.494267,37,59,1.0,UN
22,SDC-1450,M-1810,item:693055,4668.78841,4668.78841,93,115,1.0,G
22,M-1430,DC-1920,item:268967,3919.023926,3919.023926,2,24,1.0,UN
22,M-1810,DC-1920,item:268091,11499.478841,11499.478841,3,25,1.0,UN
22,DC-1920,C-XXXXX,item:268967,4169.990699,4169.990699,3,25,1.0,UN
22,SDC-VD0949099A,SDC-1450,item:021081,254.633116,268.034859,94,116,0.95,KG
22,SDC-VD0960508A,SDC-1450,item:021081,72.752319,72.752319,94,116,1.0,KG
22,SDC-VD0972460A,SDC-1450,item:021081,18.18808,18.18808,180,202,1.0,KG
22,SDC-VD0975221A,SDC-1450,item:021081,18.18808,18.18808,135,157,1.0,KG
22,SDC-1450,M-1810,item:007923,37350.307277,37350.307277,2,24,1.0,G
23,SDC-VD0914690A,M-1430,item:042342,235977.162084,235977.162084,18,41,1.0,UN
23,SDC-VD0525412A,M-1430,item:333362,3910.661928,3910.661928,120,143,1.0,UN
23,SDC-VD0993480A,M-1430,item:344135,3910.661928,3910.661928,38,61,1.0,UN
23,SDC-VD0520115A,M-1430,item:708073,31.011549,31.011549,32,55,1.0,KG
23,SDC-VD0508918A,M-1430,item:730384,829.060329,829.060329,61,84,1.0,M
23,SDC-VD1095770A,M-1430,item:734545,31.285295,31.285295,32,55,1.0,UN
23,SDC-1450,M-1430,item:773474,37756.338112,37756.338112,17,40,1.0,G
23,SDC-VD0951020A,M-1810,item:001757,18.898922,18.898922,64,87,1.0,KG
23,SDC-VD0519670A,M-1810,item:001848,9.921934,9.921934,18,41,1.0,KG
23,SDC-VD0951020A,M-1810,item:001848,4.252257,4.252257,58,81,1.0,KG
23,SDC-VD0910216A,M-1810,item:001893,62.838915,62.838915,18,41,1.0,KG
23,SDC-VD1091642A,M-1810,item:001893,17.953976,17.953976,37,60,1.0,KG
23,SDC-VD0518684A,M-1810,item:001893,8.976988,8.976988,26,49,1.0,KG
23,SDC-VD0910216A,M-1810,item:002612,16.536557,16.536557,33,56,1.0,KG
23,SDC-VD0990780A,M-1810,item:002612,4.72473,4.72473,3,26,1.0,KG
23,SDC-VD1091642A,M-1810,item:002612,1.181183,1.181183,36,59,1.0,KG
23,SDC-VD0500655A,M-1810,item:002612,1.181183,1.181183,15,38,1.0,KG
23,SDC-VD0514881A,M-1810,item:016332,5.669677,5.669677,43,66,1.0,KG
23,SDC-VD0519670A,M-1810,item:029313,0.472473,0.472473,60,83,1.0,KG
23,SDC-VD1096202A,M-1810,item:039668,0.472473,0.472473,21,44,1.0,KG
23,SDC-VD0914320A,M-1810,item:055703,0.661462,0.661462,8,31,1.0,KG
23,SDC-VD0964290A,M-1810,item:055703,0.283484,0.283484,34,57,1.0,KG
23,SDC-VD0505677A,M-1810,item:099439,23.623652,23.623652,49,72,1.0,KG
23,SDC-VD0901566A,M-1810,item:338928,10000.0,10000.0,59,82,1.0,UN
23,SDC-VD0914360C,M-1810,item:338929,11637.267197,11637.267197,38,61,1.0,UN
23,SDC-VD0989480A,M-1810,item:426331,128.009939,128.009939,28,51,1.0,UN
23,SDC-1450,M-1810,item:693055,4724.730482,4724.730482,22,45,1.0,G
23,M-1430,DC-1920,item:268967,3910.661928,3910.661928,1,24,1.0,UN
23,M-1810,DC-1920,item:268091,11637.267197,11637.267197,1,24,1.0,UN
23,DC-1920,C-XXXXX,item:268091,25542.077528,25542.077528,4,27,1.0,UN
23,SDC-VD0949099A,SDC-1450,item:021081,250.160203,263.32653,128,151,0.95,KG
23,SDC-VD0960508A,SDC-1450,item:021081,71.474344,71.474344,162,185,1.0,KG
23,SDC-VD0972460A,SDC-1450,item:021081,17.868586,17.868586,96,119,1.0,KG
23,SDC-VD0975221A,SDC-1450,item:021081,17.868586,17.868586,119,142,1.0,KG
23,SDC-1450,M-1810,item:007923,37797.843856,37797.843856,1,24,1.0,G
24,SDC-VD0914690A,M-1430,item:042342,235876.246152,235876.246152,23,47,1.0,UN
24,SDC-VD0525412A,M-1430,item:333362,3908.989529,3908.989529,87,111,1.0,UN
24,SDC-VD0993480A,M-1430,item:344135,3908.989529,3908.989529,53,77,1.0,UN
24,SDC-VD0520115A,M-1430,item:708073,30.998287,30.998287,21,45,1.0,KG
24,SDC-VD0508918A,M-1430,item:730384,828.70578,828.70578,49,73,1.0,M
24,SDC-VD1095770A,M-1430,item:734545,31.271916,31.271916,11,35,1.0,UN
24,SDC-1450,M-1430,item:773474,37740.191566,37740.191566,17,41,1.0,G
24,SDC-VD0951020A,M-1810,item:001757,18.943676,18.943676,78,102,1.0,KG
24,SDC-VD0519670A,M-1810,item:001848,9.94543,9.94543,20,44,1.0,KG
24,SDC-VD0951020A,M-1810,item:001848,4.262327,4.262327,48,72,1.0,KG
24,SDC-VD0910216A,M-1810,item:001893,62.987721,62.987721,36,60,1.0,KG
24,SDC-VD1091642A,M-1810,item:001893,17.996492,17.996492,48,72,1.0,KG
24,SDC-VD0518684A,M-1810,item:001893,8.998246,8.998246,56,80,1.0,KG
24,SDC-VD0910216A,M-1810,item:002612,10.988796,10.988796,26,50,1.0,KG
24,SDC-VD0990780A,M-1810,item:002612,4.735919,4.735919,25,49,1.0,KG
24,SDC-VD1091642A,M-1810,item:002612,1.18398,1.18398,16,40,1.0,KG
24,SDC-VD0500655A,M-1810,item:002612,1.18398,1.18398,28,52,1.0,KG
24,SDC-VD0990780A,M-1810,item:002612,5.586921,5.586921,56,80,1.0,KG
24,SDC-VD0514881A,M-1810,item:016332,5.683103,5.683103,98,122,1.0,KG
24,SDC-VD0519670A,M-1810,item:029313,0.473592,0.473592,18,42,1.0,KG
24,SDC-VD1096202A,M-1810,item:039668,0.473592,0.473592,28,52,1.0,KG
24,SDC-VD0914320A,M-1810,item:055703,0.663029,0.663029,20,44,1.0,KG
24,SDC-VD0964290A,M-1810,item:055703,0.284155,0.284155,22,46,1.0,KG
24,SDC-VD0505677A,M-1810,item:099439,23.679594,23.679594,32,56,1.0,KG
24,SDC-VD0901566A,M-1810,item:338928,10000.0,10000.0,73,97,1.0,UN
24,SDC-VD0914360C,M-1810,item:338929,11664.824868,11664.824868,52,76,1.0,UN
24,SDC-VD0989480A,M-1810,item:426331,128.313074,128.313074,27,51,1.0,UN
24,SDC-1450,M-1810,item:693055,4735.918896,4735.918896,77,101,1.0,G
24,M-1430,DC-1920,item:268967,3908.989529,3908.989529,1,25,1.0,UN
24,M-1810,DC-1920,item:268091,11664.824868,11664.824868,3,27,1.0,UN
24,DC-1920,C-XXXXX,item:268967,7829.685854,7829.685854,5,29,1.0,UN
24,DC-1920,C-XXXXX,item:268091,11637.267197,11637.267197,1,25,1.0,UN
24,SDC-VD0949099A,SDC-1450,item:021081,246.489413,259.46254,134,158,0.95,KG
24,SDC-VD0960508A,SDC-1450,item:021081,70.425546,70.425546,111,135,1.0,KG
24,SDC-VD0972460A,SDC-1450,item:021081,17.606387,17.606387,99,123,1.0,KG
24,SDC-VD0975221A,SDC-1450,item:021081,17.606387,17.606387,45,69,1.0,KG
24,SDC-1450,M-1810,item:007923,37887.351172,37887.351172,1,25,1.0,G
25,SDC-VD0520132A,M-1430,item:038005,2367.880026,2367.880026,169,194,1.0,KG
25,SDC-VD0914690A,M-1430,item:042342,235856.062965,235856.062965,11,36,1.0,UN
25,SDC-VD0525412A,M-1430,item:333362,3908.655049,3908.655049,22,47,1.0,UN
25,SDC-VD0993480A,M-1430,item:344135,3908.655049,3908.655049,17,42,1.0,UN
25,SDC-VD0520115A,M-1430,item:708073,30.995635,30.995635,32,57,1.0,KG
25,SDC-VD0508918A,M-1430,item:730384,828.63487,828.63487,112,137,1.0,M
25,SDC-VD1095770A,M-1430,item:734545,31.26924,31.26924,21,46,1.0,UN
25,SDC-1450,M-1430,item:773474,37736.962257,37736.962257,5,30,1.0,G
25,SDC-VD0951020A,M-1810,item:001757,18.952626,18.952626,104,129,1.0,KG
25,SDC-VD0519670A,M-1810,item:001848,9.950129,9.950129,11,36,1.0,KG
25,SDC-VD0951020A,M-1810,item:001848,4.264341,4.264341,58,83,1.0,KG
25,SDC-VD0910216A,M-1810,item:001893,63.017483,63.017483,31,56,1.0,KG
25,SDC-VD1091642A,M-1810,item:001893,18.004995,18.004995,65,90,1.0,KG
25,SDC-VD0518684A,M-1810,item:001893,9.002498,9.002498,46,71,1.0,KG
25,SDC-VD0910216A,M-1810,item:002612,0.731653,0.731653,24,49,1.0,KG
25,SDC-VD0990780A,M-1810,item:002612,4.738157,4.738157,32,57,1.0,KG
25,SDC-VD1091642A,M-1810,item:002612,1.184539,1.184539,46,71,1.0,KG
25,SDC-VD0500655A,M-1810,item:002612,1.184539,1.184539,24,49,1.0,KG
25,SDC-VD0990780A,M-1810,item:002612,15.851895,15.851895,70,95,1.0,KG
25,SDC-VD0514881A,M-1810,item:016332,5.685788,5.685788,24,49,1.0,KG
25,SDC-VD0519670A,M-1810,item:029313,0.473816,0.473816,93,118,1.0,KG
25,SDC-VD1096202A,M-1810,item:039668,0.473816,0.473816,44,69,1.0,KG
25,SDC-VD0520132A,M-1810,item:049371,320.53304,320.53304,78,103,1.0,KG
25,SDC-VD0914320A,M-1810,item:055703,0.663342,0.663342,15,40,1.0,KG
25,SDC-VD0964290A,M-1810,item:055703,0.284289,0.284289,38,63,1.0,KG
25,SDC-VD0505677A,M-1810,item:099439,23.690783,23.690783,13,38,1.0,KG
25,SDC-VD0901566A,M-1810,item:338928,10000.0,10000.0,88,113,1.0,UN
25,SDC-VD0914360C,M-1810,item:338929,11670.336402,11670.336402,36,61,1.0,UN
25,SDC-VD0989480A,M-1810,item:426331,128.3737,128.3737,49,74,1.0,UN
25,SDC-1450,M-1810,item:693055,4738.156579,4738.156579,52,77,1.0,G
25,M-1430,DC-1920,item:268967,3908.655049,3908.655049,2,27,1.0,UN
25,M-1810,DC-1920,item:268091,11670.336402,11670.336402,3,28,1.0,UN
25,DC-1920,C-XXXXX,item:268967,7869.823443,7869.823443,3,28,1.0,UN
25,DC-1920,C-XXXXX,item:268091,11499.478841,11499.478841,3,28,1.0,UN
25,SDC-VD0949099A,SDC-1450,item:021081,243.692996,256.518943,115,140,0.95,KG
25,SDC-VD0960508A,SDC-1450,item:021081,69.62657,69.62657,119,144,1.0,KG
25,SDC-VD0972460A,SDC-1450,item:021081,17.406643,17.406643,124,149,1.0,KG
25,SDC-VD0975221A,SDC-1450,item:021081,17.406643,17.406643,80,105,1.0,KG
25,SDC-1450,M-1810,item:007923,37905.252635,37905.252635,1,26,1.0,G
26,SDC-VD0520132A,M-1430,item:038005,180.0,180.0,158,184,1.0,KG
26,SDC-VD0914690A,M-1430,item:042342,235852.026328,235852.026328,42,68,1.0,UN
26,SDC-VD0525412A,M-1430,item:333362,3908.588153,3908.588153,67,93,1.0,UN
26,SDC-VD0993480A,M-1430,item:344135,3908.588153,3908.588153,26,52,1.0,UN
26,SDC-VD0520115A,M-1430,item:708073,30.995104,30.995104,29,55,1.0,KG
26,SDC-VD0508918A,M-1430,item:730384,828.620688,828.620688,39,65,1.0,M
26,SDC-VD1095770A,M-1430,item:734545,31.268705,31.268705,27,53,1.0,UN
26,SDC-1450,M-1430,item:773474,37736.316395,37736.316395,16,42,1.0,G
26,SDC-VD0951020A,M-1810,item:001757,18.954416,18.954416,114,140,1.0,KG
26,SDC-VD0519670A,M-1810,item:001848,9.951069,9.951069,23,49,1.0,KG
26,SDC-VD0951020A,M-1810,item:001848,4.264744,4.264744,95,121,1.0,KG
26,SDC-VD0910216A,M-1810,item:001893,63.023435,63.023435,16,42,1.0,KG
26,SDC-VD1091642A,M-1810,item:001893,18.006696,18.006696,84,110,1.0,KG
26,SDC-VD0518684A,M-1810,item:001893,9.003348,9.003348,34,60,1.0,KG
26,SDC-VD0910216A,M-1810,item:002612,0.498925,0.498925,45,71,1.0,KG
26,SDC-VD0990780A,M-1810,item:002612,4.738604,4.738604,23,49,1.0,KG
26,SDC-VD1091642A,M-1810,item:002612,1.184651,1.184651,25,51,1.0,KG
26,SDC-VD0500655A,M-1810,item:002612,1.184651,1.184651,30,56,1.0,KG
26,SDC-VD0990780A,M-1810,item:002612,16.086189,16.086189,42,68,1.0,KG
26,SDC-VD0514881A,M-1810,item:016332,5.686325,5.686325,29,55,1.0,KG
26,SDC-VD0519670A,M-1810,item:029313,0.47386,0.47386,39,65,1.0,KG
26,SDC-VD1096202A,M-1810,item:039668,0.47386,0.47386,21,47,1.0,KG
26,SDC-VD0520132A,M-1810,item:049371,172.125611,172.125611,132,158,1.0,KG
26,SDC-VD0914320A,M-1810,item:055703,0.663405,0.663405,25,51,1.0,KG
26,SDC-VD0964290A,M-1810,item:055703,0.284316,0.284316,36,62,1.0,KG
26,SDC-VD0505677A,M-1810,item:099439,23.693021,23.693021,20,46,1.0,KG
26,SDC-VD0901566A,M-1810,item:338928,10000.0,10000.0,76,102,1.0,UN
26,SDC-VD0914360C,M-1810,item:338929,11671.438709,11671.438709,69,95,1.0,UN
26,SDC-VD0989480A,M-1810,item:426331,128.385826,128.385826,38,64,1.0,UN
26,SDC-1450,M-1810,item:693055,4738.604116,4738.604116,140,166,1.0,G
26,M-1430,DC-1920,item:268967,3908.588153,3908.588153,4,30,1.0,UN
26,M-1810,DC-1920,item:268091,11671.438709,11671.438709,3,29,1.0,UN
26,SDC-VD0949099A,SDC-1450,item:021081,241.626695,254.34389,145,171,0.95,KG
26,SDC-VD0960508A,SDC-1450,item:021081,69.036199,69.036199,82,108,1.0,KG
26,SDC-VD0972460A,SDC-1450,item:021081,17.25905,17.25905,131,157,1.0,KG
26,SDC-VD0975221A,SDC-1450,item:021081,17.25905,17.25905,75,101,1.0,KG
26,SDC-1450,M-1810,item:007923,37908.832928,37908.832928,2,28,1.0,G
27,SDC-VD0914690A,M-1430,item:042342,235851.219001,235851.219001,9,36,1.0,UN
27,SDC-VD0525412A,M-1430,item:333362,3908.574774,3908.574774,59,86,1.0,UN
27,SDC-VD0993480A,M-1430,item:344135,3908.574774,3908.574774,33,60,1.0,UN
27,SDC-VD0520115A,M-1430,item:708073,30.994998,30.994998,16,43,1.0,KG
27,SDC-VD0508918A,M-1430,item:730384,828.617852,828.617852,26,53,1.0,M
27,SDC-VD1095770A,M-1430,item:734545,31.268598,31.268598,16,43,1.0,UN
27,SDC-1450,M-1430,item:773474,37736.187223,37736.187223,12,39,1.0,G
27,SDC-VD0951020A,M-1810,item:001757,18.954774,18.954774,52,79,1.0,KG
27,SDC-VD0519670A,M-1810,item:001848,9.951257,9.951257,9,36,1.0,KG
27,SDC-VD0951020A,M-1810,item:001848,4.264824,4.264824,52,79,1.0,KG
27,SDC-VD0910216A,M-1810,item:001893,31.513107,31.513107,24,51,1.0,KG
27,SDC-VD1091642A,M-1810,item:001893,18.007036,18.007036,35,62,1.0,KG
27,SDC-VD0518684A,M-1810,item:001893,9.003518,9.003518,39,66,1.0,KG
27,SDC-VD1091642A,M-1810,item:001893,31.511518,31.511518,42,69,1.0,KG
27,SDC-VD0910216A,M-1810,item:002612,0.352595,0.352595,37,64,1.0,KG
27,SDC-VD0990780A,M-1810,item:002612,4.738694,4.738694,35,62,1.0,KG
27,SDC-VD1091642A,M-1810,item:002612,1.184673,1.184673,66,93,1.0,KG
27,SDC-VD0500655A,M-1810,item:002612,1.184673,1.184673,24,51,1.0,KG
27,SDC-VD0990780A,M-1810,item:002612,16.232833,16.232833,41,68,1.0,KG
27,SDC-VD0514881A,M-1810,item:016332,5.686432,5.686432,41,68,1.0,KG
27,SDC-VD0519670A,M-1810,item:029313,0.473869,0.473869,34,61,1.0,KG
27,SDC-VD1096202A,M-1810,item:039668,0.473869,0.473869,31,58,1.0,KG
27,SDC-VD0520132A,M-1810,item:049371,7.874389,7.874389,105,132,1.0,KG
27,SDC-VD0914320A,M-1810,item:055703,0.663417,0.663417,25,52,1.0,KG
27,SDC-VD0964290A,M-1810,item:055703,0.284322,0.284322,11,38,1.0,KG
27,SDC-VD0505677A,M-1810,item:099439,23.693468,23.693468,23,50,1.0,KG
27,SDC-VD0901566A,M-1810,item:338928,10000.0,10000.0,66,93,1.0,UN
27,SDC-VD0914360C,M-1810,item:338929,11671.659171,11671.659171,36,63,1.0,UN
27,SDC-VD0989480A,M-1810,item:426331,128.388251,128.388251,24,51,1.0,UN
27,SDC-1450,M-1810,item:693055,4738.693623,4738.693623,101,128,1.0,G
27,M-1430,DC-1920,item:268967,3908.574774,3908.574774,2,29,1.0,UN
27,M-1810,DC-1920,item:268091,11671.659171,11671.659171,2,29,1.0,UN
27,DC-1920,C-XXXXX,item:268967,3908.655049,3908.655049,2,29,1.0,UN
27,DC-1920,C-XXXXX,item:268091,11664.824868,11664.824868,3,30,1.0,UN
27,SDC-VD0949099A,SDC-1450,item:021081,240.11887,252.756705,208,235,0.95,KG
27,SDC-VD0960508A,SDC-1450,item:021081,68.605391,68.605391,164,191,1.0,KG
27,SDC-VD0972460A,SDC-1450,item:021081,17.151348,17.151348,48,75,1.0,KG
27,SDC-VD0975221A,SDC-1450,item:021081,17.151348,17.151348,112,139,1.0,KG
27,SDC-1450,M-1810,item:007923,37909.548986,37909.548986,1,28,1.0,G
28,SDC-VD0914690A,M-1430,item:042342,284786.695443,284786.695443,14,42,1.0,UN
28,SDC-VD0525412A,M-1430,item:333362,4719.543526,4719.543526,21,49,1.0,UN
28,SDC-VD0993480A,M-1430,item:344135,4719.543526,4719.543526,58,86,1.0,UN
28,SDC-VD0520115A,M-1430,item:708073,37.42598,37.42598,31,59,1.0,KG
28,SDC-VD0508918A,M-1430,item:730384,1000.543228,1000.543228,79,107,1.0,M
28,SDC-VD1095770A,M-1430,item:734545,37.756348,37.756348,10,38,1.0,UN
28,SDC-1450,M-1430,item:773474,45565.861832,45565.861832,6,34,1.0,G
28,SDC-VD0951020A,M-1810,item:001757,17.218744,17.218744,80,108,1.0,KG
28,SDC-VD0519670A,M-1810,item:001848,9.03984,9.03984,31,59,1.0,KG
28,SDC-VD0951020A,M-1810,item:001848,3.874217,3.874217,10,38,1.0,KG
28,SDC-VD0910216A,M-1810,item:001893,0.960677,0.960677,44,72,1.0,KG
28,SDC-VD1091642A,M-1810,item:001893,16.357807,16.357807,10,38,1.0,KG
28,SDC-VD0518684A,M-1810,item:001893,8.178903,8.178903,20,48,1.0,KG
28,SDC-VD1091642A,M-1810,item:001893,56.291646,56.291646,14,42,1.0,KG
28,SDC-VD0910216A,M-1810,item:002612,0.25281,0.25281,18,46,1.0,KG
28,SDC-VD0990780A,M-1810,item:002612,4.304686,4.304686,65,93,1.0,KG
28,SDC-VD1091642A,M-1810,item:002612,1.076171,1.076171,25,53,1.0,KG
28,SDC-VD0500655A,M-1810,item:002612,1.076171,1.076171,16,44,1.0,KG
28,SDC-VD0990780A,M-1810,item:002612,14.813591,14.813591,24,52,1.0,KG
28,SDC-VD0514881A,M-1810,item:016332,5.165623,5.165623,47,75,1.0,KG
28,SDC-VD0519670A,M-1810,item:029313,0.430469,0.430469,75,103,1.0,KG
28,SDC-VD1096202A,M-1810,item:039668,0.430469,0.430469,38,66,1.0,KG
28,SDC-VD0914320A,M-1810,item:055703,0.602656,0.602656,22,50,1.0,KG
28,SDC-VD0964290A,M-1810,item:055703,0.258281,0.258281,50,78,1.0,KG
28,SDC-VD0505677A,M-1810,item:099439,21.52343,21.52343,53,81,1.0,KG
28,SDC-VD0901566A,M-1810,item:338928,10000.0,10000.0,73,101,1.0,UN
28,SDC-VD0914360C,M-1810,item:338929,10602.674691,10602.674691,43,71,1.0,UN
28,SDC-VD0989480A,M-1810,item:426331,116.629422,116.629422,48,76,1.0,UN
28,SDC-1450,M-1810,item:693055,4304.685925,4304.685925,82,110,1.0,G
28,M-1430,DC-1920,item:268967,4719.543526,4719.543526,2,30,1.0,UN
28,M-1810,DC-1920,item:268091,10602.674691,10602.674691,3,31,1.0,UN
28,DC-1920,C-XXXXX,item:268091,11670.336402,11670.336402,2,30,1.0,UN
28,SDC-VD0949099A,SDC-1450,item:021081,239.024143,251.604361,109,137,0.95,KG
28,SDC-VD0960508A,SDC-1450,item:021081,68.292612,68.292612,62,90,1.0,KG
28,SDC-VD0972460A,SDC-1450,item:021081,17.073153,17.073153,199,227,1.0,KG
28,SDC-VD0975221A,SDC-1450,item:021081,17.073153,17.073153,152,180,1.0,KG
28,SDC-1450,M-1810,item:007923,34437.487396,34437.487396,1,29,1.0,G
29,SDC-VD0914690A,M-1430,item:042342,294573.790732,294573.790732,14,43,1.0,UN
29,SDC-VD0525412A,M-1430,item:333362,4881.737276,4881.737276,59,88,1.0,UN
29,SDC-VD0993480A,M-1430,item:344135,4881.737276,4881.737276,34,63,1.0,UN
29,SDC-VD0520115A,M-1430,item:708073,38.712177,38.712177,27,56,1.0,KG
29,SDC-VD0508918A,M-1430,item:730384,1034.928303,1034.928303,19,48,1.0,M
29,SDC-VD1095770A,M-1430,item:734545,39.053898,39.053898,42,71,1.0,UN
29,SDC-1450,M-1430,item:773474,47131.796754,47131.796754,8,37,1.0,G
29,SDC-VD0951020A,M-1810,item:001757,16.871538,16.871538,80,109,1.0,KG
29,SDC-VD0519670A,M-1810,item:001848,8.857557,8.857557,27,56,1.0,KG
29,SDC-VD0951020A,M-1810,item:001848,3.796096,3.796096,66,95,1.0,KG
29,SDC-VD0910216A,M-1810,item:001893,14.527918,14.527918,29,58,1.0,KG
29,SDC-VD1091642A,M-1810,item:001893,16.027961,16.027961,84,113,1.0,KG
29,SDC-VD0518684A,M-1810,item:001893,8.01398,8.01398,55,84,1.0,KG
29,SDC-VD1091642A,M-1810,item:001893,41.569944,41.569944,25,54,1.0,KG
29,SDC-VD0910216A,M-1810,item:002612,3.823136,3.823136,20,49,1.0,KG
29,SDC-VD0990780A,M-1810,item:002612,4.217884,4.217884,18,47,1.0,KG
29,SDC-VD1091642A,M-1810,item:002612,1.054471,1.054471,25,54,1.0,KG
29,SDC-VD0500655A,M-1810,item:002612,1.054471,1.054471,18,47,1.0,KG
29,SDC-VD0990780A,M-1810,item:002612,10.939459,10.939459,9,38,1.0,KG
29,SDC-VD0514881A,M-1810,item:016332,5.061461,5.061461,83,112,1.0,KG
29,SDC-VD0519670A,M-1810,item:029313,0.421788,0.421788,68,97,1.0,KG
29,SDC-VD1096202A,M-1810,item:039668,0.421788,0.421788,12,41,1.0,KG
29,SDC-VD0914320A,M-1810,item:055703,0.590504,0.590504,11,40,1.0,KG
29,SDC-VD0964290A,M-1810,item:055703,0.253073,0.253073,42,71,1.0,KG
29,SDC-VD0505677A,M-1810,item:099439,21.089422,21.089422,11,40,1.0,KG
29,SDC-VD0901566A,M-1810,item:338928,10000.0,10000.0,102,131,1.0,UN
29,SDC-VD0914360C,M-1810,item:338929,10388.877795,10388.877795,16,45,1.0,UN
29,SDC-VD0989480A,M-1810,item:426331,114.277656,114.277656,37,66,1.0,UN
29,SDC-1450,M-1810,item:693055,4217.884385,4217.884385,101,130,1.0,G
29,M-1430,DC-1920,item:268967,4881.737276,4881.737276,2,31,1.0,UN
29,M-1810,DC-1920,item:268091,10388.877795,10388.877795,2,31,1.0,UN
29,DC-1920,C-XXXXX,item:268967,3908.574774,3908.574774,2,31,1.0,UN
29,DC-1920,C-XXXXX,item:268091,23343.09788,23343.09788,2,31,1.0,UN
29,SDC-VD0949099A,SDC-1450,item:021081,248.030601,261.084843,71,100,0.95,KG
29,SDC-VD0960508A,SDC-1450,item:021081,70.865886,70.865886,106,135,1.0,KG
29,SDC-VD0972460A,SDC-1450,item:021081,17.716472,17.716472,63,92,1.0,KG
29,SDC-VD0975221A,SDC-1450,item:021081,17.716472,17.716472,81,110,1.0,KG
29,SDC-1450,M-1810,item:007923,33743.075078,33743.075078,1,30,1.0,G
30,SDC-VD0914690A,M-1430,item:042342,296531.20979,296531.20979,21,51,1.0,UN
30,SDC-VD0525412A,M-1430,item:333362,4914.176026,4914.176026,24,54,1.0,UN
30,SDC-VD0993480A,M-1430,item:344135,4914.176026,4914.176026,70,100,1.0,UN
30,SDC-VD0520115A,M-1430,item:708073,38.969416,38.969416,31,61,1.0,KG
30,SDC-VD0508918A,M-1430,item:730384,1041.805318,1041.805318,98,128,1.0,M
30,SDC-VD1095770A,M-1430,item:734545,39.313408,39.313408,28,58,1.0,UN
30,SDC-1450,M-1430,item:773474,47444.983738,47444.983738,14,44,1.0,G
30,SDC-VD0951020A,M-1810,item:001757,16.802096,16.802096,97,127,1.0,KG
30,SDC-VD0519670A,M-1810,item:001848,8.821101,8.821101,36,66,1.0,KG
30,SDC-VD0951020A,M-1810,item:001848,3.780472,3.780472,37,67,1.0,KG
30,SDC-VD0910216A,M-1810,item:001893,24.948493,24.948493,26,56,1.0,KG
30,SDC-VD1091642A,M-1810,item:001893,15.961991,15.961991,84,114,1.0,KG
30,SDC-VD0518684A,M-1810,item:001893,7.980996,7.980996,19,49,1.0,KG
30,SDC-VD1091642A,M-1810,item:001893,30.918477,30.918477,72,102,1.0,KG
30,SDC-VD0910216A,M-1810,item:002612,6.565393,6.565393,63,93,1.0,KG
30,SDC-VD0990780A,M-1810,item:002612,4.200524,4.200524,19,49,1.0,KG
30,SDC-VD1091642A,M-1810,item:002612,1.050131,1.050131,38,68,1.0,KG
30,SDC-VD0500655A,M-1810,item:002612,1.050131,1.050131,42,72,1.0,KG
30,SDC-VD0990780A,M-1810,item:002612,8.136441,8.136441,27,57,1.0,KG
30,SDC-VD0514881A,M-1810,item:016332,5.040629,5.040629,27,57,1.0,KG
30,SDC-VD0519670A,M-1810,item:029313,0.420052,0.420052,42,72,1.0,KG
30,SDC-VD1096202A,M-1810,item:039668,0.420052,0.420052,32,62,1.0,KG
30,SDC-VD0914320A,M-1810,item:055703,0.588073,0.588073,12,42,1.0,KG
30,SDC-VD0964290A,M-1810,item:055703,0.252031,0.252031,12,42,1.0,KG
30,SDC-VD0505677A,M-1810,item:099439,21.00262,21.00262,17,47,1.0,KG
30,SDC-VD0901566A,M-1810,item:338928,10000.0,10000.0,140,170,1.0,UN
30,SDC-VD0914360C,M-1810,item:338929,10346.118416,10346.118416,37,67,1.0,UN
30,SDC-VD0989480A,M-1810,item:426331,113.807303,113.807303,20,50,1.0,UN
30,SDC-1450,M-1810,item:693055,4200.524077,4200.524077,38,68,1.0,G
30,M-1430,DC-1920,item:268967,4914.176026,4914.176026,2,32,1.0,UN
30,M-1810,DC-1920,item:268091,10346.118416,10346.118416,2,32,1.0,UN
30,DC-1920,C-XXXXX,item:268967,8628.131679,8628.131679,3,33,1.0,UN
30,SDC-VD0949099A,SDC-1450,item:021081,259.21593,272.858873,51,81,0.95,KG
30,SDC-VD0960508A,SDC-1450,item:021081,74.061694,74.061694,207,237,1.0,KG
30,SDC-VD0972460A,SDC-1450,item:021081,18.515424,18.515424,68,98,1.0,KG
30,SDC-VD0975221A,SDC-1450,item:021081,18.515424,18.515424,162,192,1.0,KG
30,SDC-1450,M-1810,item:007923,33604.192615,33604.192615,1,31,1.0,G
31,SDC-VD0914690A,M-1430,item:042342,296922.693601,296922.693601,7,38,1.0,UN
31,SDC-VD0525412A,M-1430,item:333362,4920.663776,4920.663776,46,77,1.0,UN
31,SDC-VD0993480A,M-1430,item:344135,4920.663776,4920.663776,40,71,1.0,UN
31,SDC-VD0520115A,M-1430,item:708073,39.020864,39.020864,34,65,1.0,KG
31,SDC-VD0508918A,M-1430,item:730384,1043.180721,1043.180721,33,64,1.0,M
31,SDC-VD1095770A,M-1430,item:734545,39.36531,39.36531,18,49,1.0,UN
31,SDC-1450,M-1430,item:773474,47507.621135,47507.621135,5,36,1.0,G
31,SDC-VD0951020A,M-1810,item:001757,16.788208,16.788208,101,132,1.0,KG
31,SDC-VD0519670A,M-1810,item:001848,8.813809,8.813809,39,70,1.0,KG
31,SDC-VD0951020A,M-1810,item:001848,3.777347,3.777347,21,52,1.0,KG
31,SDC-VD0910216A,M-1810,item:001893,27.032608,27.032608,19,50,1.0,KG
31,SDC-VD1091642A,M-1810,item:001893,15.948798,15.948798,58,89,1.0,KG
31,SDC-VD0518684A,M-1810,item:001893,7.974399,7.974399,66,97,1.0,KG
31,SDC-VD1091642A,M-1810,item:001893,28.788184,28.788184,12,43,1.0,KG
31,SDC-VD0910216A,M-1810,item:002612,7.113844,7.113844,46,77,1.0,KG
31,SDC-VD0990780A,M-1810,item:002612,4.197052,4.197052,61,92,1.0,KG
31,SDC-VD1091642A,M-1810,item:002612,1.049263,1.049263,36,67,1.0,KG
31,SDC-VD0500655A,M-1810,item:002612,1.049263,1.049263,39,70,1.0,KG
31,SDC-VD0990780A,M-1810,item:002612,7.575838,7.575838,61,92,1.0,KG
31,SDC-VD0514881A,M-1810,item:016332,5.036462,5.036462,38,69,1.0,KG
31,SDC-VD0519670A,M-1810,item:029313,0.419705,0.419705,29,60,1.0,KG
31,SDC-VD1096202A,M-1810,item:039668,0.419705,0.419705,14,45,1.0,KG
31,SDC-VD0914320A,M-1810,item:055703,0.587587,0.587587,10,41,1.0,KG
31,SDC-VD0964290A,M-1810,item:055703,0.251823,0.251823,39,70,1.0,KG
31,SDC-VD0505677A,M-1810,item:099439,20.98526,20.98526,14,45,1.0,KG
31,SDC-VD0901566A,M-1810,item:338928,10000.0,10000.0,95,126,1.0,UN
31,SDC-VD0914360C,M-1810,item:338929,10337.56654,10337.56654,60,91,1.0,UN
31,SDC-VD0989480A,M-1810,item:426331,113.713232,113.713232,14,45,1.0,UN
31,SDC-1450,M-1810,item:693055,4197.052015,4197.052015,81,112,1.0,G
31,M-1430,DC-1920,item:268967,4920.663776,4920.663776,2,33,1.0,UN
31,M-1810,DC-1920,item:268091,10337.56654,10337.56654,1,32,1.0,UN
31,DC-1920,C-XXXXX,item:268967,4881.737276,4881.737276,2,33,1.0,UN
31,DC-1920,C-XXXXX,item:268091,20991.552486,20991.552486,1,32,1.0,UN
31,SDC-VD0949099A,SDC-1450,item:021081,268.991951,283.149422,80,111,0.95,KG
31,SDC-VD0960508A,SDC-1450,item:021081,76.854843,76.854843,120,151,1.0,KG
31,SDC-VD0972460A,SDC-1450,item:021081,19.213711,19.213711,103,134,1.0,KG
31,SDC-VD0975221A,SDC-1450,item:021081,19.213711,19.213711,91,122,1.0,KG
31,SDC-1450,M-1810,item:007923,33576.416122,33576.416122,1,32,1.0,G
32,SDC-VD0914690A,M-1430,item:042342,297000.990364,297000.990364,19,51,1.0,UN
32,SDC-VD0525412A,M-1430,item:333362,4921.961326,4921.961326,98,130,1.0,UN
32,SDC-VD0993480A,M-1430,item:344135,4921.961326,4921.961326,31,63,1.0,UN
32,SDC-VD0520115A,M-1430,item:708073,39.031153,39.031153,33,65,1.0,KG
32,SDC-VD0508918A,M-1430,item:730384,1043.455801,1043.455801,112,144,1.0,M
32,SDC-VD1095770A,M-1430,item:734545,39.375691,39.375691,19,51,1.0,UN
32,SDC-1450,M-1430,item:773474,47520.148614,47520.148614,13,45,1.0,G
32,SDC-VD0951020A,M-1810,item:001757,16.78543,16.78543,142,174,1.0,KG
32,SDC-VD0519670A,M-1810,item:001848,8.812351,8.812351,38,70,1.0,KG
32,SDC-VD0951020A,M-1810,item:001848,3.776722,3.776722,35,67,1.0,KG
32,SDC-VD0910216A,M-1810,item:001893,27.449431,27.449431,36,68,1.0,KG
32,SDC-VD1091642A,M-1810,item:001893,15.946159,15.946159,43,75,1.0,KG
32,SDC-VD0518684A,M-1810,item:001893,7.973079,7.973079,112,144,1.0,KG
32,SDC-VD1091642A,M-1810,item:001893,28.362125,28.362125,50,82,1.0,KG
32,SDC-VD0910216A,M-1810,item:002612,7.223534,7.223534,32,64,1.0,KG
32,SDC-VD0990780A,M-1810,item:002612,4.196358,4.196358,60,92,1.0,KG
32,SDC-VD1091642A,M-1810,item:002612,1.049089,1.049089,50,82,1.0,KG
32,SDC-VD0500655A,M-1810,item:002612,1.049089,1.049089,30,62,1.0,KG
32,SDC-VD0990780A,M-1810,item:002612,4.009151,4.009151,11,43,1.0,KG
32,SDC-VD1091642A,M-1810,item:002612,3.454566,3.454566,31,63,1.0,KG
32,SDC-VD0514881A,M-1810,item:016332,5.035629,5.035629,82,114,1.0,KG
32,SDC-VD0519670A,M-1810,item:029313,0.419636,0.419636,112,144,1.0,KG
32,SDC-VD1096202A,M-1810,item:039668,0.419636,0.419636,23,55,1.0,KG
32,SDC-VD0914320A,M-1810,item:055703,0.58749,0.58749,25,57,1.0,KG
32,SDC-VD0964290A,M-1810,item:055703,0.251781,0.251781,31,63,1.0,KG
32,SDC-VD0505677A,M-1810,item:099439,20.981788,20.981788,11,43,1.0,KG
32,SDC-VD0901566A,M-1810,item:338928,10000.0,10000.0,48,80,1.0,UN
32,SDC-VD0914360C,M-1810,item:338929,10335.856165,10335.856165,13,45,1.0,UN
32,SDC-VD0989480A,M-1810,item:426331,113.694418,113.694418,26,58,1.0,UN
32,SDC-1450,M-1810,item:693055,4196.357603,4196.357603,63,95,1.0,G
32,M-1430,DC-1920,item:268967,4921.961326,4921.961326,5,37,1.0,UN
32,M-1810,DC-1920,item:268091,10335.856165,10335.856165,5,37,1.0,UN
32,DC-1920,C-XXXXX,item:268967,4914.176026,4914.176026,2,34,1.0,UN
32,DC-1920,C-XXXXX,item:268091,20683.684956,20683.684956,3,35,1.0,UN
32,SDC-VD0949099A,SDC-1450,item:021081,276.609304,291.167688,140,172,0.95,KG
32,SDC-VD0960508A,SDC-1450,item:021081,79.03123,79.03123,155,187,1.0,KG
32,SDC-VD0972460A,SDC-1450,item:021081,19.757807,19.757807,56,88,1.0,KG
32,SDC-VD0975221A,SDC-1450,item:021081,19.757807,19.757807,92,124,1.0,KG
32,SDC-1450,M-1810,item:007923,33570.860823,33570.860823,1,33,1.0,G
33,SDC-VD0914690A,M-1430,item:042342,297016.649716,297016.649716,9,42,1.0,UN
33,SDC-VD0525412A,M-1430,item:333362,4922.220836,4922.220836,30,63,1.0,UN
33,SDC-VD0993480A,M-1430,item:344135,4922.220836,4922.220836,24,57,1.0,UN
33,SDC-VD0520115A,M-1430,item:708073,39.033211,39.033211,37,70,1.0,KG
33,SDC-VD0508918A,M-1430,item:730384,1043.510817,1043.510817,31,64,1.0,M
33,SDC-VD1095770A,M-1430,item:734545,39.377767,39.377767,23,56,1.0,UN
33,SDC-1450,M-1430,item:773474,47522.65411,47522.65411,4,37,1.0,G
33,SDC-VD0951020A,M-1810,item:001757,16.784875,16.784875,168,201,1.0,KG
33,SDC-VD0519670A,M-1810,item:001848,8.812059,8.812059,34,67,1.0,KG
33,SDC-VD0951020A,M-1810,item:001848,3.776597,3.776597,112,145,1.0,KG
33,SDC-VD0910216A,M-1810,item:001893,27.532795,27.532795,13,46,1.0,KG
33,SDC-VD1091642A,M-1810,item:001893,15.945631,15.945631,20,53,1.0,KG
33,SDC-VD0518684A,M-1810,item:001893,7.972816,7.972816,91,124,1.0,KG
33,SDC-VD1091642A,M-1810,item:001893,28.276914,28.276914,20,53,1.0,KG
33,SDC-VD0910216A,M-1810,item:002612,7.245472,7.245472,25,58,1.0,KG
33,SDC-VD0990780A,M-1810,item:002612,2.070135,2.070135,58,91,1.0,KG
33,SDC-VD1091642A,M-1810,item:002612,1.049055,1.049055,30,63,1.0,KG
33,SDC-VD0500655A,M-1810,item:002612,1.049055,1.049055,22,55,1.0,KG
33,SDC-VD1091642A,M-1810,item:002612,9.567377,9.567377,48,81,1.0,KG
33,SDC-VD0514881A,M-1810,item:016332,5.035462,5.035462,39,72,1.0,KG
33,SDC-VD0519670A,M-1810,item:029313,0.419622,0.419622,48,81,1.0,KG
33,SDC-VD1096202A,M-1810,item:039668,0.419622,0.419622,16,49,1.0,KG
33,SDC-VD0914320A,M-1810,item:055703,0.587471,0.587471,13,46,1.0,KG
33,SDC-VD0964290A,M-1810,item:055703,0.251773,0.251773,67,100,1.0,KG
33,SDC-VD0505677A,M-1810,item:099439,20.981094,20.981094,13,46,1.0,KG
33,SDC-VD0901566A,M-1810,item:338928,10000.0,10000.0,45,78,1.0,UN
33,SDC-VD0914360C,M-1810,item:338929,10335.51409,10335.51409,67,100,1.0,UN
33,SDC-VD0989480A,M-1810,item:426331,113.690655,113.690655,35,68,1.0,UN
33,SDC-1450,M-1810,item:693055,4196.21872,4196.21872,22,55,1.0,G
33,M-1430,DC-1920,item:268967,4922.220836,4922.220836,4,37,1.0,UN
33,M-1810,DC-1920,item:268091,10335.51409,10335.51409,5,38,1.0,UN
33,DC-1920,C-XXXXX,item:268967,4920.663776,4920.663776,4,37,1.0,UN
33,SDC-VD0949099A,SDC-1450,item:021081,282.287131,297.144349,132,165,0.95,KG
33,SDC-VD0960508A,SDC-1450,item:021081,80.653466,80.653466,60,93,1.0,KG
33,SDC-VD0972460A,SDC-1450,item:021081,20.163367,20.163367,94,127,1.0,KG
33,SDC-VD0975221A,SDC-1450,item:021081,20.163367,20.163367,34,67,1.0,KG
33,SDC-1450,M-1810,item:007923,33569.749764,33569.749764,1,34,1.0,G
34,SDC-VD0914690A,M-1430,item:042342,297019.781587,297019.781587,38,72,1.0,UN
34,SDC-VD0525412A,M-1430,item:333362,4922.272738,4922.272738,44,78,1.0,UN
34,SDC-VD0993480A,M-1430,item:344135,4922.272738,4922.272738,18,52,1.0,UN
34,SDC-VD0520115A,M-1430,item:708073,39.033623,39.033623,24,58,1.0,KG
34,SDC-VD0508918A,M-1430,item:730384,1043.521821,1043.521821,44,78,1.0,M
34,SDC-VD1095770A,M-1430,item:734545,39.378182,39.378182,9,43,1.0,UN
34,SDC-1450,M-1430,item:773474,47523.155209,47523.155209,4,38,1.0,G
34,SDC-VD0951020A,M-1810,item:001757,16.784764,16.784764,61,95,1.0,KG
34,SDC-VD0519670A,M-1810,item:001848,8.812001,8.812001,30,64,1.0,KG
34,SDC-VD0951020A,M-1810,item:001848,3.776572,3.776572,109,143,1.0,KG
34,SDC-VD0910216A,M-1810,item:001893,27.549468,27.549468,12,46,1.0,KG
34,SDC-VD1091642A,M-1810,item:001893,15.945526,15.945526,33,67,1.0,KG
34,SDC-VD0518684A,M-1810,item:001893,7.972763,7.972763,32,66,1.0,KG
34,SDC-VD1091642A,M-1810,item:001893,28.259871,28.259871,71,105,1.0,KG
34,SDC-VD0910216A,M-1810,item:002612,7.24986,7.24986,25,59,1.0,KG
34,SDC-VD0990780A,M-1810,item:002612,2.071389,2.071389,38,72,1.0,KG
34,SDC-VD1091642A,M-1810,item:002612,1.049048,1.049048,70,104,1.0,KG
34,SDC-VD0500655A,M-1810,item:002612,1.049048,1.049048,31,65,1.0,KG
34,SDC-VD1091642A,M-1810,item:002612,9.561611,9.561611,48,82,1.0,KG
34,SDC-VD0514881A,M-1810,item:016332,5.035429,5.035429,54,88,1.0,KG
34,SDC-VD0519670A,M-1810,item:029313,0.419619,0.419619,112,146,1.0,KG
34,SDC-VD1096202A,M-1810,item:039668,0.419619,0.419619,11,45,1.0,KG
34,SDC-VD0914320A,M-1810,item:055703,0.587467,0.587467,19,53,1.0,KG
34,SDC-VD0964290A,M-1810,item:055703,0.251771,0.251771,29,63,1.0,KG
34,SDC-VD0505677A,M-1810,item:099439,20.980955,20.980955,14,48,1.0,KG
34,SDC-VD0901566A,M-1810,item:338928,10000.0,10000.0,81,115,1.0,UN
34,SDC-VD0914360C,M-1810,item:338929,10335.445675,10335.445675,41,75,1.0,UN
34,SDC-VD0989480A,M-1810,item:426331,113.689902,113.689902,23,57,1.0,UN
34,SDC-1450,M-1810,item:693055,4196.190944,4196.190944,48,82,1.0,G
34,M-1430,DC-1920,item:268967,4922.272738,4922.272738,3,37,1.0,UN
34,M-1810,DC-1920,item:268091,10335.445675,10335.445675,2,36,1.0,UN
34,SDC-VD0949099A,SDC-1450,item:021081,286.444625,301.520658,152,186,0.95,KG
34,SDC-VD0960508A,SDC-1450,item:021081,81.841321,81.841321,240,274,1.0,KG
34,SDC-VD0972460A,SDC-1450,item:021081,20.46033,20.46033,168,202,1.0,KG
34,SDC-VD0975221A,SDC-1450,item:021081,20.46033,20.46033,122,156,1.0,KG
34,SDC-1450,M-1810,item:007923,33569.527552,33569.527552,1,35,1.0,G
35,SDC-VD0914690A,M-1430,item:042342,244526.316096,244526.316096,15,50,1.0,UN
35,SDC-VD0525412A,M-1430,item:333362,4052.340262,4052.340262,97,132,1.0,UN
35,SDC-VD0993480A,M-1430,item:344135,4052.340262,4052.340262,38,73,1.0,UN
35,SDC-VD0520115A,M-1430,item:708073,32.135058,32.135058,18,53,1.0,KG
35,SDC-VD0508918A,M-1430,item:730384,859.096136,859.096136,33,68,1.0,M
35,SDC-VD1095770A,M-1430,item:734545,32.418722,32.418722,17,52,1.0,UN
35,SDC-1450,M-1430,item:773474,39124.202471,39124.202471,12,47,1.0,G
35,SDC-VD0951020A,M-1810,item:001757,15.62734,15.62734,60,95,1.0,KG
35,SDC-VD0519670A,M-1810,item:001848,8.204353,8.204353,19,54,1.0,KG
35,SDC-VD0951020A,M-1810,item:001848,3.516151,3.516151,56,91,1.0,KG
35,SDC-VD0910216A,M-1810,item:001893,27.552803,27.552803,25,60,1.0,KG
35,SDC-VD1091642A,M-1810,item:001893,14.845973,14.845973,28,63,1.0,KG
35,SDC-VD0518684A,M-1810,item:001893,7.422986,7.422986,32,67,1.0,KG
35,SDC-VD1091642A,M-1810,item:001893,24.408102,24.408102,20,55,1.0,KG
35,SDC-VD0910216A,M-1810,item:002612,7.250738,7.250738,18,53,1.0,KG
35,SDC-VD0990780A,M-1810,item:002612,2.071639,2.071639,52,87,1.0,KG
35,SDC-VD1091642A,M-1810,item:002612,0.976709,0.976709,18,53,1.0,KG
35,SDC-VD0500655A,M-1810,item:002612,0.976709,0.976709,36,71,1.0,KG
35,SDC-VD1091642A,M-1810,item:002612,8.258381,8.258381,16,51,1.0,KG
35,SDC-VD0514881A,M-1810,item:016332,4.688202,4.688202,26,61,1.0,KG
35,SDC-VD0519670A,M-1810,item:029313,0.390683,0.390683,92,127,1.0,KG
35,SDC-VD1096202A,M-1810,item:039668,0.390683,0.390683,27,62,1.0,KG
35,SDC-VD0914320A,M-1810,item:055703,0.546957,0.546957,27,62,1.0,KG
35,SDC-VD0964290A,M-1810,item:055703,0.23441,0.23441,39,74,1.0,KG
35,SDC-VD0505677A,M-1810,item:099439,19.534175,19.534175,44,79,1.0,KG
35,SDC-VD0901566A,M-1810,item:338928,10000.0,10000.0,56,91,1.0,UN
35,SDC-VD0914360C,M-1810,item:338929,9622.746278,9622.746278,83,118,1.0,UN
35,SDC-VD0989480A,M-1810,item:426331,105.850209,105.850209,28,63,1.0,UN
35,SDC-1450,M-1810,item:693055,3906.834989,3906.834989,64,99,1.0,G
35,M-1430,DC-1920,item:268967,4052.340262,4052.340262,3,38,1.0,UN
35,M-1810,DC-1920,item:268091,9622.746278,9622.746278,5,40,1.0,UN
35,SDC-VD0949099A,SDC-1450,item:021081,289.467179,304.702294,182,217,0.95,KG
35,SDC-VD0960508A,SDC-1450,item:021081,82.704908,82.704908,72,107,1.0,KG
35,SDC-VD0972460A,SDC-1450,item:021081,20.676227,20.676227,86,121,1.0,KG
35,SDC-VD0975221A,SDC-1450,item:021081,20.676227,20.676227,68,103,1.0,KG
35,SDC-1450,M-1810,item:007923,31254.679911,31254.679911,1,36,1.0,G
36,SDC-VD0914690A,M-1430,item:042342,234027.622997,234027.622997,8,44,1.0,UN
36,SDC-VD0525412A,M-1430,item:333362,3878.353767,3878.353767,44,80,1.0,UN
36,SDC-VD0993480A,M-1430,item:344135,3878.353767,3878.353767,21,57,1.0,UN
36,SDC-VD0520115A,M-1430,item:708073,30.755345,30.755345,53,89,1.0,KG
36,SDC-VD0508918A,M-1430,item:730384,822.210999,822.210999,39,75,1.0,M
36,SDC-VD1095770A,M-1430,item:734545,31.02683,31.02683,20,56,1.0,UN
36,SDC-1450,M-1430,item:773474,37444.411923,37444.411923,17,53,1.0,G
36,SDC-VD0951020A,M-1810,item:001757,15.395855,15.395855,71,107,1.0,KG
36,SDC-VD0519670A,M-1810,item:001848,8.082824,8.082824,23,59,1.0,KG
36,SDC-VD0951020A,M-1810,item:001848,3.464067,3.464067,29,65,1.0,KG
36,SDC-VD0910216A,M-1810,item:001893,37.329885,37.329885,23,59,1.0,KG
36,SDC-VD1091642A,M-1810,item:001893,14.626062,14.626062,19,55,1.0,KG
36,SDC-VD0518684A,M-1810,item:001893,7.313031,7.313031,58,94,1.0,KG
36,SDC-VD1091642A,M-1810,item:001893,13.861334,13.861334,37,73,1.0,KG
36,SDC-VD0910216A,M-1810,item:002612,9.823654,9.823654,23,59,1.0,KG
36,SDC-VD0990780A,M-1810,item:002612,2.806758,2.806758,70,106,1.0,KG
36,SDC-VD1091642A,M-1810,item:002612,0.962241,0.962241,40,76,1.0,KG
36,SDC-VD0500655A,M-1810,item:002612,0.962241,0.962241,38,74,1.0,KG
36,SDC-VD1091642A,M-1810,item:002612,4.689925,4.689925,21,57,1.0,KG
36,SDC-VD0514881A,M-1810,item:016332,4.618757,4.618757,36,72,1.0,KG
36,SDC-VD0519670A,M-1810,item:029313,0.384896,0.384896,38,74,1.0,KG
36,SDC-VD1096202A,M-1810,item:039668,0.384896,0.384896,40,76,1.0,KG
36,SDC-VD0914320A,M-1810,item:055703,0.538855,0.538855,28,64,1.0,KG
36,SDC-VD0964290A,M-1810,item:055703,0.230938,0.230938,47,83,1.0,KG
36,SDC-VD0505677A,M-1810,item:099439,19.244819,19.244819,30,66,1.0,KG
36,SDC-VD0901566A,M-1810,item:338928,10000.0,10000.0,108,144,1.0,UN
36,SDC-VD0914360C,M-1810,item:338929,9480.206399,9480.206399,42,78,1.0,UN
36,SDC-VD0989480A,M-1810,item:426331,104.28227,104.28227,31,67,1.0,UN
36,SDC-1450,M-1810,item:693055,3848.963798,3848.963798,31,67,1.0,G
36,M-1430,DC-1920,item:268967,3878.353767,3878.353767,2,38,1.0,UN
36,M-1810,DC-1920,item:268091,9480.206399,9480.206399,2,38,1.0,UN
36,DC-1920,C-XXXXX,item:268091,10335.445675,10335.445675,3,39,1.0,UN
36,SDC-VD0949099A,SDC-1450,item:021081,281.146106,295.94327,110,146,0.95,KG
36,SDC-VD0960508A,SDC-1450,item:021081,80.327459,80.327459,178,214,1.0,KG
36,SDC-VD0972460A,SDC-1450,item:021081,20.081865,20.081865,52,88,1.0,KG
36,SDC-VD0975221A,SDC-1450,item:021081,20.081865,20.081865,240,276,1.0,KG
36,SDC-1450,M-1810,item:007923,30791.710383,30791.710383,1,37,1.0,G
37,SDC-VD0914690A,M-1430,item:042342,231927.884378,231927.884378,25,62,1.0,UN
37,SDC-VD0525412A,M-1430,item:333362,3843.556468,3843.556468,40,77,1.0,UN
37,SDC-VD0993480A,M-1430,item:344135,3843.556468,3843.556468,53,90,1.0,UN
37,SDC-VD0520115A,M-1430,item:708073,30.479403,30.479403,19,56,1.0,KG
37,SDC-VD0508918A,M-1430,item:730384,814.833971,814.833971,39,76,1.0,M
37,SDC-VD1095770A,M-1430,item:734545,30.748452,30.748452,33,70,1.0,UN
37,SDC-1450,M-1430,item:773474,37108.453813,37108.453813,11,48,1.0,G
37,SDC-VD0951020A,M-1810,item:001757,15.349558,15.349558,115,152,1.0,KG
37,SDC-VD0519670A,M-1810,item:001848,7.886101,7.886101,33,70,1.0,KG
37,SDC-VD0951020A,M-1810,item:001848,3.453651,3.453651,31,68,1.0,KG
37,SDC-VD0951020A,M-1810,item:001848,0.172418,0.172418,73,110,1.0,KG
37,SDC-VD0910216A,M-1810,item:001893,39.285301,39.285301,9,46,1.0,KG
37,SDC-VD1091642A,M-1810,item:001893,14.58208,14.58208,31,68,1.0,KG
37,SDC-VD0518684A,M-1810,item:001893,7.29104,7.29104,52,89,1.0,KG
37,SDC-VD1091642A,M-1810,item:001893,11.75198,11.75198,12,49,1.0,KG
37,SDC-VD0910216A,M-1810,item:002612,10.338237,10.338237,51,88,1.0,KG
37,SDC-VD0990780A,M-1810,item:002612,2.953782,2.953782,54,91,1.0,KG
37,SDC-VD1091642A,M-1810,item:002612,0.959347,0.959347,65,102,1.0,KG
37,SDC-VD0500655A,M-1810,item:002612,0.959347,0.959347,38,75,1.0,KG
37,SDC-VD1091642A,M-1810,item:002612,3.976234,3.976234,19,56,1.0,KG
37,SDC-VD0514881A,M-1810,item:016332,4.604867,4.604867,28,65,1.0,KG
37,SDC-VD0519670A,M-1810,item:029313,0.383739,0.383739,32,69,1.0,KG
37,SDC-VD1096202A,M-1810,item:039668,0.383739,0.383739,31,68,1.0,KG
37,SDC-VD0914320A,M-1810,item:055703,0.537235,0.537235,12,49,1.0,KG
37,SDC-VD0964290A,M-1810,item:055703,0.230243,0.230243,37,74,1.0,KG
37,SDC-VD0505677A,M-1810,item:099439,19.186948,19.186948,49,86,1.0,KG
37,SDC-VD0901566A,M-1810,item:338928,10000.0,10000.0,99,136,1.0,UN
37,SDC-VD0914360C,M-1810,item:338929,9451.698423,9451.698423,84,121,1.0,UN
37,SDC-VD0989480A,M-1810,item:426331,103.968683,103.968683,56,93,1.0,UN
37,SDC-1450,M-1810,item:693055,3837.38956,3837.38956,54,91,1.0,G
37,M-1430,DC-1920,item:268967,3843.556468,3843.556468,5,42,1.0,UN
37,M-1810,DC-1920,item:268091,9451.698423,9451.698423,4,41,1.0,UN
37,DC-1920,C-XXXXX,item:268967,14766.454901,14766.454901,2,39,1.0,UN
37,DC-1920,C-XXXXX,item:268091,10335.856165,10335.856165,4,41,1.0,UN
37,SDC-VD0949099A,SDC-1450,item:021081,270.118096,284.334838,90,127,0.95,KG
37,SDC-VD0960508A,SDC-1450,item:021081,77.176599,77.176599,240,277,1.0,KG
37,SDC-VD0972460A,SDC-1450,item:021081,19.29415,19.29415,87,124,1.0,KG
37,SDC-VD0975221A,SDC-1450,item:021081,19.29415,19.29415,114,151,1.0,KG
37,SDC-1450,M-1810,item:007923,30699.116478,30699.116478,2,39,1.0,G
38,SDC-VD0914690A,M-1430,item:042342,231507.936654,231507.936654,11,49,1.0,UN
38,SDC-VD0525412A,M-1430,item:333362,3836.597008,3836.597008,89,127,1.0,UN
38,SDC-VD0993480A,M-1430,item:344135,3836.597008,3836.597008,69,107,1.0,UN
38,SDC-VD0520115A,M-1430,item:708073,30.424214,30.424214,24,62,1.0,KG
38,SDC-VD0508918A,M-1430,item:730384,813.358566,813.358566,79,117,1.0,M
38,SDC-VD1095770A,M-1430,item:734545,30.692776,30.692776,8,46,1.0,UN
38,SDC-1450,M-1430,item:773474,37041.262191,37041.262191,21,59,1.0,G
38,SDC-VD0951020A,M-1810,item:001757,15.340299,15.340299,55,93,1.0,KG
38,SDC-VD0519670A,M-1810,item:001848,6.277042,6.277042,42,80,1.0,KG
38,SDC-VD0951020A,M-1810,item:001848,3.451567,3.451567,22,60,1.0,KG
38,SDC-VD0951020A,M-1810,item:001848,1.776615,1.776615,23,61,1.0,KG
38,SDC-VD0910216A,M-1810,item:001893,39.676385,39.676385,12,50,1.0,KG
38,SDC-VD1091642A,M-1810,item:001893,14.573284,14.573284,46,84,1.0,KG
38,SDC-VD0518684A,M-1810,item:001893,7.286642,7.286642,18,56,1.0,KG
38,SDC-VD1091642A,M-1810,item:001893,11.330109,11.330109,70,108,1.0,KG
38,SDC-VD0910216A,M-1810,item:002612,10.441154,10.441154,15,53,1.0,KG
38,SDC-VD0990780A,M-1810,item:002612,2.983187,2.983187,33,71,1.0,KG
38,SDC-VD1091642A,M-1810,item:002612,0.958769,0.958769,44,82,1.0,KG
38,SDC-VD0500655A,M-1810,item:002612,0.958769,0.958769,44,82,1.0,KG
38,SDC-VD1091642A,M-1810,item:002612,3.833496,3.833496,47,85,1.0,KG
38,SDC-VD0514881A,M-1810,item:016332,4.60209,4.60209,38,76,1.0,KG
38,SDC-VD0519670A,M-1810,item:029313,0.383507,0.383507,43,81,1.0,KG
38,SDC-VD1096202A,M-1810,item:039668,0.383507,0.383507,61,99,1.0,KG
38,SDC-VD0914320A,M-1810,item:055703,0.53691,0.53691,9,47,1.0,KG
38,SDC-VD0964290A,M-1810,item:055703,0.230104,0.230104,69,107,1.0,KG
38,SDC-VD0505677A,M-1810,item:099439,19.175374,19.175374,29,67,1.0,KG
38,SDC-VD0901566A,M-1810,item:338928,10000.0,10000.0,106,144,1.0,UN
38,SDC-VD0914360C,M-1810,item:338929,9445.996828,9445.996828,60,98,1.0,UN
38,SDC-VD0989480A,M-1810,item:426331,103.905965,103.905965,21,59,1.0,UN
38,SDC-1450,M-1810,item:693055,3835.074712,3835.074712,117,155,1.0,G
38,M-1430,DC-1920,item:268967,3836.597008,3836.597008,2,40,1.0,UN
38,M-1810,DC-1920,item:268091,9445.996828,9445.996828,2,40,1.0,UN
38,DC-1920,C-XXXXX,item:268967,7930.694029,7930.694029,2,40,1.0,UN
38,DC-1920,C-XXXXX,item:268091,19815.720489,19815.720489,3,41,1.0,UN
38,SDC-VD0949099A,SDC-1450,item:021081,260.333816,274.035596,125,163,0.95,KG
38,SDC-VD0960508A,SDC-1450,item:021081,74.38109,74.38109,63,101,1.0,KG
38,SDC-VD0972460A,SDC-1450,item:021081,18.595273,18.595273,86,124,1.0,KG
38,SDC-VD0975221A,SDC-1450,item:021081,18.595273,18.595273,37,75,1.0,KG
38,SDC-1450,M-1810,item:007923,30680.597697,30680.597697,1,39,1.0,G
39,SDC-VD0914690A,M-1430,item:042342,231423.947109,231423.947109,6,45,1.0,UN
39,SDC-VD0525412A,M-1430,item:333362,3835.205116,3835.205116,40,79,1.0,UN
39,SDC-VD0993480A,M-1430,item:344135,3835.205116,3835.205116,28,67,1.0,UN
39,SDC-VD0520115A,M-1430,item:708073,30.413177,30.413177,29,68,1.0,KG
39,SDC-VD0508918A,M-1430,item:730384,813.063485,813.063485,49,88,1.0,M
39,SDC-VD1095770A,M-1430,item:734545,30.681641,30.681641,14,53,1.0,UN
39,SDC-1450,M-1430,item:773474,37027.823867,37027.823867,7,46,1.0,G
39,SDC-VD0951020A,M-1810,item:001757,15.338447,15.338447,64,103,1.0,KG
39,SDC-VD0519670A,M-1810,item:001848,6.279512,6.279512,18,57,1.0,KG
39,SDC-VD0951020A,M-1810,item:001848,3.451151,3.451151,92,131,1.0,KG
39,SDC-VD0951020A,M-1810,item:001848,1.773172,1.773172,18,57,1.0,KG
39,SDC-VD0910216A,M-1810,item:001893,39.754601,39.754601,34,73,1.0,KG
39,SDC-VD1091642A,M-1810,item:001893,14.571525,14.571525,26,65,1.0,KG
39,SDC-VD0518684A,M-1810,item:001893,7.285762,7.285762,110,149,1.0,KG
39,SDC-VD1091642A,M-1810,item:001893,11.245735,11.245735,51,90,1.0,KG
39,SDC-VD0910216A,M-1810,item:002612,10.461737,10.461737,8,47,1.0,KG
39,SDC-VD0990780A,M-1810,item:002612,2.989068,2.989068,44,83,1.0,KG
39,SDC-VD1091642A,M-1810,item:002612,0.958653,0.958653,13,52,1.0,KG
39,SDC-VD0500655A,M-1810,item:002612,0.958653,0.958653,9,48,1.0,KG
39,SDC-VD1091642A,M-1810,item:002612,3.804948,3.804948,30,69,1.0,KG
39,SDC-VD0514881A,M-1810,item:016332,4.601534,4.601534,24,63,1.0,KG
39,SDC-VD0519670A,M-1810,item:029313,0.383461,0.383461,59,98,1.0,KG
39,SDC-VD1096202A,M-1810,item:039668,0.383461,0.383461,43,82,1.0,KG
39,SDC-VD0914320A,M-1810,item:055703,0.536846,0.536846,18,57,1.0,KG
39,SDC-VD0964290A,M-1810,item:055703,0.230077,0.230077,44,83,1.0,KG
39,SDC-VD0505677A,M-1810,item:099439,19.173059,19.173059,24,63,1.0,KG
39,SDC-VD0901566A,M-1810,item:338928,10000.0,10000.0,26,65,1.0,UN
39,SDC-VD0914360C,M-1810,item:338929,9444.856509,9444.856509,51,90,1.0,UN
39,SDC-VD0989480A,M-1810,item:426331,103.893422,103.893422,16,55,1.0,UN
39,SDC-1450,M-1810,item:693055,3834.611743,3834.611743,92,131,1.0,G
39,M-1430,DC-1920,item:268967,3835.205116,3835.205116,3,42,1.0,UN
39,M-1810,DC-1920,item:268091,9444.856509,9444.856509,2,41,1.0,UN
39,SDC-VD0949099A,SDC-1450,item:021081,252.67104,265.969516,171,210,0.95,KG
39,SDC-VD0960508A,SDC-1450,item:021081,72.191726,72.191726,174,213,1.0,KG
39,SDC-VD0972460A,SDC-1450,item:021081,18.047931,18.047931,74,113,1.0,KG
39,SDC-VD0975221A,SDC-1450,item:021081,18.047931,18.047931,240,279,1.0,KG
39,SDC-1450,M-1810,item:007923,30676.89394,30676.89394,1,40,1.0,G
40,SDC-VD0914690A,M-1430,item:042342,231407.1492,231407.1492,18,58,1.0,UN
40,SDC-VD0525412A,M-1430,item:333362,3834.926738,3834.926738,91,131,1.0,UN
40,SDC-VD0993480A,M-1430,item:344135,3834.926738,3834.926738,31,71,1.0,UN
40,SDC-VD0520115A,M-1430,item:708073,30.410969,30.410969,37,77,1.0,KG
40,SDC-VD0508918A,M-1430,item:730384,813.004468,813.004468,75,115,1.0,M
40,SDC-VD1095770A,M-1430,item:734545,30.679414,30.679414,18,58,1.0,UN
40,SDC-1450,M-1430,item:773474,37025.136202,37025.136202,7,47,1.0,G
40,SDC-VD0951020A,M-1810,item:001757,15.338077,15.338077,95,135,1.0,KG
40,SDC-VD0519670A,M-1810,item:001848,6.280006,6.280006,22,62,1.0,KG
40,SDC-VD0951020A,M-1810,item:001848,3.451067,3.451067,89,129,1.0,KG
40,SDC-VD0951020A,M-1810,item:001848,1.772484,1.772484,46,86,1.0,KG
40,SDC-VD0910216A,M-1810,item:001893,39.770245,39.770245,29,69,1.0,KG
40,SDC-VD1091642A,M-1810,item:001893,14.571173,14.571173,57,97,1.0,KG
40,SDC-VD0518684A,M-1810,item:001893,7.285586,7.285586,88,128,1.0,KG
40,SDC-VD1091642A,M-1810,item:001893,11.22886,11.22886,32,72,1.0,KG
40,SDC-VD0910216A,M-1810,item:002612,10.465854,10.465854,30,70,1.0,KG
40,SDC-VD0990780A,M-1810,item:002612,2.990244,2.990244,18,58,1.0,KG
40,SDC-VD1091642A,M-1810,item:002612,0.95863,0.95863,15,55,1.0,KG
40,SDC-VD0500655A,M-1810,item:002612,0.95863,0.95863,30,70,1.0,KG
40,SDC-VD1091642A,M-1810,item:002612,3.799238,3.799238,58,98,1.0,KG
40,SDC-VD0514881A,M-1810,item:016332,4.601423,4.601423,58,98,1.0,KG
40,SDC-VD0519670A,M-1810,item:029313,0.383452,0.383452,65,105,1.0,KG
40,SDC-VD1096202A,M-1810,item:039668,0.383452,0.383452,21,61,1.0,KG
40,SDC-VD0914320A,M-1810,item:055703,0.536833,0.536833,19,59,1.0,KG
40,SDC-VD0964290A,M-1810,item:055703,0.230071,0.230071,27,67,1.0,KG
40,SDC-VD0505677A,M-1810,item:099439,19.172596,19.172596,69,109,1.0,KG
40,SDC-VD0901566A,M-1810,item:338928,10000.0,10000.0,140,180,1.0,UN
40,SDC-VD0914360C,M-1810,item:338929,9444.628445,9444.628445,50,90,1.0,UN
40,SDC-VD0989480A,M-1810,item:426331,103.890913,103.890913,44,84,1.0,UN
40,SDC-1450,M-1810,item:693055,3834.519149,3834.519149,60,100,1.0,G
40,M-1430,DC-1920,item:268967,3834.926738,3834.926738,3,43,1.0,UN
40,M-1810,DC-1920,item:268091,9444.628445,9444.628445,3,43,1.0,UN
40,DC-1920,C-XXXXX,item:268967,3836.597008,3836.597008,2,42,1.0,UN
40,DC-1920,C-XXXXX,item:268091,19068.743106,19068.743106,1,41,1.0,UN
40,SDC-VD0949099A,SDC-1450,item:021081,246.948302,259.945581,55,95,0.95,KG
40,SDC-VD0960508A,SDC-1450,item:021081,70.556658,70.556658,140,180,1.0,KG
40,SDC-VD0972460A,SDC-1450,item:021081,17.639164,17.639164,79,119,1.0,KG
40,SDC-VD0975221A,SDC-1450,item:021081,17.639164,17.639164,116,156,1.0,KG
40,SDC-1450,M-1810,item:007923,30676.153189,30676.153189,1,41,1.0,G
41,SDC-VD0914690A,M-1430,item:042342,231403.789618,231403.789618,31,72,1.0,UN
41,SDC-VD0525412A,M-1430,item:333362,3834.871062,3834.871062,7,48,1.0,UN
41,SDC-VD0993480A,M-1430,item:344135,3834.871062,3834.871062,22,63,1.0,UN
41,SDC-VD0520115A,M-1430,item:708073,30.410528,30.410528,10,51,1.0,KG
41,SDC-VD0508918A,M-1430,item:730384,812.992665,812.992665,22,63,1.0,M
41,SDC-VD1095770A,M-1430,item:734545,30.678968,30.678968,22,63,1.0,UN
41,SDC-1450,M-1430,item:773474,37024.598669,37024.598669,8,49,1.0,G
41,SDC-VD0951020A,M-1810,item:001757,15.338003,15.338003,53,94,1.0,KG
41,SDC-VD0519670A,M-1810,item:001848,6.280105,6.280105,21,62,1.0,KG
41,SDC-VD0951020A,M-1810,item:001848,3.451051,3.451051,64,105,1.0,KG
41,SDC-VD0951020A,M-1810,item:001848,1.772346,1.772346,49,90,1.0,KG
41,SDC-VD0910216A,M-1810,item:001893,39.773373,39.773373,41,82,1.0,KG
41,SDC-VD1091642A,M-1810,item:001893,14.571102,14.571102,50,91,1.0,KG
41,SDC-VD0518684A,M-1810,item:001893,7.285551,7.285551,22,63,1.0,KG
41,SDC-VD1091642A,M-1810,item:001893,11.225485,11.225485,33,74,1.0,KG
41,SDC-VD0910216A,M-1810,item:002612,10.466677,10.466677,15,56,1.0,KG
41,SDC-VD0990780A,M-1810,item:002612,2.990479,2.990479,48,89,1.0,KG
41,SDC-VD1091642A,M-1810,item:002612,0.958625,0.958625,26,67,1.0,KG
41,SDC-VD0500655A,M-1810,item:002612,0.958625,0.958625,25,66,1.0,KG
41,SDC-VD1091642A,M-1810,item:002612,3.798096,3.798096,64,105,1.0,KG
41,SDC-VD0514881A,M-1810,item:016332,4.601401,4.601401,79,120,1.0,KG
41,SDC-VD0519670A,M-1810,item:029313,0.38345,0.38345,56,97,1.0,KG
41,SDC-VD1096202A,M-1810,item:039668,0.38345,0.38345,32,73,1.0,KG
41,SDC-VD0914320A,M-1810,item:055703,0.53683,0.53683,7,48,1.0,KG
41,SDC-VD0964290A,M-1810,item:055703,0.23007,0.23007,20,61,1.0,KG
41,SDC-VD0505677A,M-1810,item:099439,19.172503,19.172503,11,52,1.0,KG
41,SDC-VD0901566A,M-1810,item:338928,10000.0,10000.0,42,83,1.0,UN
41,SDC-VD0914360C,M-1810,item:338929,9444.582832,9444.582832,23,64,1.0,UN
41,SDC-VD0989480A,M-1810,item:426331,103.890411,103.890411,22,63,1.0,UN
41,SDC-1450,M-1810,item:693055,3834.50063,3834.50063,31,72,1.0,G
41,M-1430,DC-1920,item:268967,3834.871062,3834.871062,2,43,1.0,UN
41,M-1810,DC-1920,item:268091,9444.582832,9444.582832,2,43,1.0,UN
41,DC-1920,C-XXXXX,item:268091,18896.554932,18896.554932,3,44,1.0,UN
41,SDC-VD0949099A,SDC-1450,item:021081,242.754754,255.53132,134,175,0.95,KG
41,SDC-VD0960508A,SDC-1450,item:021081,69.358501,69.358501,230,271,1.0,KG
41,SDC-VD0972460A,SDC-1450,item:021081,17.339625,17.339625,132,173,1.0,KG
41,SDC-VD0975221A,SDC-1450,item:021081,17.339625,17.339625,145,186,1.0,KG
41,SDC-1450,M-1810,item:007923,30676.005039,30676.005039,2,43,1.0,G
42,SDC-VD0914690A,M-1430,item:042342,313778.4,313778.4,16,58,1.0,UN
42,SDC-VD0525412A,M-1430,item:333362,5200.0,5200.0,100,142,1.0,UN
42,SDC-VD0993480A,M-1430,item:344135,5200.0,5200.0,57,99,1.0,UN
42,SDC-VD0520115A,M-1430,item:708073,41.236,41.236,19,61,1.0,KG
42,SDC-VD0508918A,M-1430,item:730384,1102.4,1102.4,112,154,1.0,M
42,SDC-VD1095770A,M-1430,item:734545,41.6,41.6,22,64,1.0,UN
42,SDC-1450,M-1430,item:773474,50204.5336,50204.5336,7,49,1.0,G
42,SDC-VD0951020A,M-1810,item:001757,12.240324,12.240324,101,143,1.0,KG
42,SDC-VD0519670A,M-1810,item:001848,6.42617,6.42617,10,52,1.0,KG
42,SDC-VD0951020A,M-1810,item:001848,2.754073,2.754073,100,142,1.0,KG
42,SDC-VD0910216A,M-1810,item:001893,39.773999,39.773999,11,53,1.0,KG
42,SDC-VD1091642A,M-1810,item:001893,11.628308,11.628308,48,90,1.0,KG
42,SDC-VD0518684A,M-1810,item:001893,5.814154,5.814154,80,122,1.0,KG
42,SDC-VD1091642A,M-1810,item:001893,0.925077,0.925077,29,71,1.0,KG
42,SDC-VD0910216A,M-1810,item:002612,10.466842,10.466842,31,73,1.0,KG
42,SDC-VD0990780A,M-1810,item:002612,2.990526,2.990526,40,82,1.0,KG
42,SDC-VD1091642A,M-1810,item:002612,0.76502,0.76502,32,74,1.0,KG
42,SDC-VD0500655A,M-1810,item:002612,0.76502,0.76502,49,91,1.0,KG
42,SDC-VD1091642A,M-1810,item:002612,0.312996,0.312996,45,87,1.0,KG
42,SDC-VD0514881A,M-1810,item:016332,3.672097,3.672097,62,104,1.0,KG
42,SDC-VD0519670A,M-1810,item:029313,0.306008,0.306008,85,127,1.0,KG
42,SDC-VD1096202A,M-1810,item:039668,0.306008,0.306008,55,97,1.0,KG
42,SDC-VD0914320A,M-1810,item:055703,0.428411,0.428411,9,51,1.0,KG
42,SDC-VD0964290A,M-1810,item:055703,0.183605,0.183605,22,64,1.0,KG
42,SDC-VD0505677A,M-1810,item:099439,15.300405,15.300405,40,82,1.0,KG
42,SDC-VD0901566A,M-1810,item:338928,10000.0,10000.0,78,120,1.0,UN
42,SDC-VD0914360C,M-1810,item:338929,7537.145138,7537.145138,47,89,1.0,UN
42,SDC-VD0989480A,M-1810,item:426331,82.908597,82.908597,45,87,1.0,UN
42,SDC-1450,M-1810,item:693055,3060.080926,3060.080926,78,120,1.0,G
42,M-1430,DC-1920,item:268967,5200.0,5200.0,5,47,1.0,UN
42,M-1810,DC-1920,item:268091,7537.145138,7537.145138,5,47,1.0,UN
42,DC-1920,C-XXXXX,item:268967,7678.761584,7678.761584,2,44,1.0,UN
42,SDC-VD0949099A,SDC-1450,item:021081,239.705081,252.321138,193,235,0.95,KG
42,SDC-VD0960508A,SDC-1450,item:021081,68.487166,68.487166,133,175,1.0,KG
42,SDC-VD0972460A,SDC-1450,item:021081,17.121792,17.121792,41,83,1.0,KG
42,SDC-VD0975221A,SDC-1450,item:021081,17.121792,17.121792,30,72,1.0,KG
42,SDC-1450,M-1810,item:007923,24480.647407,24480.647407,1,43,1.0,G
43,SDC-VD0914690A,M-1430,item:042342,313778.4,313778.4,20,63,1.0,UN
43,SDC-VD0525412A,M-1430,item:333362,5200.0,5200.0,120,163,1.0,UN
43,SDC-VD0993480A,M-1430,item:344135,5200.0,5200.0,20,63,1.0,UN
43,SDC-VD0520115A,M-1430,item:708073,41.236,41.236,31,74,1.0,KG
43,SDC-VD0508918A,M-1430,item:730384,1102.4,1102.4,36,79,1.0,M
43,SDC-VD1095770A,M-1430,item:734545,41.6,41.6,16,59,1.0,UN
43,SDC-1450,M-1430,item:773474,50204.5336,50204.5336,24,67,1.0,G
43,SDC-VD0951020A,M-1810,item:001757,11.620788,11.620788,108,151,1.0,KG
43,SDC-VD0519670A,M-1810,item:001848,6.100914,6.100914,5,48,1.0,KG
43,SDC-VD0951020A,M-1810,item:001848,2.614677,2.614677,44,87,1.0,KG
43,SDC-VD0910216A,M-1810,item:001893,38.63912,38.63912,37,80,1.0,KG
43,SDC-VD1091642A,M-1810,item:001893,11.039749,11.039749,38,81,1.0,KG
43,SDC-VD0518684A,M-1810,item:001893,5.519874,5.519874,96,139,1.0,KG
43,SDC-VD0910216A,M-1810,item:002612,10.168189,10.168189,31,74,1.0,KG
43,SDC-VD0990780A,M-1810,item:002612,2.905197,2.905197,38,81,1.0,KG
43,SDC-VD1091642A,M-1810,item:002612,0.726299,0.726299,46,89,1.0,KG
43,SDC-VD0500655A,M-1810,item:002612,0.726299,0.726299,31,74,1.0,KG
43,SDC-VD0514881A,M-1810,item:016332,3.486236,3.486236,39,82,1.0,KG
43,SDC-VD0519670A,M-1810,item:029313,0.29052,0.29052,62,105,1.0,KG
43,SDC-VD1096202A,M-1810,item:039668,0.29052,0.29052,16,59,1.0,KG
43,SDC-VD0914320A,M-1810,item:055703,0.406728,0.406728,42,85,1.0,KG
43,SDC-VD0964290A,M-1810,item:055703,0.174312,0.174312,73,116,1.0,KG
43,SDC-VD0505677A,M-1810,item:099439,14.525985,14.525985,28,71,1.0,KG
43,SDC-VD0901566A,M-1810,item:338928,10000.0,10000.0,33,76,1.0,UN
43,SDC-VD0914360C,M-1810,item:338929,7155.657599,7155.657599,68,111,1.0,UN
43,SDC-VD0989480A,M-1810,item:426331,78.712234,78.712234,15,58,1.0,UN
43,SDC-1450,M-1810,item:693055,2905.196985,2905.196985,112,155,1.0,G
43,M-1430,DC-1920,item:268967,5200.0,5200.0,2,45,1.0,UN
43,M-1810,DC-1920,item:268091,7155.657599,7155.657599,5,48,1.0,UN
43,DC-1920,C-XXXXX,item:268967,7669.7978,7669.7978,2,45,1.0,UN
43,DC-1920,C-XXXXX,item:268091,18889.211277,18889.211277,3,46,1.0,UN
43,SDC-VD0949099A,SDC-1450,item:021081,253.990125,267.358026,72,115,0.95,KG
43,SDC-VD0960508A,SDC-1450,item:021081,72.568607,72.568607,70,113,1.0,KG
43,SDC-VD0972460A,SDC-1450,item:021081,18.142152,18.142152,215,258,1.0,KG
43,SDC-VD0975221A,SDC-1450,item:021081,18.142152,18.142152,31,74,1.0,KG
43,SDC-1450,M-1810,item:007923,23241.575881,23241.575881,1,44,1.0,G
44,SDC-VD0914690A,M-1430,item:042342,313778.4,313778.4,27,71,1.0,UN
44,SDC-VD0525412A,M-1430,item:333362,5200.0,5200.0,74,118,1.0,UN
44,SDC-VD0993480A,M-1430,item:344135,5200.0,5200.0,31,75,1.0,UN
44,SDC-VD0520115A,M-1430,item:708073,41.236,41.236,35,79,1.0,KG
44,SDC-VD0508918A,M-1430,item:730384,1102.4,1102.4,64,108,1.0,M
44,SDC-VD1095770A,M-1430,item:734545,41.6,41.6,19,63,1.0,UN
44,SDC-1450,M-1430,item:773474,50204.5336,50204.5336,15,59,1.0,G
44,SDC-VD0951020A,M-1810,item:001757,11.496881,11.496881,59,103,1.0,KG
44,SDC-VD0519670A,M-1810,item:001848,6.035862,6.035862,21,65,1.0,KG
44,SDC-VD0951020A,M-1810,item:001848,2.586798,2.586798,40,84,1.0,KG
44,SDC-VD0910216A,M-1810,item:001893,38.227129,38.227129,40,84,1.0,KG
44,SDC-VD1091642A,M-1810,item:001893,10.922037,10.922037,22,66,1.0,KG
44,SDC-VD0518684A,M-1810,item:001893,5.461018,5.461018,112,156,1.0,KG
44,SDC-VD0910216A,M-1810,item:002612,10.059771,10.059771,41,85,1.0,KG
44,SDC-VD0990780A,M-1810,item:002612,2.87422,2.87422,39,83,1.0,KG
44,SDC-VD1091642A,M-1810,item:002612,0.718555,0.718555,70,114,1.0,KG
44,SDC-VD0500655A,M-1810,item:002612,0.718555,0.718555,51,95,1.0,KG
44,SDC-VD0514881A,M-1810,item:016332,3.449064,3.449064,98,142,1.0,KG
44,SDC-VD0519670A,M-1810,item:029313,0.287422,0.287422,62,106,1.0,KG
44,SDC-VD1096202A,M-1810,item:039668,0.287422,0.287422,13,57,1.0,KG
44,SDC-VD0914320A,M-1810,item:055703,0.402391,0.402391,6,50,1.0,KG
44,SDC-VD0964290A,M-1810,item:055703,0.172453,0.172453,56,100,1.0,KG
44,SDC-VD0505677A,M-1810,item:099439,14.371101,14.371101,33,77,1.0,KG
44,SDC-VD0901566A,M-1810,item:338928,10000.0,10000.0,35,79,1.0,UN
44,SDC-VD0914360C,M-1810,item:338929,7079.360091,7079.360091,34,78,1.0,UN
44,SDC-VD0989480A,M-1810,item:426331,77.872961,77.872961,17,61,1.0,UN
44,SDC-1450,M-1810,item:693055,2874.220197,2874.220197,61,105,1.0,G
44,M-1430,DC-1920,item:268967,5200.0,5200.0,2,46,1.0,UN
44,M-1810,DC-1920,item:268091,7079.360091,7079.360091,6,50,1.0,UN
44,SDC-VD0949099A,SDC-1450,item:021081,268.885103,283.03695,48,92,0.95,KG
44,SDC-VD0960508A,SDC-1450,item:021081,76.824315,76.824315,100,144,1.0,KG
44,SDC-VD0972460A,SDC-1450,item:021081,19.206079,19.206079,107,151,1.0,KG
44,SDC-VD0975221A,SDC-1450,item:021081,19.206079,19.206079,115,159,1.0,KG
44,SDC-1450,M-1810,item:007923,22993.761575,22993.761575,1,45,1.0,G
45,SDC-VD0914690A,M-1430,item:042342,313778.4,313778.4,42,87,1.0,UN
45,SDC-VD0525412A,M-1430,item:333362,5200.0,5200.0,45,90,1.0,UN
45,SDC-VD0993480A,M-1430,item:344135,5200.0,5200.0,51,96,1.0,UN
45,SDC-VD0520115A,M-1430,item:708073,41.236,41.236,32,77,1.0,KG
45,SDC-VD0508918A,M-1430,item:730384,1102.4,1102.4,18,63,1.0,M
45,SDC-VD1095770A,M-1430,item:734545,41.6,41.6,19,64,1.0,UN
45,SDC-1450,M-1430,item:773474,50204.5336,50204.5336,4,49,1.0,G
45,SDC-VD0951020A,M-1810,item:001757,11.472099,11.472099,113,158,1.0,KG
45,SDC-VD0519670A,M-1810,item:001848,6.022852,6.022852,18,63,1.0,KG
45,SDC-VD0951020A,M-1810,item:001848,2.581222,2.581222,112,157,1.0,KG
45,SDC-VD0910216A,M-1810,item:001893,38.14473,38.14473,42,87,1.0,KG
45,SDC-VD1091642A,M-1810,item:001893,10.898494,10.898494,43,88,1.0,KG
45,SDC-VD0518684A,M-1810,item:001893,5.449247,5.449247,22,67,1.0,KG
45,SDC-VD0910216A,M-1810,item:002612,10.038087,10.038087,44,89,1.0,KG
45,SDC-VD0990780A,M-1810,item:002612,2.868025,2.868025,70,115,1.0,KG
45,SDC-VD1091642A,M-1810,item:002612,0.717006,0.717006,21,66,1.0,KG
45,SDC-VD0500655A,M-1810,item:002612,0.717006,0.717006,31,76,1.0,KG
45,SDC-VD0514881A,M-1810,item:016332,3.44163,3.44163,49,94,1.0,KG
45,SDC-VD0519670A,M-1810,item:029313,0.286802,0.286802,66,111,1.0,KG
45,SDC-VD1096202A,M-1810,item:039668,0.286802,0.286802,32,77,1.0,KG
45,SDC-VD0914320A,M-1810,item:055703,0.401523,0.401523,42,87,1.0,KG
45,SDC-VD0964290A,M-1810,item:055703,0.172081,0.172081,84,129,1.0,KG
45,SDC-VD0505677A,M-1810,item:099439,14.340124,14.340124,20,65,1.0,KG
45,SDC-VD0901566A,M-1810,item:338928,10000.0,10000.0,53,98,1.0,UN
45,SDC-VD0914360C,M-1810,item:338929,7064.100589,7064.100589,27,72,1.0,UN
45,SDC-VD0989480A,M-1810,item:426331,77.705106,77.705106,46,91,1.0,UN
45,SDC-1450,M-1810,item:693055,2868.024839,2868.024839,100,145,1.0,G
45,M-1430,DC-1920,item:268967,5200.0,5200.0,4,49,1.0,UN
45,M-1810,DC-1920,item:268091,7064.100589,7064.100589,3,48,1.0,UN
45,DC-1920,C-XXXXX,item:268967,5200.0,5200.0,2,47,1.0,UN
45,SDC-VD0949099A,SDC-1450,item:021081,280.923072,295.708497,77,122,0.95,KG
45,SDC-VD0960508A,SDC-1450,item:021081,80.263735,80.263735,200,245,1.0,KG
45,SDC-VD0972460A,SDC-1450,item:021081,20.065934,20.065934,49,94,1.0,KG
45,SDC-VD0975221A,SDC-1450,item:021081,20.065934,20.065934,68,113,1.0,KG
45,SDC-1450,M-1810,item:007923,22944.198714,22944.198714,1,46,1.0,G
46,SDC-VD0914690A,M-1430,item:042342,313778.4,313778.4,17,63,1.0,UN
46,SDC-VD0525412A,M-1430,item:333362,5200.0,5200.0,52,98,1.0,UN
46,SDC-VD0993480A,M-1430,item:344135,5200.0,5200.0,14,60,1.0,UN
46,SDC-VD0520115A,M-1430,item:708073,41.236,41.236,32,78,1.0,KG
46,SDC-VD0508918A,M-1430,item:730384,1102.4,1102.4,48,94,1.0,M
46,SDC-VD1095770A,M-1430,item:734545,41.6,41.6,25,71,1.0,UN
46,SDC-1450,M-1430,item:773474,50204.5336,50204.5336,12,58,1.0,G
46,SDC-VD0951020A,M-1810,item:001757,11.467143,11.467143,58,104,1.0,KG
46,SDC-VD0519670A,M-1810,item:001848,6.02025,6.02025,25,71,1.0,KG
46,SDC-VD0951020A,M-1810,item:001848,2.580107,2.580107,61,107,1.0,KG
46,SDC-VD0910216A,M-1810,item:001893,38.128251,38.128251,15,61,1.0,KG
46,SDC-VD1091642A,M-1810,item:001893,10.893786,10.893786,13,59,1.0,KG
46,SDC-VD0518684A,M-1810,item:001893,5.446893,5.446893,16,62,1.0,KG
46,SDC-VD0910216A,M-1810,item:002612,10.03375,10.03375,51,97,1.0,KG
46,SDC-VD0990780A,M-1810,item:002612,2.866786,2.866786,38,84,1.0,KG
46,SDC-VD1091642A,M-1810,item:002612,0.716696,0.716696,41,87,1.0,KG
46,SDC-VD0500655A,M-1810,item:002612,0.716696,0.716696,29,75,1.0,KG
46,SDC-VD0514881A,M-1810,item:016332,3.440143,3.440143,24,70,1.0,KG
46,SDC-VD0519670A,M-1810,item:029313,0.286679,0.286679,44,90,1.0,KG
46,SDC-VD1096202A,M-1810,item:039668,0.286679,0.286679,36,82,1.0,KG
46,SDC-VD0914320A,M-1810,item:055703,0.40135,0.40135,27,73,1.0,KG
46,SDC-VD0964290A,M-1810,item:055703,0.172007,0.172007,40,86,1.0,KG
46,SDC-VD0505677A,M-1810,item:099439,14.333929,14.333929,33,79,1.0,KG
46,SDC-VD0901566A,M-1810,item:338928,10000.0,10000.0,140,186,1.0,UN
46,SDC-VD0914360C,M-1810,item:338929,7061.048689,7061.048689,39,85,1.0,UN
46,SDC-VD0989480A,M-1810,item:426331,77.671536,77.671536,16,62,1.0,UN
46,SDC-1450,M-1810,item:693055,2866.785768,2866.785768,61,107,1.0,G
46,M-1430,DC-1920,item:268967,5200.0,5200.0,2,48,1.0,UN
46,M-1810,DC-1920,item:268091,7061.048689,7061.048689,3,49,1.0,UN
46,DC-1920,C-XXXXX,item:268967,5200.0,5200.0,4,50,1.0,UN
46,SDC-VD0949099A,SDC-1450,item:021081,289.982046,305.244259,44,90,0.95,KG
46,SDC-VD0960508A,SDC-1450,item:021081,82.852013,82.852013,126,172,1.0,KG
46,SDC-VD0972460A,SDC-1450,item:021081,20.713003,20.713003,63,109,1.0,KG
46,SDC-VD0975221A,SDC-1450,item:021081,20.713003,20.713003,172,218,1.0,KG
46,SDC-1450,M-1810,item:007923,22934.286142,22934.286142,2,48,1.0,G
47,SDC-VD0520132A,M-1430,item:038005,2367.880026,2367.880026,174,221,1.0,KG
47,SDC-VD0914690A,M-1430,item:042342,313778.4,313778.4,32,79,1.0,UN
47,SDC-VD0525412A,M-1430,item:333362,5200.0,5200.0,63,110,1.0,UN
47,SDC-VD0993480A,M-1430,item:344135,5200.0,5200.0,47,94,1.0,UN
47,SDC-VD0520115A,M-1430,item:708073,41.236,41.236,23,70,1.0,KG
47,SDC-VD0508918A,M-1430,item:730384,1102.4,1102.4,112,159,1.0,M
47,SDC-VD1095770A,M-1430,item:734545,41.6,41.6,42,89,1.0,UN
47,SDC-1450,M-1430,item:773474,50204.5336,50204.5336,9,56,1.0,G
47,SDC-VD0951020A,M-1810,item:001757,11.466152,11.466152,65,112,1.0,KG
47,SDC-VD0519670A,M-1810,item:001848,6.01973,6.01973,7,54,1.0,KG
47,SDC-VD0951020A,M-1810,item:001848,2.579884,2.579884,31,78,1.0,KG
47,SDC-VD0910216A,M-1810,item:001893,38.124955,38.124955,16,63,1.0,KG
47,SDC-VD1091642A,M-1810,item:001893,10.892844,10.892844,24,71,1.0,KG
47,SDC-VD0518684A,M-1810,item:001893,5.446422,5.446422,53,100,1.0,KG
47,SDC-VD0910216A,M-1810,item:002612,10.032883,10.032883,18,65,1.0,KG
47,SDC-VD0990780A,M-1810,item:002612,2.866538,2.866538,42,89,1.0,KG
47,SDC-VD1091642A,M-1810,item:002612,0.716634,0.716634,23,70,1.0,KG
47,SDC-VD0500655A,M-1810,item:002612,0.716634,0.716634,38,85,1.0,KG
47,SDC-VD0514881A,M-1810,item:016332,3.439846,3.439846,94,141,1.0,KG
47,SDC-VD0519670A,M-1810,item:029313,0.286654,0.286654,25,72,1.0,KG
47,SDC-VD1096202A,M-1810,item:039668,0.286654,0.286654,24,71,1.0,KG
47,SDC-VD0520132A,M-1810,item:049371,283.0209,283.0209,228,275,1.0,KG
47,SDC-VD0914320A,M-1810,item:055703,0.401315,0.401315,29,76,1.0,KG
47,SDC-VD0964290A,M-1810,item:055703,0.171992,0.171992,50,97,1.0,KG
47,SDC-VD0505677A,M-1810,item:099439,14.33269,14.33269,16,63,1.0,KG
47,SDC-VD0901566A,M-1810,item:338928,10000.0,10000.0,99,146,1.0,UN
47,SDC-VD0914360C,M-1810,item:338929,7060.438309,7060.438309,11,58,1.0,UN
47,SDC-VD0989480A,M-1810,item:426331,77.664821,77.664821,29,76,1.0,UN
47,SDC-1450,M-1810,item:693055,2866.537953,2866.537953,15,62,1.0,G
47,M-1430,DC-1920,item:268967,5200.0,5200.0,3,50,1.0,UN
47,M-1810,DC-1920,item:268091,7060.438309,7060.438309,2,49,1.0,UN
47,DC-1920,C-XXXXX,item:268967,5200.0,5200.0,1,48,1.0,UN
47,DC-1920,C-XXXXX,item:268091,7537.145138,7537.145138,3,50,1.0,UN
47,SDC-VD0949099A,SDC-1450,item:021081,296.633426,312.245711,117,164,0.95,KG
47,SDC-VD0960508A,SDC-1450,item:021081,84.752407,84.752407,39,86,1.0,KG
47,SDC-VD0972460A,SDC-1450,item:021081,21.188102,21.188102,167,214,1.0,KG
47,SDC-VD0975221A,SDC-1450,item:021081,21.188102,21.188102,83,130,1.0,KG
47,SDC-1450,M-1810,item:007923,22932.303628,22932.303628,1,48,1.0,G
48,SDC-VD0520132A,M-1430,item:038005,180.0,180.0,144,192,1.0,KG
48,SDC-VD0914690A,M-1430,item:042342,313778.4,313778.4,17,65,1.0,UN
48,SDC-VD0525412A,M-1430,item:333362,5200.0,5200.0,88,136,1.0,UN
48,SDC-VD0993480A,M-1430,item:344135,5200.0,5200.0,70,118,1.0,UN
48,SDC-VD0520115A,M-1430,item:708073,41.236,41.236,27,75,1.0,KG
48,SDC-VD0508918A,M-1430,item:730384,1102.4,1102.4,59,107,1.0,M
48,SDC-VD1095770A,M-1430,item:734545,41.6,41.6,19,67,1.0,UN
48,SDC-1450,M-1430,item:773474,50204.5336,50204.5336,4,52,1.0,G
48,SDC-VD0951020A,M-1810,item:001757,11.465954,11.465954,58,106,1.0,KG
48,SDC-VD0519670A,M-1810,item:001848,6.019626,6.019626,29,77,1.0,KG
48,SDC-VD0951020A,M-1810,item:001848,2.57984,2.57984,26,74,1.0,KG
48,SDC-VD0910216A,M-1810,item:001893,38.124296,38.124296,23,71,1.0,KG
48,SDC-VD1091642A,M-1810,item:001893,10.892656,10.892656,51,99,1.0,KG
48,SDC-VD0518684A,M-1810,item:001893,5.446328,5.446328,27,75,1.0,KG
48,SDC-VD0910216A,M-1810,item:002612,10.032709,10.032709,34,82,1.0,KG
48,SDC-VD0990780A,M-1810,item:002612,2.866488,2.866488,52,100,1.0,KG
48,SDC-VD1091642A,M-1810,item:002612,0.716622,0.716622,34,82,1.0,KG
48,SDC-VD0500655A,M-1810,item:002612,0.716622,0.716622,14,62,1.0,KG
48,SDC-VD0514881A,M-1810,item:016332,3.439786,3.439786,52,100,1.0,KG
48,SDC-VD0519670A,M-1810,item:029313,0.286649,0.286649,45,93,1.0,KG
48,SDC-VD1096202A,M-1810,item:039668,0.286649,0.286649,18,66,1.0,KG
48,SDC-VD0520132A,M-1810,item:049371,10.606007,10.606007,254,302,1.0,KG
48,SDC-VD0914320A,M-1810,item:055703,0.401308,0.401308,19,67,1.0,KG
48,SDC-VD0964290A,M-1810,item:055703,0.171989,0.171989,32,80,1.0,KG
48,SDC-VD0505677A,M-1810,item:099439,14.332442,14.332442,36,84,1.0,KG
48,SDC-VD0901566A,M-1810,item:338928,10000.0,10000.0,65,113,1.0,UN
48,SDC-VD0914360C,M-1810,item:338929,7060.316233,7060.316233,31,79,1.0,UN
48,SDC-VD0989480A,M-1810,item:426331,77.663479,77.663479,28,76,1.0,UN
48,SDC-1450,M-1810,item:693055,2866.488391,2866.488391,55,103,1.0,G
48,M-1430,DC-1920,item:268967,5200.0,5200.0,4,52,1.0,UN
48,M-1810,DC-1920,item:268091,7060.316233,7060.316233,2,50,1.0,UN
48,DC-1920,C-XXXXX,item:268967,5200.0,5200.0,2,50,1.0,UN
48,DC-1920,C-XXXXX,item:268091,14219.758188,14219.758188,3,51,1.0,UN
48,SDC-VD0949099A,SDC-1450,item:021081,301.473011,317.340011,59,107,0.95,KG
48,SDC-VD0960508A,SDC-1450,item:021081,86.135146,86.135146,240,288,1.0,KG
48,SDC-VD0972460A,SDC-1450,item:021081,21.533786,21.533786,209,257,1.0,KG
48,SDC-VD0975221A,SDC-1450,item:021081,21.533786,21.533786,93,141,1.0,KG
48,SDC-1450,M-1810,item:007923,22931.907125,22931.907125,2,50,1.0,G
49,SDC-VD0914690A,M-1430,item:042342,298952.766539,298952.766539,7,56,1.0,UN
49,SDC-VD0525412A,M-1430,item:333362,4954.306562,4954.306562,50,99,1.0,UN
49,SDC-VD0993480A,M-1430,item:344135,4954.306562,4954.306562,45,94,1.0,UN
49,SDC-VD0520115A,M-1430,item:708073,39.287651,39.287651,56,105,1.0,KG
49,SDC-VD0508918A,M-1430,item:730384,1050.312991,1050.312991,102,151,1.0,M
49,SDC-VD1095770A,M-1430,item:734545,39.634452,39.634452,6,55,1.0,UN
49,SDC-1450,M-1430,item:773474,47832.432738,47832.432738,13,62,1.0,G
49,SDC-VD0951020A,M-1810,item:001757,19.3256,19.3256,48,97,1.0,KG
49,SDC-VD0519670A,M-1810,item:001848,10.14594,10.14594,16,65,1.0,KG
49,SDC-VD0951020A,M-1810,item:001848,4.34826,4.34826,59,108,1.0,KG
49,SDC-VD0910216A,M-1810,item:001893,64.25762,64.25762,32,81,1.0,KG
49,SDC-VD1091642A,M-1810,item:001893,18.35932,18.35932,42,91,1.0,KG
49,SDC-VD0518684A,M-1810,item:001893,9.17966,9.17966,108,157,1.0,KG
49,SDC-VD0910216A,M-1810,item:002612,0.445668,0.445668,22,71,1.0,KG
49,SDC-VD0990780A,M-1810,item:002612,4.8314,4.8314,44,93,1.0,KG
49,SDC-VD1091642A,M-1810,item:002612,1.20785,1.20785,29,78,1.0,KG
49,SDC-VD0500655A,M-1810,item:002612,1.20785,1.20785,42,91,1.0,KG
49,SDC-VD0990780A,M-1810,item:002612,16.464232,16.464232,29,78,1.0,KG
49,SDC-VD0514881A,M-1810,item:016332,5.79768,5.79768,53,102,1.0,KG
49,SDC-VD0519670A,M-1810,item:029313,0.48314,0.48314,83,132,1.0,KG
49,SDC-VD1096202A,M-1810,item:039668,0.48314,0.48314,13,62,1.0,KG
49,SDC-VD0520132A,M-1810,item:049371,17.87618,17.87618,75,124,1.0,KG
49,SDC-VD0914320A,M-1810,item:055703,0.676396,0.676396,9,58,1.0,KG
49,SDC-VD0964290A,M-1810,item:055703,0.289884,0.289884,28,77,1.0,KG
49,SDC-VD0505677A,M-1810,item:099439,24.157,24.157,19,68,1.0,KG
49,SDC-VD0901566A,M-1810,item:338928,10000.0,10000.0,67,116,1.0,UN
49,SDC-VD0914360C,M-1810,item:338929,11900.0,11900.0,23,72,1.0,UN
49,SDC-VD0989480A,M-1810,item:426331,130.9,130.9,29,78,1.0,UN
49,SDC-1450,M-1810,item:693055,4831.4,4831.4,66,115,1.0,G
49,M-1430,DC-1920,item:268967,4954.306562,4954.306562,2,51,1.0,UN
49,M-1810,DC-1920,item:268091,11900.0,11900.0,3,52,1.0,UN
49,DC-1920,C-XXXXX,item:268967,5200.0,5200.0,2,51,1.0,UN
49,DC-1920,C-XXXXX,item:268091,14121.486998,14121.486998,5,54,1.0,UN
49,SDC-VD0949099A,SDC-1450,item:021081,304.98232,321.034021,92,141,0.95,KG
49,SDC-VD0960508A,SDC-1450,item:021081,87.137806,87.137806,122,171,1.0,KG
49,SDC-VD0972460A,SDC-1450,item:021081,21.784451,21.784451,157,206,1.0,KG
49,SDC-VD0975221A,SDC-1450,item:021081,21.784451,21.784451,175,224,1.0,KG
49,SDC-1450,M-1810,item:007923,38651.2,38651.2,2,51,1.0,G
50,SDC-VD0914690A,M-1430,item:042342,276049.385086,276049.385086,20,70,1.0,UN
50,SDC-VD0525412A,M-1430,item:333362,4574.747027,4574.747027,58,108,1.0,UN
50,SDC-VD0993480A,M-1430,item:344135,4574.747027,4574.747027,48,98,1.0,UN
50,SDC-VD0520115A,M-1430,item:708073,36.277744,36.277744,46,96,1.0,KG
50,SDC-VD0508918A,M-1430,item:730384,969.84637,969.84637,112,162,1.0,M
50,SDC-VD1095770A,M-1430,item:734545,36.597976,36.597976,12,62,1.0,UN
50,SDC-1450,M-1430,item:773474,44167.892464,44167.892464,12,62,1.0,G
50,SDC-VD0951020A,M-1810,item:001757,19.3256,19.3256,125,175,1.0,KG
50,SDC-VD0519670A,M-1810,item:001848,10.14594,10.14594,36,86,1.0,KG
50,SDC-VD0951020A,M-1810,item:001848,4.34826,4.34826,64,114,1.0,KG
50,SDC-VD0910216A,M-1810,item:001893,64.25762,64.25762,18,68,1.0,KG
50,SDC-VD1091642A,M-1810,item:001893,18.35932,18.35932,27,77,1.0,KG
50,SDC-VD0518684A,M-1810,item:001893,9.17966,9.17966,72,122,1.0,KG
50,SDC-VD0910216A,M-1810,item:002612,0.25281,0.25281,23,73,1.0,KG
50,SDC-VD0990780A,M-1810,item:002612,4.8314,4.8314,39,89,1.0,KG
50,SDC-VD1091642A,M-1810,item:002612,1.20785,1.20785,31,81,1.0,KG
50,SDC-VD0500655A,M-1810,item:002612,1.20785,1.20785,36,86,1.0,KG
50,SDC-VD0990780A,M-1810,item:002612,16.65709,16.65709,61,111,1.0,KG
50,SDC-VD0514881A,M-1810,item:016332,5.79768,5.79768,34,84,1.0,KG
50,SDC-VD0519670A,M-1810,item:029313,0.48314,0.48314,98,148,1.0,KG
50,SDC-VD1096202A,M-1810,item:039668,0.48314,0.48314,42,92,1.0,KG
50,SDC-VD0520132A,M-1810,item:049371,17.87618,17.87618,83,133,1.0,KG
50,SDC-VD0914320A,M-1810,item:055703,0.676396,0.676396,38,88,1.0,KG
50,SDC-VD0964290A,M-1810,item:055703,0.289884,0.289884,39,89,1.0,KG
50,SDC-VD0505677A,M-1810,item:099439,24.157,24.157,20,70,1.0,KG
50,SDC-VD0901566A,M-1810,item:338928,10000.0,10000.0,24,74,1.0,UN
50,SDC-VD0914360C,M-1810,item:338929,11900.0,11900.0,44,94,1.0,UN
50,SDC-VD0989480A,M-1810,item:426331,130.9,130.9,13,63,1.0,UN
50,SDC-1450,M-1810,item:693055,4831.4,4831.4,80,130,1.0,G
50,M-1430,DC-1920,item:268967,4574.747027,4574.747027,2,52,1.0,UN
50,M-1810,DC-1920,item:268091,11900.0,11900.0,5,55,1.0,UN
50,DC-1920,C-XXXXX,item:268967,5200.0,5200.0,4,54,1.0,UN
50,DC-1920,C-XXXXX,item:268091,14139.676324,14139.676324,3,53,1.0,UN
50,SDC-VD0949099A,SDC-1450,item:021081,304.554791,320.58399,131,181,0.95,KG
50,SDC-VD0960508A,SDC-1450,item:021081,87.015654,87.015654,240,290,1.0,KG
50,SDC-VD0972460A,SDC-1450,item:021081,21.753914,21.753914,124,174,1.0,KG
50,SDC-VD0975221A,SDC-1450,item:021081,21.753914,21.753914,134,184,1.0,KG
50,SDC-1450,M-1810,item:007923,38651.2,38651.2,1,51,1.0,G
51,SDC-VD0914690A,M-1430,item:042342,271468.708796,271468.708796,30,81,1.0,UN
51,SDC-VD0525412A,M-1430,item:333362,4498.83512,4498.83512,62,113,1.0,UN
51,SDC-VD0993480A,M-1430,item:344135,4498.83512,4498.83512,44,95,1.0,UN
51,SDC-VD0520115A,M-1430,item:708073,35.675762,35.675762,10,61,1.0,KG
51,SDC-VD0508918A,M-1430,item:730384,953.753045,953.753045,85,136,1.0,M
51,SDC-VD1095770A,M-1430,item:734545,35.990681,35.990681,34,85,1.0,UN
51,SDC-1450,M-1430,item:773474,43434.98441,43434.98441,7,58,1.0,G
51,SDC-VD0951020A,M-1810,item:001757,19.3256,19.3256,148,199,1.0,KG
51,SDC-VD0519670A,M-1810,item:001848,10.14594,10.14594,24,75,1.0,KG
51,SDC-VD0951020A,M-1810,item:001848,4.34826,4.34826,21,72,1.0,KG
51,SDC-VD0910216A,M-1810,item:001893,61.43516,61.43516,16,67,1.0,KG
51,SDC-VD1091642A,M-1810,item:001893,18.35932,18.35932,61,112,1.0,KG
51,SDC-VD0518684A,M-1810,item:001893,9.17966,9.17966,30,81,1.0,KG
51,SDC-VD1091642A,M-1810,item:001893,2.82246,2.82246,68,119,1.0,KG
51,SDC-VD0910216A,M-1810,item:002612,3.823136,3.823136,40,91,1.0,KG
51,SDC-VD0990780A,M-1810,item:002612,4.8314,4.8314,9,60,1.0,KG
51,SDC-VD1091642A,M-1810,item:002612,1.20785,1.20785,34,85,1.0,KG
51,SDC-VD0500655A,M-1810,item:002612,1.20785,1.20785,42,93,1.0,KG
51,SDC-VD0990780A,M-1810,item:002612,13.086764,13.086764,42,93,1.0,KG
51,SDC-VD0514881A,M-1810,item:016332,5.79768,5.79768,47,98,1.0,KG
51,SDC-VD0519670A,M-1810,item:029313,0.48314,0.48314,65,116,1.0,KG
51,SDC-VD1096202A,M-1810,item:039668,0.48314,0.48314,12,63,1.0,KG
51,SDC-VD0520132A,M-1810,item:049371,17.87618,17.87618,77,128,1.0,KG
51,SDC-VD0914320A,M-1810,item:055703,0.676396,0.676396,10,61,1.0,KG
51,SDC-VD0964290A,M-1810,item:055703,0.289884,0.289884,58,109,1.0,KG
51,SDC-VD0505677A,M-1810,item:099439,24.157,24.157,34,85,1.0,KG
51,SDC-VD0901566A,M-1810,item:338928,10000.0,10000.0,24,75,1.0,UN
51,SDC-VD0914360C,M-1810,item:338929,11900.0,11900.0,20,71,1.0,UN
51,SDC-VD0989480A,M-1810,item:426331,130.9,130.9,14,65,1.0,UN
51,SDC-1450,M-1810,item:693055,4831.4,4831.4,34,85,1.0,G
51,M-1430,DC-1920,item:268967,4498.83512,4498.83512,3,54,1.0,UN
51,M-1810,DC-1920,item:268091,11900.0,11900.0,4,55,1.0,UN
51,DC-1920,C-XXXXX,item:268967,4954.306562,4954.306562,4,55,1.0,UN
51,SDC-VD0949099A,SDC-1450,item:021081,298.838861,314.567222,71,122,0.95,KG
51,SDC-VD0960508A,SDC-1450,item:021081,85.382532,85.382532,134,185,1.0,KG
51,SDC-VD0972460A,SDC-1450,item:021081,21.345633,21.345633,93,144,1.0,KG
51,SDC-VD0975221A,SDC-1450,item:021081,21.345633,21.345633,155,206,1.0,KG
51,SDC-1450,M-1810,item:007923,38651.2,38651.2,3,54,1.0,G
52,SDC-VD0914690A,M-1430,item:042342,270552.573537,270552.573537,33,85,1.0,UN
52,SDC-VD0525412A,M-1430,item:333362,4483.652738,4483.652738,27,79,1.0,UN
52,SDC-VD0993480A,M-1430,item:344135,4483.652738,4483.652738,58,110,1.0,UN
52,SDC-VD0520115A,M-1430,item:708073,35.555366,35.555366,34,86,1.0,KG
52,SDC-VD0508918A,M-1430,item:730384,950.534381,950.534381,44,96,1.0,M
52,SDC-VD1095770A,M-1430,item:734545,35.869222,35.869222,28,80,1.0,UN
52,SDC-1450,M-1430,item:773474,43288.402799,43288.402799,6,58,1.0,G
52,SDC-VD0951020A,M-1810,item:001757,19.3256,19.3256,41,93,1.0,KG
52,SDC-VD0519670A,M-1810,item:001848,10.14594,10.14594,25,77,1.0,KG
52,SDC-VD0951020A,M-1810,item:001848,4.34826,4.34826,46,98,1.0,KG
52,SDC-VD0910216A,M-1810,item:001893,24.948493,24.948493,41,93,1.0,KG
52,SDC-VD1091642A,M-1810,item:001893,18.35932,18.35932,16,68,1.0,KG
52,SDC-VD0518684A,M-1810,item:001893,9.17966,9.17966,72,124,1.0,KG
52,SDC-VD1091642A,M-1810,item:001893,39.309127,39.309127,26,78,1.0,KG
52,SDC-VD0910216A,M-1810,item:002612,6.565393,6.565393,41,93,1.0,KG
52,SDC-VD0990780A,M-1810,item:002612,4.8314,4.8314,48,100,1.0,KG
52,SDC-VD1091642A,M-1810,item:002612,1.20785,1.20785,25,77,1.0,KG
52,SDC-VD0500655A,M-1810,item:002612,1.20785,1.20785,23,75,1.0,KG
52,SDC-VD0990780A,M-1810,item:002612,10.344507,10.344507,29,81,1.0,KG
52,SDC-VD0514881A,M-1810,item:016332,5.79768,5.79768,13,65,1.0,KG
52,SDC-VD0519670A,M-1810,item:029313,0.48314,0.48314,112,164,1.0,KG
52,SDC-VD1096202A,M-1810,item:039668,0.48314,0.48314,9,61,1.0,KG
52,SDC-VD0520132A,M-1810,item:049371,17.87618,17.87618,119,171,1.0,KG
52,SDC-VD0914320A,M-1810,item:055703,0.676396,0.676396,14,66,1.0,KG
52,SDC-VD0964290A,M-1810,item:055703,0.289884,0.289884,15,67,1.0,KG
52,SDC-VD0505677A,M-1810,item:099439,24.157,24.157,13,65,1.0,KG
52,SDC-VD0901566A,M-1810,item:338928,10000.0,10000.0,45,97,1.0,UN
52,SDC-VD0914360C,M-1810,item:338929,11900.0,11900.0,30,82,1.0,UN
52,SDC-VD0989480A,M-1810,item:426331,130.9,130.9,19,71,1.0,UN
52,SDC-1450,M-1810,item:693055,4831.4,4831.4,127,179,1.0,G
52,M-1430,DC-1920,item:268967,4483.652738,4483.652738,4,56,1.0,UN
52,M-1810,DC-1920,item:268091,11900.0,11900.0,4,56,1.0,UN
52,DC-1920,C-XXXXX,item:268967,9774.747027,9774.747027,2,54,1.0,UN
52,DC-1920,C-XXXXX,item:268091,11900.0,11900.0,3,55,1.0,UN
52,SDC-VD0949099A,SDC-1450,item:021081,292.291129,307.674873,104,156,0.95,KG
52,SDC-VD0960508A,SDC-1450,item:021081,83.511751,83.511751,98,150,1.0,KG
52,SDC-VD0972460A,SDC-1450,item:021081,20.877938,20.877938,89,141,1.0,KG
52,SDC-VD0975221A,SDC-1450,item:021081,20.877938,20.877938,111,163,1.0,KG
52,SDC-1450,M-1810,item:007923,38651.2,38651.2,1,53,1.0,G
53,SDC-VD0914690A,M-1430,item:042342,270369.346486,270369.346486,14,67,1.0,UN
53,SDC-VD0525412A,M-1430,item:333362,4480.616262,4480.616262,27,80,1.0,UN
53,SDC-VD0993480A,M-1430,item:344135,4480.616262,4480.616262,24,77,1.0,UN
53,SDC-VD0520115A,M-1430,item:708073,35.531287,35.531287,13,66,1.0,KG
53,SDC-VD0508918A,M-1430,item:730384,949.890648,949.890648,89,142,1.0,M
53,SDC-VD1095770A,M-1430,item:734545,35.84493,35.84493,22,75,1.0,UN
53,SDC-1450,M-1430,item:773474,43259.086476,43259.086476,3,56,1.0,G
53,SDC-VD0951020A,M-1810,item:001757,19.3256,19.3256,140,193,1.0,KG
53,SDC-VD0519670A,M-1810,item:001848,10.14594,10.14594,10,63,1.0,KG
53,SDC-VD0951020A,M-1810,item:001848,4.34826,4.34826,31,84,1.0,KG
53,SDC-VD0910216A,M-1810,item:001893,27.032608,27.032608,30,83,1.0,KG
53,SDC-VD1091642A,M-1810,item:001893,18.35932,18.35932,74,127,1.0,KG
53,SDC-VD0518684A,M-1810,item:001893,9.17966,9.17966,52,105,1.0,KG
53,SDC-VD1091642A,M-1810,item:001893,37.225012,37.225012,12,65,1.0,KG
53,SDC-VD0910216A,M-1810,item:002612,7.113844,7.113844,34,87,1.0,KG
53,SDC-VD0990780A,M-1810,item:002612,4.8314,4.8314,11,64,1.0,KG
53,SDC-VD1091642A,M-1810,item:002612,1.20785,1.20785,23,76,1.0,KG
53,SDC-VD0500655A,M-1810,item:002612,1.20785,1.20785,18,71,1.0,KG
53,SDC-VD0990780A,M-1810,item:002612,9.796056,9.796056,12,65,1.0,KG
53,SDC-VD0514881A,M-1810,item:016332,5.79768,5.79768,40,93,1.0,KG
53,SDC-VD0519670A,M-1810,item:029313,0.48314,0.48314,39,92,1.0,KG
53,SDC-VD1096202A,M-1810,item:039668,0.48314,0.48314,39,92,1.0,KG
53,SDC-VD0520132A,M-1810,item:049371,17.87618,17.87618,155,208,1.0,KG
53,SDC-VD0914320A,M-1810,item:055703,0.676396,0.676396,17,70,1.0,KG
53,SDC-VD0964290A,M-1810,item:055703,0.289884,0.289884,38,91,1.0,KG
53,SDC-VD0505677A,M-1810,item:099439,24.157,24.157,46,99,1.0,KG
53,SDC-VD0901566A,M-1810,item:338928,10000.0,10000.0,42,95,1.0,UN
53,SDC-VD0914360C,M-1810,item:338929,11900.0,11900.0,75,128,1.0,UN
53,SDC-VD0989480A,M-1810,item:426331,130.9,130.9,26,79,1.0,UN
53,SDC-1450,M-1810,item:693055,4831.4,4831.4,64,117,1.0,G
53,M-1430,DC-1920,item:268967,4480.616262,4480.616262,3,56,1.0,UN
53,M-1810,DC-1920,item:268091,11900.0,11900.0,5,58,1.0,UN
53,SDC-VD0949099A,SDC-1450,item:021081,286.703122,301.79276,116,169,0.95,KG
53,SDC-VD0960508A,SDC-1450,item:021081,81.915178,81.915178,108,161,1.0,KG
53,SDC-VD0972460A,SDC-1450,item:021081,20.478794,20.478794,92,145,1.0,KG
53,SDC-VD0975221A,SDC-1450,item:021081,20.478794,20.478794,184,237,1.0,KG
53,SDC-1450,M-1810,item:007923,38651.2,38651.2,1,54,1.0,G
54,SDC-VD0914690A,M-1430,item:042342,270332.701075,270332.701075,28,82,1.0,UN
54,SDC-VD0525412A,M-1430,item:333362,4480.008967,4480.008967,40,94,1.0,UN
54,SDC-VD0993480A,M-1430,item:344135,4480.008967,4480.008967,45,99,1.0,UN
54,SDC-VD0520115A,M-1430,item:708073,35.526471,35.526471,30,84,1.0,KG
54,SDC-VD0508918A,M-1430,item:730384,949.761901,949.761901,21,75,1.0,M
54,SDC-VD1095770A,M-1430,item:734545,35.840072,35.840072,33,87,1.0,UN
54,SDC-1450,M-1430,item:773474,43253.223212,43253.223212,13,67,1.0,G
54,SDC-VD0951020A,M-1810,item:001757,19.3256,19.3256,100,154,1.0,KG
54,SDC-VD0519670A,M-1810,item:001848,10.14594,10.14594,37,91,1.0,KG
54,SDC-VD0951020A,M-1810,item:001848,4.34826,4.34826,103,157,1.0,KG
54,SDC-VD0910216A,M-1810,item:001893,27.449431,27.449431,33,87,1.0,KG
54,SDC-VD1091642A,M-1810,item:001893,18.35932,18.35932,53,107,1.0,KG
54,SDC-VD0518684A,M-1810,item:001893,9.17966,9.17966,34,88,1.0,KG
54,SDC-VD1091642A,M-1810,item:001893,36.808189,36.808189,57,111,1.0,KG
54,SDC-VD0910216A,M-1810,item:002612,7.223534,7.223534,30,84,1.0,KG
54,SDC-VD0990780A,M-1810,item:002612,4.8314,4.8314,26,80,1.0,KG
54,SDC-VD1091642A,M-1810,item:002612,1.20785,1.20785,30,84,1.0,KG
54,SDC-VD0500655A,M-1810,item:002612,1.20785,1.20785,18,72,1.0,KG
54,SDC-VD0990780A,M-1810,item:002612,9.686366,9.686366,12,66,1.0,KG
54,SDC-VD0514881A,M-1810,item:016332,5.79768,5.79768,34,88,1.0,KG
54,SDC-VD0519670A,M-1810,item:029313,0.48314,0.48314,32,86,1.0,KG
54,SDC-VD1096202A,M-1810,item:039668,0.48314,0.48314,20,74,1.0,KG
54,SDC-VD0520132A,M-1810,item:049371,17.87618,17.87618,171,225,1.0,KG
54,SDC-VD0914320A,M-1810,item:055703,0.676396,0.676396,42,96,1.0,KG
54,SDC-VD0964290A,M-1810,item:055703,0.289884,0.289884,39,93,1.0,KG
54,SDC-VD0505677A,M-1810,item:099439,24.157,24.157,50,104,1.0,KG
54,SDC-VD0901566A,M-1810,item:338928,10000.0,10000.0,38,92,1.0,UN
54,SDC-VD0914360C,M-1810,item:338929,11900.0,11900.0,11,65,1.0,UN
54,SDC-VD0989480A,M-1810,item:426331,130.9,130.9,29,83,1.0,UN
54,SDC-1450,M-1810,item:693055,4831.4,4831.4,75,129,1.0,G
54,M-1430,DC-1920,item:268967,4480.008967,4480.008967,2,56,1.0,UN
54,M-1810,DC-1920,item:268091,11900.0,11900.0,2,56,1.0,UN
54,DC-1920,C-XXXXX,item:268967,4498.83512,4498.83512,1,55,1.0,UN
54,SDC-VD0949099A,SDC-1450,item:021081,282.387969,297.250493,147,201,0.95,KG
54,SDC-VD0960508A,SDC-1450,item:021081,80.682277,80.682277,240,294,1.0,KG
54,SDC-VD0972460A,SDC-1450,item:021081,20.170569,20.170569,77,131,1.0,KG
54,SDC-VD0975221A,SDC-1450,item:021081,20.170569,20.170569,183,237,1.0,KG
54,SDC-1450,M-1810,item:007923,38651.2,38651.2,2,56,1.0,G
55,SDC-VD0914690A,M-1430,item:042342,270325.371993,270325.371993,34,89,1.0,UN
55,SDC-VD0525412A,M-1430,item:333362,4479.887508,4479.887508,31,86,1.0,UN
55,SDC-VD0993480A,M-1430,item:344135,4479.887508,4479.887508,52,107,1.0,UN
55,SDC-VD0520115A,M-1430,item:708073,35.525508,35.525508,35,90,1.0,KG
55,SDC-VD0508918A,M-1430,item:730384,949.736152,949.736152,99,154,1.0,M
55,SDC-VD1095770A,M-1430,item:734545,35.8391,35.8391,11,66,1.0,UN
55,SDC-1450,M-1430,item:773474,43252.050559,43252.050559,10,65,1.0,G
55,SDC-VD0951020A,M-1810,item:001757,19.3256,19.3256,68,123,1.0,KG
55,SDC-VD0519670A,M-1810,item:001848,10.14594,10.14594,20,75,1.0,KG
55,SDC-VD0951020A,M-1810,item:001848,4.34826,4.34826,51,106,1.0,KG
55,SDC-VD0910216A,M-1810,item:001893,27.532795,27.532795,16,71,1.0,KG
55,SDC-VD1091642A,M-1810,item:001893,18.35932,18.35932,29,84,1.0,KG
55,SDC-VD0518684A,M-1810,item:001893,9.17966,9.17966,54,109,1.0,KG
55,SDC-VD1091642A,M-1810,item:001893,36.724825,36.724825,18,73,1.0,KG
55,SDC-VD0910216A,M-1810,item:002612,7.245472,7.245472,66,121,1.0,KG
55,SDC-VD0990780A,M-1810,item:002612,4.8314,4.8314,15,70,1.0,KG
55,SDC-VD1091642A,M-1810,item:002612,1.20785,1.20785,15,70,1.0,KG
55,SDC-VD0500655A,M-1810,item:002612,1.20785,1.20785,12,67,1.0,KG
55,SDC-VD0990780A,M-1810,item:002612,9.664428,9.664428,70,125,1.0,KG
55,SDC-VD0514881A,M-1810,item:016332,5.79768,5.79768,57,112,1.0,KG
55,SDC-VD0519670A,M-1810,item:029313,0.48314,0.48314,66,121,1.0,KG
55,SDC-VD1096202A,M-1810,item:039668,0.48314,0.48314,51,106,1.0,KG
55,SDC-VD0520132A,M-1810,item:049371,17.87618,17.87618,282,337,1.0,KG
55,SDC-VD0914320A,M-1810,item:055703,0.676396,0.676396,17,72,1.0,KG
55,SDC-VD0964290A,M-1810,item:055703,0.289884,0.289884,29,84,1.0,KG
55,SDC-VD0505677A,M-1810,item:099439,24.157,24.157,58,113,1.0,KG
55,SDC-VD0901566A,M-1810,item:338928,10000.0,10000.0,56,111,1.0,UN
55,SDC-VD0914360C,M-1810,item:338929,11900.0,11900.0,84,139,1.0,UN
55,SDC-VD0989480A,M-1810,item:426331,130.9,130.9,16,71,1.0,UN
55,SDC-1450,M-1810,item:693055,4831.4,4831.4,140,195,1.0,G
55,M-1430,DC-1920,item:268967,4479.887508,4479.887508,3,58,1.0,UN
55,M-1810,DC-1920,item:268091,11900.0,11900.0,3,58,1.0,UN
55,DC-1920,C-XXXXX,item:268091,23800.0,23800.0,4,59,1.0,UN
55,SDC-VD0949099A,SDC-1450,item:021081,279.183079,293.876925,150,205,0.95,KG
55,SDC-VD0960508A,SDC-1450,item:021081,79.766594,79.766594,150,205,1.0,KG
55,SDC-VD0972460A,SDC-1450,item:021081,19.941648,19.941648,85,140,1.0,KG
55,SDC-VD0975221A,SDC-1450,item:021081,19.941648,19.941648,101,156,1.0,KG
55,SDC-1450,M-1810,item:007923,38651.2,38651.2,1,56,1.0,G
56,SDC-VD0914690A,M-1430,item:042342,313778.4,313778.4,6,62,1.0,UN
56,SDC-VD0525412A,M-1430,item:333362,5200.0,5200.0,45,101,1.0,UN
56,SDC-VD0993480A,M-1430,item:344135,5200.0,5200.0,7,63,1.0,UN
56,SDC-VD0520115A,M-1430,item:708073,41.236,41.236,13,69,1.0,KG
56,SDC-VD0508918A,M-1430,item:730384,1102.4,1102.4,87,143,1.0,M
56,SDC-VD1095770A,M-1430,item:734545,41.6,41.6,19,75,1.0,UN
56,SDC-1450,M-1430,item:773474,50204.5336,50204.5336,5,61,1.0,G
56,SDC-VD0951020A,M-1810,item:001757,19.3256,19.3256,95,151,1.0,KG
56,SDC-VD0519670A,M-1810,item:001848,10.14594,10.14594,14,70,1.0,KG
56,SDC-VD0951020A,M-1810,item:001848,4.34826,4.34826,59,115,1.0,KG
56,SDC-VD0910216A,M-1810,item:001893,27.549468,27.549468,34,90,1.0,KG
56,SDC-VD1091642A,M-1810,item:001893,18.35932,18.35932,21,77,1.0,KG
56,SDC-VD0518684A,M-1810,item:001893,9.17966,9.17966,55,111,1.0,KG
56,SDC-VD1091642A,M-1810,item:001893,36.708152,36.708152,64,120,1.0,KG
56,SDC-VD0910216A,M-1810,item:002612,7.24986,7.24986,40,96,1.0,KG
56,SDC-VD0990780A,M-1810,item:002612,4.8314,4.8314,43,99,1.0,KG
56,SDC-VD1091642A,M-1810,item:002612,1.20785,1.20785,26,82,1.0,KG
56,SDC-VD0500655A,M-1810,item:002612,1.20785,1.20785,51,107,1.0,KG
56,SDC-VD0990780A,M-1810,item:002612,9.66004,9.66004,54,110,1.0,KG
56,SDC-VD0514881A,M-1810,item:016332,5.79768,5.79768,40,96,1.0,KG
56,SDC-VD0519670A,M-1810,item:029313,0.48314,0.48314,66,122,1.0,KG
56,SDC-VD1096202A,M-1810,item:039668,0.48314,0.48314,50,106,1.0,KG
56,SDC-VD0520132A,M-1810,item:049371,17.87618,17.87618,90,146,1.0,KG
56,SDC-VD0914320A,M-1810,item:055703,0.676396,0.676396,14,70,1.0,KG
56,SDC-VD0964290A,M-1810,item:055703,0.289884,0.289884,18,74,1.0,KG
56,SDC-VD0505677A,M-1810,item:099439,24.157,24.157,19,75,1.0,KG
56,SDC-VD0901566A,M-1810,item:338928,10000.0,10000.0,49,105,1.0,UN
56,SDC-VD0914360C,M-1810,item:338929,11900.0,11900.0,22,78,1.0,UN
56,SDC-VD0989480A,M-1810,item:426331,130.9,130.9,13,69,1.0,UN
56,SDC-1450,M-1810,item:693055,4831.4,4831.4,20,76,1.0,G
56,M-1430,DC-1920,item:268967,5200.0,5200.0,2,58,1.0,UN
56,M-1810,DC-1920,item:268091,11900.0,11900.0,3,59,1.0,UN
56,DC-1920,C-XXXXX,item:268967,13444.277967,13444.277967,1,57,1.0,UN
56,DC-1920,C-XXXXX,item:268091,23800.0,23800.0,2,58,1.0,UN
56,SDC-VD0949099A,SDC-1450,item:021081,276.839751,291.410264,181,237,0.95,KG
56,SDC-VD0960508A,SDC-1450,item:021081,79.097072,79.097072,58,114,1.0,KG
56,SDC-VD0972460A,SDC-1450,item:021081,19.774268,19.774268,128,184,1.0,KG
56,SDC-VD0975221A,SDC-1450,item:021081,19.774268,19.774268,147,203,1.0,KG
56,SDC-1450,M-1810,item:007923,38651.2,38651.2,3,59,1.0,G
57,SDC-VD0914690A,M-1430,item:042342,313778.4,313778.4,23,80,1.0,UN
57,SDC-VD0525412A,M-1430,item:333362,5200.0,5200.0,24,81,1.0,UN
57,SDC-VD0993480A,M-1430,item:344135,5200.0,5200.0,36,93,1.0,UN
57,SDC-VD0520115A,M-1430,item:708073,41.236,41.236,46,103,1.0,KG
57,SDC-VD0508918A,M-1430,item:730384,1102.4,1102.4,68,125,1.0,M
57,SDC-VD1095770A,M-1430,item:734545,41.6,41.6,26,83,1.0,UN
57,SDC-1450,M-1430,item:773474,50204.5336,50204.5336,11,68,1.0,G
57,SDC-VD0951020A,M-1810,item:001757,19.3256,19.3256,90,147,1.0,KG
57,SDC-VD0519670A,M-1810,item:001848,10.14594,10.14594,14,71,1.0,KG
57,SDC-VD0951020A,M-1810,item:001848,4.34826,4.34826,48,105,1.0,KG
57,SDC-VD0910216A,M-1810,item:001893,27.552803,27.552803,26,83,1.0,KG
57,SDC-VD1091642A,M-1810,item:001893,18.35932,18.35932,35,92,1.0,KG
57,SDC-VD0518684A,M-1810,item:001893,9.17966,9.17966,44,101,1.0,KG
57,SDC-VD1091642A,M-1810,item:001893,36.704817,36.704817,32,89,1.0,KG
57,SDC-VD0910216A,M-1810,item:002612,7.250738,7.250738,16,73,1.0,KG
57,SDC-VD0990780A,M-1810,item:002612,4.8314,4.8314,51,108,1.0,KG
57,SDC-VD1091642A,M-1810,item:002612,1.20785,1.20785,13,70,1.0,KG
57,SDC-VD0500655A,M-1810,item:002612,1.20785,1.20785,28,85,1.0,KG
57,SDC-VD0990780A,M-1810,item:002612,3.20662,3.20662,48,105,1.0,KG
57,SDC-VD1091642A,M-1810,item:002612,6.452543,6.452543,48,105,1.0,KG
57,SDC-VD0514881A,M-1810,item:016332,5.79768,5.79768,19,76,1.0,KG
57,SDC-VD0519670A,M-1810,item:029313,0.48314,0.48314,75,132,1.0,KG
57,SDC-VD1096202A,M-1810,item:039668,0.48314,0.48314,65,122,1.0,KG
57,SDC-VD0520132A,M-1810,item:049371,17.87618,17.87618,233,290,1.0,KG
57,SDC-VD0914320A,M-1810,item:055703,0.676396,0.676396,13,70,1.0,KG
57,SDC-VD0964290A,M-1810,item:055703,0.289884,0.289884,37,94,1.0,KG
57,SDC-VD0505677A,M-1810,item:099439,24.157,24.157,17,74,1.0,KG
57,SDC-VD0901566A,M-1810,item:338928,10000.0,10000.0,48,105,1.0,UN
57,SDC-VD0914360C,M-1810,item:338929,11900.0,11900.0,15,72,1.0,UN
57,SDC-VD0989480A,M-1810,item:426331,130.9,130.9,10,67,1.0,UN
57,SDC-1450,M-1810,item:693055,4831.4,4831.4,89,146,1.0,G
57,M-1430,DC-1920,item:268967,5200.0,5200.0,2,59,1.0,UN
57,M-1810,DC-1920,item:268091,11900.0,11900.0,3,60,1.0,UN
57,SDC-VD0949099A,SDC-1450,item:021081,283.83913,298.778031,87,144,0.95,KG
57,SDC-VD0960508A,SDC-1450,item:021081,81.096894,81.096894,99,156,1.0,KG
57,SDC-VD0972460A,SDC-1450,item:021081,20.274224,20.274224,197,254,1.0,KG
57,SDC-VD0975221A,SDC-1450,item:021081,20.274224,20.274224,131,188,1.0,KG
57,SDC-1450,M-1810,item:007923,38651.2,38651.2,1,58,1.0,G
58,SDC-VD0914690A,M-1430,item:042342,313778.4,313778.4,35,93,1.0,UN
58,SDC-VD0525412A,M-1430,item:333362,5200.0,5200.0,13,71,1.0,UN
58,SDC-VD0993480A,M-1430,item:344135,5200.0,5200.0,26,84,1.0,UN
58,SDC-VD0520115A,M-1430,item:708073,41.236,41.236,23,81,1.0,KG
58,SDC-VD0508918A,M-1430,item:730384,1102.4,1102.4,44,102,1.0,M
58,SDC-VD1095770A,M-1430,item:734545,41.6,41.6,24,82,1.0,UN
58,SDC-1450,M-1430,item:773474,50204.5336,50204.5336,8,66,1.0,G
58,SDC-VD0951020A,M-1810,item:001757,19.3256,19.3256,53,111,1.0,KG
58,SDC-VD0519670A,M-1810,item:001848,10.14594,10.14594,11,69,1.0,KG
58,SDC-VD0951020A,M-1810,item:001848,4.34826,4.34826,46,104,1.0,KG
58,SDC-VD0910216A,M-1810,item:001893,37.329885,37.329885,56,114,1.0,KG
58,SDC-VD1091642A,M-1810,item:001893,18.35932,18.35932,38,96,1.0,KG
58,SDC-VD0518684A,M-1810,item:001893,9.17966,9.17966,20,78,1.0,KG
58,SDC-VD1091642A,M-1810,item:001893,26.927735,26.927735,33,91,1.0,KG
58,SDC-VD0910216A,M-1810,item:002612,9.823654,9.823654,23,81,1.0,KG
58,SDC-VD0990780A,M-1810,item:002612,2.806758,2.806758,48,106,1.0,KG
58,SDC-VD1091642A,M-1810,item:002612,1.20785,1.20785,19,77,1.0,KG
58,SDC-VD0500655A,M-1810,item:002612,1.20785,1.20785,16,74,1.0,KG
58,SDC-VD1091642A,M-1810,item:002612,9.110888,9.110888,32,90,1.0,KG
58,SDC-VD0514881A,M-1810,item:016332,5.79768,5.79768,67,125,1.0,KG
58,SDC-VD0519670A,M-1810,item:029313,0.48314,0.48314,49,107,1.0,KG
58,SDC-VD1096202A,M-1810,item:039668,0.48314,0.48314,42,100,1.0,KG
58,SDC-VD0520132A,M-1810,item:049371,17.87618,17.87618,66,124,1.0,KG
58,SDC-VD0914320A,M-1810,item:055703,0.676396,0.676396,30,88,1.0,KG
58,SDC-VD0964290A,M-1810,item:055703,0.289884,0.289884,35,93,1.0,KG
58,SDC-VD0505677A,M-1810,item:099439,24.157,24.157,36,94,1.0,KG
58,SDC-VD0901566A,M-1810,item:338928,10000.0,10000.0,74,132,1.0,UN
58,SDC-VD0914360C,M-1810,item:338929,11900.0,11900.0,36,94,1.0,UN
58,SDC-VD0989480A,M-1810,item:426331,130.9,130.9,44,102,1.0,UN
58,SDC-1450,M-1810,item:693055,4831.4,4831.4,15,73,1.0,G
58,M-1430,DC-1920,item:268967,5200.0,5200.0,3,61,1.0,UN
58,M-1810,DC-1920,item:268091,11900.0,11900.0,4,62,1.0,UN
58,DC-1920,C-XXXXX,item:268967,9679.887508,9679.887508,1,59,1.0,UN
58,DC-1920,C-XXXXX,item:268091,23800.0,23800.0,2,60,1.0,UN
58,SDC-VD0949099A,SDC-1450,item:021081,291.307174,306.63913,204,262,0.95,KG
58,SDC-VD0960508A,SDC-1450,item:021081,83.230621,83.230621,82,140,1.0,KG
58,SDC-VD0972460A,SDC-1450,item:021081,20.807655,20.807655,175,233,1.0,KG
58,SDC-VD0975221A,SDC-1450,item:021081,20.807655,20.807655,41,99,1.0,KG
58,SDC-1450,M-1810,item:007923,38651.2,38651.2,1,59,1.0,G
59,SDC-VD0914690A,M-1430,item:042342,313778.4,313778.4,21,80,1.0,UN
59,SDC-VD0525412A,M-1430,item:333362,5200.0,5200.0,48,107,1.0,UN
59,SDC-VD0993480A,M-1430,item:344135,5200.0,5200.0,30,89,1.0,UN
59,SDC-VD0520115A,M-1430,item:708073,41.236,41.236,10,69,1.0,KG
59,SDC-VD0508918A,M-1430,item:730384,1102.4,1102.4,46,105,1.0,M
59,SDC-VD1095770A,M-1430,item:734545,41.6,41.6,22,81,1.0,UN
59,SDC-1450,M-1430,item:773474,50204.5336,50204.5336,5,64,1.0,G
59,SDC-VD0951020A,M-1810,item:001757,19.3256,19.3256,128,187,1.0,KG
59,SDC-VD0519670A,M-1810,item:001848,10.14594,10.14594,32,91,1.0,KG
59,SDC-VD0951020A,M-1810,item:001848,4.34826,4.34826,18,77,1.0,KG
59,SDC-VD0910216A,M-1810,item:001893,39.285301,39.285301,26,85,1.0,KG
59,SDC-VD1091642A,M-1810,item:001893,18.35932,18.35932,35,94,1.0,KG
59,SDC-VD0518684A,M-1810,item:001893,9.17966,9.17966,44,103,1.0,KG
59,SDC-VD1091642A,M-1810,item:001893,24.972319,24.972319,25,84,1.0,KG
59,SDC-VD0910216A,M-1810,item:002612,10.338237,10.338237,16,75,1.0,KG
59,SDC-VD0990780A,M-1810,item:002612,2.953782,2.953782,19,78,1.0,KG
59,SDC-VD1091642A,M-1810,item:002612,1.20785,1.20785,33,92,1.0,KG
59,SDC-VD0500655A,M-1810,item:002612,1.20785,1.20785,34,93,1.0,KG
59,SDC-VD1091642A,M-1810,item:002612,8.449281,8.449281,43,102,1.0,KG
59,SDC-VD0514881A,M-1810,item:016332,5.79768,5.79768,20,79,1.0,KG
59,SDC-VD0519670A,M-1810,item:029313,0.48314,0.48314,90,149,1.0,KG
59,SDC-VD1096202A,M-1810,item:039668,0.48314,0.48314,23,82,1.0,KG
59,SDC-VD0520132A,M-1810,item:049371,17.87618,17.87618,184,243,1.0,KG
59,SDC-VD0914320A,M-1810,item:055703,0.676396,0.676396,21,80,1.0,KG
59,SDC-VD0964290A,M-1810,item:055703,0.289884,0.289884,84,143,1.0,KG
59,SDC-VD0505677A,M-1810,item:099439,24.157,24.157,30,89,1.0,KG
59,SDC-VD0901566A,M-1810,item:338928,10000.0,10000.0,27,86,1.0,UN
59,SDC-VD0914360C,M-1810,item:338929,11900.0,11900.0,60,119,1.0,UN
59,SDC-VD0989480A,M-1810,item:426331,130.9,130.9,10,69,1.0,UN
59,SDC-1450,M-1810,item:693055,4831.4,4831.4,83,142,1.0,G
59,M-1430,DC-1920,item:268967,5200.0,5200.0,2,61,1.0,UN
59,M-1810,DC-1920,item:268091,11900.0,11900.0,2,61,1.0,UN
59,DC-1920,C-XXXXX,item:268967,5200.0,5200.0,1,60,1.0,UN
59,DC-1920,C-XXXXX,item:268091,11900.0,11900.0,4,63,1.0,UN
59,SDC-VD0949099A,SDC-1450,item:021081,297.375342,313.026676,172,231,0.95,KG
59,SDC-VD0960508A,SDC-1450,item:021081,84.964383,84.964383,62,121,1.0,KG
59,SDC-VD0972460A,SDC-1450,item:021081,21.241096,21.241096,76,135,1.0,KG
59,SDC-VD0975221A,SDC-1450,item:021081,21.241096,21.241096,237,296,1.0,KG
59,SDC-1450,M-1810,item:007923,38651.2,38651.2,2,61,1.0,G
60,SDC-VD0914690A,M-1430,item:042342,313778.4,313778.4,22,82,1.0,UN
60,SDC-VD0525412A,M-1430,item:333362,5200.0,5200.0,52,112,1.0,UN
60,SDC-VD0993480A,M-1430,item:344135,5200.0,5200.0,25,85,1.0,UN
60,SDC-VD0520115A,M-1430,item:708073,41.236,41.236,53,113,1.0,KG
60,SDC-VD0508918A,M-1430,item:730384,1102.4,1102.4,31,91,1.0,M
60,SDC-VD1095770A,M-1430,item:734545,41.6,41.6,42,102,1.0,UN
60,SDC-1450,M-1430,item:773474,50204.5336,50204.5336,7,67,1.0,G
60,SDC-VD0951020A,M-1810,item:001757,19.3256,19.3256,89,149,1.0,KG
60,SDC-VD0519670A,M-1810,item:001848,10.14594,10.14594,8,68,1.0,KG
60,SDC-VD0951020A,M-1810,item:001848,4.34826,4.34826,35,95,1.0,KG
60,SDC-VD0910216A,M-1810,item:001893,39.676385,39.676385,31,91,1.0,KG
60,SDC-VD1091642A,M-1810,item:001893,18.35932,18.35932,57,117,1.0,KG
60,SDC-VD0518684A,M-1810,item:001893,9.17966,9.17966,95,155,1.0,KG
60,SDC-VD1091642A,M-1810,item:001893,24.581235,24.581235,28,88,1.0,KG
60,SDC-VD0910216A,M-1810,item:002612,10.441154,10.441154,19,79,1.0,KG
60,SDC-VD0990780A,M-1810,item:002612,2.983187,2.983187,36,96,1.0,KG
60,SDC-VD1091642A,M-1810,item:002612,1.20785,1.20785,70,130,1.0,KG
60,SDC-VD0500655A,M-1810,item:002612,1.20785,1.20785,48,108,1.0,KG
60,SDC-VD1091642A,M-1810,item:002612,8.316959,8.316959,32,92,1.0,KG
60,SDC-VD0514881A,M-1810,item:016332,5.79768,5.79768,51,111,1.0,KG
60,SDC-VD0519670A,M-1810,item:029313,0.48314,0.48314,112,172,1.0,KG
60,SDC-VD1096202A,M-1810,item:039668,0.48314,0.48314,13,73,1.0,KG
60,SDC-VD0520132A,M-1810,item:049371,10.268153,10.268153,110,170,1.0,KG
60,SDC-VD0914320A,M-1810,item:055703,0.676396,0.676396,11,71,1.0,KG
60,SDC-VD0964290A,M-1810,item:055703,0.289884,0.289884,30,90,1.0,KG
60,SDC-VD0505677A,M-1810,item:099439,24.157,24.157,18,78,1.0,KG
60,SDC-VD0901566A,M-1810,item:338928,10000.0,10000.0,102,162,1.0,UN
60,SDC-VD0914360C,M-1810,item:338929,11900.0,11900.0,64,124,1.0,UN
60,SDC-VD0989480A,M-1810,item:426331,130.9,130.9,19,79,1.0,UN
60,SDC-1450,M-1810,item:693055,4831.4,4831.4,140,200,1.0,G
60,M-1430,DC-1920,item:268967,5200.0,5200.0,4,64,1.0,UN
60,M-1810,DC-1920,item:268091,11900.0,11900.0,2,62,1.0,UN
60,DC-1920,C-XXXXX,item:268091,11900.0,11900.0,3,63,1.0,UN
60,SDC-VD0949099A,SDC-1450,item:021081,301.949902,317.842002,155,215,0.95,KG
60,SDC-VD0960508A,SDC-1450,item:021081,86.2714,86.2714,102,162,1.0,KG
60,SDC-VD0972460A,SDC-1450,item:021081,21.56785,21.56785,123,183,1.0,KG
60,SDC-VD0975221A,SDC-1450,item:021081,21.56785,21.56785,136,196,1.0,KG
60,SDC-1450,M-1810,item:007923,38651.2,38651.2,1,61,1.0,G
61,SDC-VD0914690A,M-1430,item:042342,313778.4,313778.4,14,75,1.0,UN
61,SDC-VD0525412A,M-1430,item:333362,5200.0,5200.0,13,74,1.0,UN
61,SDC-VD0993480A,M-1430,item:344135,5200.0,5200.0,30,91,1.0,UN
61,SDC-VD0520115A,M-1430,item:708073,41.236,41.236,13,74,1.0,KG
61,SDC-VD0508918A,M-1430,item:730384,1102.4,1102.4,57,118,1.0,M
61,SDC-VD1095770A,M-1430,item:734545,41.6,41.6,28,89,1.0,UN
61,SDC-1450,M-1430,item:773474,50204.5336,50204.5336,17,78,1.0,G
61,SDC-VD0951020A,M-1810,item:001757,19.3256,19.3256,71,132,1.0,KG
61,SDC-VD0519670A,M-1810,item:001848,9.323211,9.323211,9,70,1.0,KG
61,SDC-VD0951020A,M-1810,item:001848,4.34826,4.34826,46,107,1.0,KG
61,SDC-VD0951020A,M-1810,item:001848,0.822729,0.822729,40,101,1.0,KG
61,SDC-VD0910216A,M-1810,item:001893,39.754601,39.754601,18,79,1.0,KG
61,SDC-VD1091642A,M-1810,item:001893,18.35932,18.35932,53,114,1.0,KG
61,SDC-VD0518684A,M-1810,item:001893,9.17966,9.17966,57,118,1.0,KG
61,SDC-VD1091642A,M-1810,item:001893,24.503019,24.503019,41,102,1.0,KG
61,SDC-VD0910216A,M-1810,item:002612,10.461737,10.461737,54,115,1.0,KG
61,SDC-VD0990780A,M-1810,item:002612,2.989068,2.989068,44,105,1.0,KG
61,SDC-VD1091642A,M-1810,item:002612,1.20785,1.20785,26,87,1.0,KG
61,SDC-VD0500655A,M-1810,item:002612,1.20785,1.20785,33,94,1.0,KG
61,SDC-VD1091642A,M-1810,item:002612,8.290495,8.290495,21,82,1.0,KG
61,SDC-VD0514881A,M-1810,item:016332,5.79768,5.79768,11,72,1.0,KG
61,SDC-VD0519670A,M-1810,item:029313,0.48314,0.48314,49,110,1.0,KG
61,SDC-VD1096202A,M-1810,item:039668,0.48314,0.48314,29,90,1.0,KG
61,SDC-VD0914320A,M-1810,item:055703,0.676396,0.676396,42,103,1.0,KG
61,SDC-VD0964290A,M-1810,item:055703,0.289884,0.289884,49,110,1.0,KG
61,SDC-VD0505677A,M-1810,item:099439,24.157,24.157,48,109,1.0,KG
61,SDC-VD0901566A,M-1810,item:338928,10000.0,10000.0,63,124,1.0,UN
61,SDC-VD0914360C,M-1810,item:338929,11900.0,11900.0,9,70,1.0,UN
61,SDC-VD0989480A,M-1810,item:426331,130.9,130.9,12,73,1.0,UN
61,SDC-1450,M-1810,item:693055,4831.4,4831.4,132,193,1.0,G
61,M-1430,DC-1920,item:268967,5200.0,5200.0,2,63,1.0,UN
61,M-1810,DC-1920,item:268091,11900.0,11900.0,5,66,1.0,UN
61,DC-1920,C-XXXXX,item:268967,10400.0,10400.0,1,62,1.0,UN
61,DC-1920,C-XXXXX,item:268091,11900.0,11900.0,4,65,1.0,UN
61,SDC-VD0949099A,SDC-1450,item:021081,305.310827,321.379818,125,186,0.95,KG
61,SDC-VD0960508A,SDC-1450,item:021081,87.231665,87.231665,191,252,1.0,KG
61,SDC-VD0972460A,SDC-1450,item:021081,21.807916,21.807916,108,169,1.0,KG
61,SDC-VD0975221A,SDC-1450,item:021081,21.807916,21.807916,87,148,1.0,KG
61,SDC-1450,M-1810,item:007923,38651.2,38651.2,2,63,1.0,G
62,SDC-VD0914690A,M-1430,item:042342,313778.4,313778.4,26,88,1.0,UN
62,SDC-VD0525412A,M-1430,item:333362,5200.0,5200.0,71,133,1.0,UN
62,SDC-VD0993480A,M-1430,item:344135,5200.0,5200.0,37,99,1.0,UN
62,SDC-VD0520115A,M-1430,item:708073,41.236,41.236,31,93,1.0,KG
62,SDC-VD0508918A,M-1430,item:730384,1102.4,1102.4,70,132,1.0,M
62,SDC-VD1095770A,M-1430,item:734545,41.6,41.6,22,84,1.0,UN
62,SDC-1450,M-1430,item:773474,50204.5336,50204.5336,13,75,1.0,G
62,SDC-VD0951020A,M-1810,item:001757,19.3256,19.3256,143,205,1.0,KG
62,SDC-VD0519670A,M-1810,item:001848,6.280105,6.280105,17,79,1.0,KG
62,SDC-VD0951020A,M-1810,item:001848,4.34826,4.34826,63,125,1.0,KG
62,SDC-VD0951020A,M-1810,item:001848,3.865835,3.865835,14,76,1.0,KG
62,SDC-VD0910216A,M-1810,item:001893,39.770245,39.770245,14,76,1.0,KG
62,SDC-VD1091642A,M-1810,item:001893,18.35932,18.35932,21,83,1.0,KG
62,SDC-VD0518684A,M-1810,item:001893,9.17966,9.17966,88,150,1.0,KG
62,SDC-VD1091642A,M-1810,item:001893,24.487375,24.487375,81,143,1.0,KG
62,SDC-VD0910216A,M-1810,item:002612,10.465854,10.465854,40,102,1.0,KG
62,SDC-VD0990780A,M-1810,item:002612,2.990244,2.990244,6,68,1.0,KG
62,SDC-VD1091642A,M-1810,item:002612,1.20785,1.20785,18,80,1.0,KG
62,SDC-VD0500655A,M-1810,item:002612,1.20785,1.20785,27,89,1.0,KG
62,SDC-VD1091642A,M-1810,item:002612,8.285202,8.285202,27,89,1.0,KG
62,SDC-VD0514881A,M-1810,item:016332,5.79768,5.79768,47,109,1.0,KG
62,SDC-VD0519670A,M-1810,item:029313,0.48314,0.48314,78,140,1.0,KG
62,SDC-VD1096202A,M-1810,item:039668,0.48314,0.48314,18,80,1.0,KG
62,SDC-VD0914320A,M-1810,item:055703,0.676396,0.676396,25,87,1.0,KG
62,SDC-VD0964290A,M-1810,item:055703,0.289884,0.289884,19,81,1.0,KG
62,SDC-VD0505677A,M-1810,item:099439,24.157,24.157,65,127,1.0,KG
62,SDC-VD0901566A,M-1810,item:338928,10000.0,10000.0,50,112,1.0,UN
62,SDC-VD0914360C,M-1810,item:338929,11900.0,11900.0,49,111,1.0,UN
62,SDC-VD0989480A,M-1810,item:426331,130.9,130.9,26,88,1.0,UN
62,SDC-1450,M-1810,item:693055,4831.4,4831.4,36,98,1.0,G
62,M-1430,DC-1920,item:268967,5200.0,5200.0,2,64,1.0,UN
62,M-1810,DC-1920,item:268091,11900.0,11900.0,3,65,1.0,UN
62,DC-1920,C-XXXXX,item:268091,23800.0,23800.0,5,67,1.0,UN
62,SDC-VD0949099A,SDC-1450,item:021081,307.756841,323.95457,82,144,0.95,KG
62,SDC-VD0960508A,SDC-1450,item:021081,87.930526,87.930526,82,144,1.0,KG
62,SDC-VD0972460A,SDC-1450,item:021081,21.982632,21.982632,215,277,1.0,KG
62,SDC-VD0975221A,SDC-1450,item:021081,21.982632,21.982632,87,149,1.0,KG
62,SDC-1450,M-1810,item:007923,38651.2,38651.2,2,64,1.0,G
63,SDC-VD0914690A,M-1430,item:042342,273502.379961,273502.379961,40,103,1.0,UN
63,SDC-VD0525412A,M-1430,item:333362,4532.537535,4532.537535,110,173,1.0,UN
63,SDC-VD0993480A,M-1430,item:344135,4532.537535,4532.537535,8,71,1.0,UN
63,SDC-VD0520115A,M-1430,item:708073,35.943023,35.943023,11,74,1.0,KG
63,SDC-VD0508918A,M-1430,item:730384,960.897958,960.897958,112,175,1.0,M
63,SDC-VD1095770A,M-1430,item:734545,36.2603,36.2603,19,82,1.0,UN
63,SDC-1450,M-1430,item:773474,43760.371729,43760.371729,10,73,1.0,G
63,SDC-VD0951020A,M-1810,item:001757,19.129887,19.129887,42,105,1.0,KG
63,SDC-VD0519670A,M-1810,item:001848,6.42617,6.42617,21,84,1.0,KG
63,SDC-VD0951020A,M-1810,item:001848,4.304225,4.304225,31,94,1.0,KG
63,SDC-VD0951020A,M-1810,item:001848,3.617021,3.617021,43,106,1.0,KG
63,SDC-VD0910216A,M-1810,item:001893,39.773373,39.773373,12,75,1.0,KG
63,SDC-VD1091642A,M-1810,item:001893,18.173393,18.173393,24,87,1.0,KG
63,SDC-VD0518684A,M-1810,item:001893,9.086697,9.086697,80,143,1.0,KG
63,SDC-VD1091642A,M-1810,item:001893,23.833503,23.833503,21,84,1.0,KG
63,SDC-VD0910216A,M-1810,item:002612,10.466677,10.466677,30,93,1.0,KG
63,SDC-VD0990780A,M-1810,item:002612,2.990479,2.990479,70,133,1.0,KG
63,SDC-VD1091642A,M-1810,item:002612,1.195618,1.195618,29,92,1.0,KG
63,SDC-VD0500655A,M-1810,item:002612,1.195618,1.195618,10,73,1.0,KG
63,SDC-VD1091642A,M-1810,item:002612,8.063967,8.063967,39,102,1.0,KG
63,SDC-VD0514881A,M-1810,item:016332,5.738966,5.738966,55,118,1.0,KG
63,SDC-VD0519670A,M-1810,item:029313,0.478247,0.478247,67,130,1.0,KG
63,SDC-VD1096202A,M-1810,item:039668,0.478247,0.478247,21,84,1.0,KG
63,SDC-VD0914320A,M-1810,item:055703,0.669546,0.669546,42,105,1.0,KG
63,SDC-VD0964290A,M-1810,item:055703,0.286948,0.286948,27,90,1.0,KG
63,SDC-VD0505677A,M-1810,item:099439,23.912359,23.912359,39,102,1.0,KG
63,SDC-VD0901566A,M-1810,item:338928,10000.0,10000.0,63,126,1.0,UN
63,SDC-VD0914360C,M-1810,item:338929,11779.487374,11779.487374,9,72,1.0,UN
63,SDC-VD0989480A,M-1810,item:426331,129.574361,129.574361,19,82,1.0,UN
63,SDC-1450,M-1810,item:693055,4782.471874,4782.471874,71,134,1.0,G
63,M-1430,DC-1920,item:268967,4532.537535,4532.537535,3,66,1.0,UN
63,M-1810,DC-1920,item:268091,11779.487374,11779.487374,2,65,1.0,UN
63,DC-1920,C-XXXXX,item:268967,5200.0,5200.0,2,65,1.0,UN
63,SDC-VD0949099A,SDC-1450,item:021081,309.53067,325.821758,115,178,0.95,KG
63,SDC-VD0960508A,SDC-1450,item:021081,88.437334,88.437334,135,198,1.0,KG
63,SDC-VD0972460A,SDC-1450,item:021081,22.109334,22.109334,105,168,1.0,KG
63,SDC-VD0975221A,SDC-1450,item:021081,22.109334,22.109334,81,144,1.0,KG
63,SDC-1450,M-1810,item:007923,38259.774992,38259.774992,2,65,1.0,G
64,SDC-VD0914690A,M-1430,item:042342,249049.989592,249049.989592,31,95,1.0,UN
64,SDC-VD0525412A,M-1430,item:333362,4127.307507,4127.307507,100,164,1.0,UN
64,SDC-VD0993480A,M-1430,item:344135,4127.307507,4127.307507,18,82,1.0,UN
64,SDC-VD0520115A,M-1430,item:708073,32.729549,32.729549,48,112,1.0,KG
64,SDC-VD0508918A,M-1430,item:730384,874.989192,874.989192,23,87,1.0,M
64,SDC-VD1095770A,M-1430,item:734545,33.01846,33.01846,15,79,1.0,UN
64,SDC-1450,M-1430,item:773474,39847.99008,39847.99008,8,72,1.0,G
64,SDC-VD0951020A,M-1810,item:001757,18.540717,18.540717,100,164,1.0,KG
64,SDC-VD0519670A,M-1810,item:001848,6.100914,6.100914,12,76,1.0,KG
64,SDC-VD0951020A,M-1810,item:001848,4.171661,4.171661,41,105,1.0,KG
64,SDC-VD0951020A,M-1810,item:001848,3.632963,3.632963,92,156,1.0,KG
64,SDC-VD0910216A,M-1810,item:001893,39.773999,39.773999,26,90,1.0,KG
64,SDC-VD1091642A,M-1810,item:001893,17.613681,17.613681,44,108,1.0,KG
64,SDC-VD0518684A,M-1810,item:001893,8.80684,8.80684,39,103,1.0,KG
64,SDC-VD1091642A,M-1810,item:001893,21.873884,21.873884,13,77,1.0,KG
64,SDC-VD0910216A,M-1810,item:002612,10.466842,10.466842,21,85,1.0,KG
64,SDC-VD0990780A,M-1810,item:002612,2.990526,2.990526,70,134,1.0,KG
64,SDC-VD1091642A,M-1810,item:002612,1.158795,1.158795,36,100,1.0,KG
64,SDC-VD0500655A,M-1810,item:002612,1.158795,1.158795,18,82,1.0,KG
64,SDC-VD1091642A,M-1810,item:002612,7.400938,7.400938,59,123,1.0,KG
64,SDC-VD0514881A,M-1810,item:016332,5.562215,5.562215,95,159,1.0,KG
64,SDC-VD0519670A,M-1810,item:029313,0.463518,0.463518,29,93,1.0,KG
64,SDC-VD1096202A,M-1810,item:039668,0.463518,0.463518,27,91,1.0,KG
64,SDC-VD0914320A,M-1810,item:055703,0.648925,0.648925,20,84,1.0,KG
64,SDC-VD0964290A,M-1810,item:055703,0.278111,0.278111,14,78,1.0,KG
64,SDC-VD0505677A,M-1810,item:099439,23.175896,23.175896,43,107,1.0,KG
64,SDC-VD0901566A,M-1810,item:338928,10000.0,10000.0,57,121,1.0,UN
64,SDC-VD0914360C,M-1810,item:338929,11416.697475,11416.697475,26,90,1.0,UN
64,SDC-VD0989480A,M-1810,item:426331,125.583672,125.583672,51,115,1.0,UN
64,SDC-1450,M-1810,item:693055,4635.179175,4635.179175,75,139,1.0,G
64,M-1430,DC-1920,item:268967,4127.307507,4127.307507,3,67,1.0,UN
64,M-1810,DC-1920,item:268091,11416.697475,11416.697475,4,68,1.0,UN
64,DC-1920,C-XXXXX,item:268967,10400.0,10400.0,3,67,1.0,UN
64,SDC-VD0949099A,SDC-1450,item:021081,302.749783,318.683982,53,117,0.95,KG
64,SDC-VD0960508A,SDC-1450,item:021081,86.499938,86.499938,53,117,1.0,KG
64,SDC-VD0972460A,SDC-1450,item:021081,21.624985,21.624985,92,156,1.0,KG
64,SDC-VD0975221A,SDC-1450,item:021081,21.624985,21.624985,41,105,1.0,KG
64,SDC-1450,M-1810,item:007923,37081.433398,37081.433398,1,65,1.0,G
65,SDC-VD0914690A,M-1430,item:042342,244159.511518,244159.511518,30,95,1.0,UN
65,SDC-VD0525412A,M-1430,item:333362,4046.261501,4046.261501,39,104,1.0,UN
65,SDC-VD0993480A,M-1430,item:344135,4046.261501,4046.261501,15,80,1.0,UN
65,SDC-VD0520115A,M-1430,item:708073,32.086854,32.086854,14,79,1.0,KG
65,SDC-VD0508918A,M-1430,item:730384,857.807438,857.807438,42,107,1.0,M
65,SDC-VD1095770A,M-1430,item:734545,32.370092,32.370092,24,89,1.0,UN
65,SDC-1450,M-1430,item:773474,39065.51375,39065.51375,4,69,1.0,G
65,SDC-VD0951020A,M-1810,item:001757,18.422883,18.422883,75,140,1.0,KG
65,SDC-VD0519670A,M-1810,item:001848,6.035862,6.035862,10,75,1.0,KG
65,SDC-VD0951020A,M-1810,item:001848,4.145149,4.145149,80,145,1.0,KG
65,SDC-VD0951020A,M-1810,item:001848,3.636151,3.636151,112,177,1.0,KG
65,SDC-VD0910216A,M-1810,item:001893,38.63912,38.63912,36,101,1.0,KG
65,SDC-VD1091642A,M-1810,item:001893,17.501738,17.501738,29,94,1.0,KG
65,SDC-VD0518684A,M-1810,item:001893,8.750869,8.750869,68,133,1.0,KG
65,SDC-VD1091642A,M-1810,item:001893,22.616965,22.616965,30,95,1.0,KG
65,SDC-VD0910216A,M-1810,item:002612,10.168189,10.168189,35,100,1.0,KG
65,SDC-VD0990780A,M-1810,item:002612,2.905197,2.905197,49,114,1.0,KG
65,SDC-VD1091642A,M-1810,item:002612,1.15143,1.15143,34,99,1.0,KG
65,SDC-VD0500655A,M-1810,item:002612,1.15143,1.15143,33,98,1.0,KG
65,SDC-VD1091642A,M-1810,item:002612,7.652356,7.652356,10,75,1.0,KG
65,SDC-VD0514881A,M-1810,item:016332,5.526865,5.526865,9,74,1.0,KG
65,SDC-VD0519670A,M-1810,item:029313,0.460572,0.460572,11,76,1.0,KG
65,SDC-VD1096202A,M-1810,item:039668,0.460572,0.460572,28,93,1.0,KG
65,SDC-VD0914320A,M-1810,item:055703,0.644801,0.644801,22,87,1.0,KG
65,SDC-VD0964290A,M-1810,item:055703,0.276343,0.276343,45,110,1.0,KG
65,SDC-VD0505677A,M-1810,item:099439,23.028603,23.028603,70,135,1.0,KG
65,SDC-VD0901566A,M-1810,item:338928,10000.0,10000.0,84,149,1.0,UN
65,SDC-VD0914360C,M-1810,item:338929,11344.139495,11344.139495,65,130,1.0,UN
65,SDC-VD0989480A,M-1810,item:426331,124.785534,124.785534,24,89,1.0,UN
65,SDC-1450,M-1810,item:693055,4605.720635,4605.720635,36,101,1.0,G
65,M-1430,DC-1920,item:268967,4046.261501,4046.261501,3,68,1.0,UN
65,M-1810,DC-1920,item:268091,11344.139495,11344.139495,3,68,1.0,UN
65,DC-1920,C-XXXXX,item:268091,23679.487374,23679.487374,5,70,1.0,UN
65,SDC-VD0949099A,SDC-1450,item:021081,290.717393,306.018309,43,108,0.95,KG
65,SDC-VD0960508A,SDC-1450,item:021081,83.062112,83.062112,171,236,1.0,KG
65,SDC-VD0972460A,SDC-1450,item:021081,20.765528,20.765528,38,103,1.0,KG
65,SDC-VD0975221A,SDC-1450,item:021081,20.765528,20.765528,78,143,1.0,KG
65,SDC-1450,M-1810,item:007923,36845.76508,36845.76508,1,66,1.0,G
66,SDC-VD0914690A,M-1430,item:042342,243181.415904,243181.415904,30,96,1.0,UN
66,SDC-VD0525412A,M-1430,item:333362,4030.0523,4030.0523,78,144,1.0,UN
66,SDC-VD0993480A,M-1430,item:344135,4030.0523,4030.0523,25,91,1.0,UN
66,SDC-VD0520115A,M-1430,item:708073,31.958315,31.958315,28,94,1.0,KG
66,SDC-VD0508918A,M-1430,item:730384,854.371088,854.371088,43,109,1.0,M
66,SDC-VD1095770A,M-1430,item:734545,32.240418,32.240418,26,92,1.0,UN
66,SDC-1450,M-1430,item:773474,38909.018484,38909.018484,4,70,1.0,G
66,SDC-VD0951020A,M-1810,item:001757,18.399316,18.399316,70,136,1.0,KG
66,SDC-VD0519670A,M-1810,item:001848,6.022852,6.022852,10,76,1.0,KG
66,SDC-VD0951020A,M-1810,item:001848,4.139846,4.139846,32,98,1.0,KG
66,SDC-VD0951020A,M-1810,item:001848,3.636789,3.636789,33,99,1.0,KG
66,SDC-VD0910216A,M-1810,item:001893,38.227129,38.227129,39,105,1.0,KG
66,SDC-VD1091642A,M-1810,item:001893,17.47935,17.47935,70,136,1.0,KG
66,SDC-VD0518684A,M-1810,item:001893,8.739675,8.739675,17,83,1.0,KG
66,SDC-VD1091642A,M-1810,item:001893,22.950596,22.950596,38,104,1.0,KG
66,SDC-VD0910216A,M-1810,item:002612,10.059771,10.059771,55,121,1.0,KG
66,SDC-VD0990780A,M-1810,item:002612,2.87422,2.87422,23,89,1.0,KG
66,SDC-VD1091642A,M-1810,item:002612,1.149957,1.149957,30,96,1.0,KG
66,SDC-VD0500655A,M-1810,item:002612,1.149957,1.149957,14,80,1.0,KG
66,SDC-VD1091642A,M-1810,item:002612,7.765239,7.765239,25,91,1.0,KG
66,SDC-VD0514881A,M-1810,item:016332,5.519795,5.519795,98,164,1.0,KG
66,SDC-VD0519670A,M-1810,item:029313,0.459983,0.459983,53,119,1.0,KG
66,SDC-VD1096202A,M-1810,item:039668,0.459983,0.459983,69,135,1.0,KG
66,SDC-VD0914320A,M-1810,item:055703,0.643976,0.643976,9,75,1.0,KG
66,SDC-VD0964290A,M-1810,item:055703,0.27599,0.27599,49,115,1.0,KG
66,SDC-VD0505677A,M-1810,item:099439,22.999145,22.999145,20,86,1.0,KG
66,SDC-VD0901566A,M-1810,item:338928,10000.0,10000.0,92,158,1.0,UN
66,SDC-VD0914360C,M-1810,item:338929,11329.627899,11329.627899,71,137,1.0,UN
66,SDC-VD0989480A,M-1810,item:426331,124.625907,124.625907,15,81,1.0,UN
66,SDC-1450,M-1810,item:693055,4599.828927,4599.828927,73,139,1.0,G
66,M-1430,DC-1920,item:268967,4030.0523,4030.0523,3,69,1.0,UN
66,M-1810,DC-1920,item:268091,11329.627899,11329.627899,1,67,1.0,UN
66,DC-1920,C-XXXXX,item:268967,4532.537535,4532.537535,1,67,1.0,UN
66,DC-1920,C-XXXXX,item:268091,11900.0,11900.0,2,68,1.0,UN
66,SDC-VD0949099A,SDC-1450,item:021081,279.061834,293.749299,130,196,0.95,KG
66,SDC-VD0960508A,SDC-1450,item:021081,79.731953,79.731953,109,175,1.0,KG
66,SDC-VD0972460A,SDC-1450,item:021081,19.932988,19.932988,53,119,1.0,KG
66,SDC-VD0975221A,SDC-1450,item:021081,19.932988,19.932988,174,240,1.0,KG
66,SDC-1450,M-1810,item:007923,36798.631416,36798.631416,1,67,1.0,G
67,SDC-VD0914690A,M-1430,item:042342,242985.796781,242985.796781,35,102,1.0,UN
67,SDC-VD0525412A,M-1430,item:333362,4026.81046,4026.81046,120,187,1.0,UN
67,SDC-VD0993480A,M-1430,item:344135,4026.81046,4026.81046,48,115,1.0,UN
67,SDC-VD0520115A,M-1430,item:708073,31.932607,31.932607,26,93,1.0,KG
67,SDC-VD0508918A,M-1430,item:730384,853.683818,853.683818,57,124,1.0,M
67,SDC-VD1095770A,M-1430,item:734545,32.214484,32.214484,18,85,1.0,UN
67,SDC-1450,M-1430,item:773474,38877.719431,38877.719431,5,72,1.0,G
67,SDC-VD0951020A,M-1810,item:001757,18.394602,18.394602,63,130,1.0,KG
67,SDC-VD0519670A,M-1810,item:001848,6.02025,6.02025,29,96,1.0,KG
67,SDC-VD0951020A,M-1810,item:001848,4.138786,4.138786,78,145,1.0,KG
67,SDC-VD0951020A,M-1810,item:001848,3.636916,3.636916,61,128,1.0,KG
67,SDC-VD0910216A,M-1810,item:001893,38.14473,38.14473,10,77,1.0,KG
67,SDC-VD1091642A,M-1810,item:001893,17.474872,17.474872,33,100,1.0,KG
67,SDC-VD0518684A,M-1810,item:001893,8.737436,8.737436,60,127,1.0,KG
67,SDC-VD1091642A,M-1810,item:001893,23.017322,23.017322,50,117,1.0,KG
67,SDC-VD0910216A,M-1810,item:002612,10.038087,10.038087,38,105,1.0,KG
67,SDC-VD0990780A,M-1810,item:002612,2.868025,2.868025,40,107,1.0,KG
67,SDC-VD1091642A,M-1810,item:002612,1.149663,1.149663,60,127,1.0,KG
67,SDC-VD0500655A,M-1810,item:002612,1.149663,1.149663,10,77,1.0,KG
67,SDC-VD1091642A,M-1810,item:002612,7.787816,7.787816,36,103,1.0,KG
67,SDC-VD0514881A,M-1810,item:016332,5.518381,5.518381,75,142,1.0,KG
67,SDC-VD0519670A,M-1810,item:029313,0.459865,0.459865,19,86,1.0,KG
67,SDC-VD1096202A,M-1810,item:039668,0.459865,0.459865,42,109,1.0,KG
67,SDC-VD0914320A,M-1810,item:055703,0.643811,0.643811,26,93,1.0,KG
67,SDC-VD0964290A,M-1810,item:055703,0.275919,0.275919,27,94,1.0,KG
67,SDC-VD0505677A,M-1810,item:099439,22.993253,22.993253,19,86,1.0,KG
67,SDC-VD0901566A,M-1810,item:338928,10000.0,10000.0,49,116,1.0,UN
67,SDC-VD0914360C,M-1810,item:338929,11326.72558,11326.72558,30,97,1.0,UN
67,SDC-VD0989480A,M-1810,item:426331,124.593981,124.593981,14,81,1.0,UN
67,SDC-1450,M-1810,item:693055,4598.650585,4598.650585,73,140,1.0,G
67,M-1430,DC-1920,item:268967,4026.81046,4026.81046,3,70,1.0,UN
67,M-1810,DC-1920,item:268091,11326.72558,11326.72558,3,70,1.0,UN
67,DC-1920,C-XXXXX,item:268967,4127.307507,4127.307507,1,68,1.0,UN
67,DC-1920,C-XXXXX,item:268091,11329.627899,11329.627899,2,69,1.0,UN
67,SDC-VD0949099A,SDC-1450,item:021081,269.616883,283.807245,75,142,0.95,KG
67,SDC-VD0960508A,SDC-1450,item:021081,77.033395,77.033395,171,238,1.0,KG
67,SDC-VD0972460A,SDC-1450,item:021081,19.258349,19.258349,51,118,1.0,KG
67,SDC-VD0975221A,SDC-1450,item:021081,19.258349,19.258349,39,106,1.0,KG
67,SDC-1450,M-1810,item:007923,36789.204683,36789.204683,1,68,1.0,G
68,SDC-VD0914690A,M-1430,item:042342,242946.672956,242946.672956,38,106,1.0,UN
68,SDC-VD0525412A,M-1430,item:333362,4026.162092,4026.162092,100,168,1.0,UN
68,SDC-VD0993480A,M-1430,item:344135,4026.162092,4026.162092,64,132,1.0,UN
68,SDC-VD0520115A,M-1430,item:708073,31.927465,31.927465,23,91,1.0,KG
68,SDC-VD0508918A,M-1430,item:730384,853.546364,853.546364,24,92,1.0,M
68,SDC-VD1095770A,M-1430,item:734545,32.209297,32.209297,11,79,1.0,UN
68,SDC-1450,M-1430,item:773474,38871.459621,38871.459621,12,80,1.0,G
68,SDC-VD0951020A,M-1810,item:001757,18.39366,18.39366,168,236,1.0,KG
68,SDC-VD0519670A,M-1810,item:001848,6.01973,6.01973,32,100,1.0,KG
68,SDC-VD0951020A,M-1810,item:001848,4.138573,4.138573,47,115,1.0,KG
68,SDC-VD0951020A,M-1810,item:001848,3.636942,3.636942,85,153,1.0,KG
68,SDC-VD0910216A,M-1810,item:001893,38.128251,38.128251,14,82,1.0,KG
68,SDC-VD1091642A,M-1810,item:001893,17.473977,17.473977,29,97,1.0,KG
68,SDC-VD0518684A,M-1810,item:001893,8.736988,8.736988,84,152,1.0,KG
68,SDC-VD1091642A,M-1810,item:001893,6.16874,6.16874,16,84,1.0,KG
68,SDC-VD0518684A,M-1810,item:001893,16.861928,16.861928,31,99,1.0,KG
68,SDC-VD0910216A,M-1810,item:002612,10.03375,10.03375,60,128,1.0,KG
68,SDC-VD0990780A,M-1810,item:002612,2.866786,2.866786,17,85,1.0,KG
68,SDC-VD1091642A,M-1810,item:002612,1.149604,1.149604,36,104,1.0,KG
68,SDC-VD0500655A,M-1810,item:002612,1.149604,1.149604,31,99,1.0,KG
68,SDC-VD1091642A,M-1810,item:002612,7.792331,7.792331,66,134,1.0,KG
68,SDC-VD0514881A,M-1810,item:016332,5.518098,5.518098,75,143,1.0,KG
68,SDC-VD0519670A,M-1810,item:029313,0.459841,0.459841,47,115,1.0,KG
68,SDC-VD1096202A,M-1810,item:039668,0.459841,0.459841,36,104,1.0,KG
68,SDC-VD0914320A,M-1810,item:055703,0.643778,0.643778,17,85,1.0,KG
68,SDC-VD0964290A,M-1810,item:055703,0.275905,0.275905,30,98,1.0,KG
68,SDC-VD0505677A,M-1810,item:099439,22.992075,22.992075,24,92,1.0,KG
68,SDC-VD0901566A,M-1810,item:338928,10000.0,10000.0,64,132,1.0,UN
68,SDC-VD0914360C,M-1810,item:338929,11326.145116,11326.145116,50,118,1.0,UN
68,SDC-VD0989480A,M-1810,item:426331,124.587596,124.587596,18,86,1.0,UN
68,SDC-1450,M-1810,item:693055,4598.414917,4598.414917,12,80,1.0,G
68,M-1430,DC-1920,item:268967,4026.162092,4026.162092,3,71,1.0,UN
68,M-1810,DC-1920,item:268091,11326.145116,11326.145116,2,70,1.0,UN
68,DC-1920,C-XXXXX,item:268967,4046.261501,4046.261501,1,69,1.0,UN
68,DC-1920,C-XXXXX,item:268091,22760.83697,22760.83697,1,69,1.0,UN
68,SDC-VD0949099A,SDC-1450,item:021081,262.46387,276.277757,62,130,0.95,KG
68,SDC-VD0960508A,SDC-1450,item:021081,74.989677,74.989677,105,173,1.0,KG
68,SDC-VD0972460A,SDC-1450,item:021081,18.747419,18.747419,218,286,1.0,KG
68,SDC-VD0975221A,SDC-1450,item:021081,18.747419,18.747419,153,221,1.0,KG
68,SDC-1450,M-1810,item:007923,36787.319337,36787.319337,1,69,1.0,G
69,SDC-VD0520132A,M-1430,item:038005,2180.922374,2180.922374,205,274,1.0,KG
69,SDC-VD0914690A,M-1430,item:042342,242938.848191,242938.848191,26,95,1.0,UN
69,SDC-VD0525412A,M-1430,item:333362,4026.032418,4026.032418,64,133,1.0,UN
69,SDC-VD0993480A,M-1430,item:344135,4026.032418,4026.032418,42,111,1.0,UN
69,SDC-VD0520115A,M-1430,item:708073,31.926437,31.926437,19,88,1.0,KG
69,SDC-VD0508918A,M-1430,item:730384,853.518873,853.518873,66,135,1.0,M
69,SDC-VD1095770A,M-1430,item:734545,32.208259,32.208259,15,84,1.0,UN
69,SDC-1450,M-1430,item:773474,38870.207659,38870.207659,8,77,1.0,G
69,SDC-VD0951020A,M-1810,item:001757,18.393471,18.393471,42,111,1.0,KG
69,SDC-VD0519670A,M-1810,item:001848,6.019626,6.019626,18,87,1.0,KG
69,SDC-VD0951020A,M-1810,item:001848,4.138531,4.138531,59,128,1.0,KG
69,SDC-VD0951020A,M-1810,item:001848,3.636947,3.636947,38,107,1.0,KG
69,SDC-VD0910216A,M-1810,item:001893,38.124955,38.124955,50,119,1.0,KG
69,SDC-VD1091642A,M-1810,item:001893,10.892844,10.892844,28,97,1.0,KG
69,SDC-VD0518684A,M-1810,item:001893,8.736899,8.736899,104,173,1.0,KG
69,SDC-VD0518684A,M-1810,item:001893,29.61429,29.61429,59,128,1.0,KG
69,SDC-VD0910216A,M-1810,item:002612,10.032883,10.032883,29,98,1.0,KG
69,SDC-VD0990780A,M-1810,item:002612,2.866538,2.866538,29,98,1.0,KG
69,SDC-VD1091642A,M-1810,item:002612,1.149592,1.149592,51,120,1.0,KG
69,SDC-VD0500655A,M-1810,item:002612,1.149592,1.149592,31,100,1.0,KG
69,SDC-VD1091642A,M-1810,item:002612,7.793234,7.793234,27,96,1.0,KG
69,SDC-VD0514881A,M-1810,item:016332,5.518041,5.518041,56,125,1.0,KG
69,SDC-VD0519670A,M-1810,item:029313,0.459837,0.459837,95,164,1.0,KG
69,SDC-VD1096202A,M-1810,item:039668,0.459837,0.459837,56,125,1.0,KG
69,SDC-VD0520132A,M-1810,item:049371,163.309333,163.309333,182,251,1.0,KG
69,SDC-VD0914320A,M-1810,item:055703,0.643771,0.643771,17,86,1.0,KG
69,SDC-VD0964290A,M-1810,item:055703,0.275902,0.275902,35,104,1.0,KG
69,SDC-VD0505677A,M-1810,item:099439,22.991839,22.991839,69,138,1.0,KG
69,SDC-VD0901566A,M-1810,item:338928,10000.0,10000.0,71,140,1.0,UN
69,SDC-VD0914360C,M-1810,item:338929,11326.029023,11326.029023,16,85,1.0,UN
69,SDC-VD0989480A,M-1810,item:426331,124.586319,124.586319,20,89,1.0,UN
69,SDC-1450,M-1810,item:693055,4598.367783,4598.367783,55,124,1.0,G
69,M-1430,DC-1920,item:268967,4026.032418,4026.032418,3,72,1.0,UN
69,M-1810,DC-1920,item:268091,11326.029023,11326.029023,3,72,1.0,UN
69,DC-1920,C-XXXXX,item:268967,4030.0523,4030.0523,6,75,1.0,UN
69,SDC-VD0949099A,SDC-1450,item:021081,257.192012,270.728434,89,158,0.95,KG
69,SDC-VD0960508A,SDC-1450,item:021081,73.483432,73.483432,94,163,1.0,KG
69,SDC-VD0972460A,SDC-1450,item:021081,18.370858,18.370858,139,208,1.0,KG
69,SDC-VD0975221A,SDC-1450,item:021081,18.370858,18.370858,103,172,1.0,KG
69,SDC-1450,M-1810,item:007923,36786.942267,36786.942267,1,70,1.0,G
70,SDC-VD0520132A,M-1430,item:038005,90.995715,90.995715,100,170,1.0,KG
70,SDC-VD0914690A,M-1430,item:042342,313778.4,313778.4,18,88,1.0,UN
70,SDC-VD0525412A,M-1430,item:333362,5200.0,5200.0,51,121,1.0,UN
70,SDC-VD0993480A,M-1430,item:344135,5200.0,5200.0,25,95,1.0,UN
70,SDC-VD0520115A,M-1430,item:708073,41.236,41.236,32,102,1.0,KG
70,SDC-VD0508918A,M-1430,item:730384,1102.4,1102.4,112,182,1.0,M
70,SDC-VD1095770A,M-1430,item:734545,41.6,41.6,37,107,1.0,UN
70,SDC-1450,M-1430,item:773474,50204.5336,50204.5336,8,78,1.0,G
70,SDC-VD0951020A,M-1810,item:001757,16.095334,16.095334,93,163,1.0,KG
70,SDC-VD0519670A,M-1810,item:001848,8.45005,8.45005,34,104,1.0,KG
70,SDC-VD0951020A,M-1810,item:001848,3.62145,3.62145,13,83,1.0,KG
70,SDC-VD0910216A,M-1810,item:001893,38.124296,38.124296,38,108,1.0,KG
70,SDC-VD1091642A,M-1810,item:001893,10.892656,10.892656,84,154,1.0,KG
70,SDC-VD0518684A,M-1810,item:001893,7.645284,7.645284,27,97,1.0,KG
70,SDC-VD0518684A,M-1810,item:001893,19.790602,19.790602,61,131,1.0,KG
70,SDC-VD0910216A,M-1810,item:002612,10.032709,10.032709,19,89,1.0,KG
70,SDC-VD0990780A,M-1810,item:002612,2.866488,2.866488,70,140,1.0,KG
70,SDC-VD1091642A,M-1810,item:002612,1.005958,1.005958,24,94,1.0,KG
70,SDC-VD0500655A,M-1810,item:002612,1.005958,1.005958,36,106,1.0,KG
70,SDC-VD1091642A,M-1810,item:002612,5.208053,5.208053,12,82,1.0,KG
70,SDC-VD0514881A,M-1810,item:016332,4.8286,4.8286,62,132,1.0,KG
70,SDC-VD0519670A,M-1810,item:029313,0.402383,0.402383,71,141,1.0,KG
70,SDC-VD1096202A,M-1810,item:039668,0.402383,0.402383,9,79,1.0,KG
70,SDC-VD0520132A,M-1810,item:049371,14.888184,14.888184,247,317,1.0,KG
70,SDC-VD0914320A,M-1810,item:055703,0.563337,0.563337,20,90,1.0,KG
70,SDC-VD0964290A,M-1810,item:055703,0.24143,0.24143,48,118,1.0,KG
70,SDC-VD0505677A,M-1810,item:099439,20.119168,20.119168,27,97,1.0,KG
70,SDC-VD0901566A,M-1810,item:338928,10000.0,10000.0,67,137,1.0,UN
70,SDC-VD0914360C,M-1810,item:338929,9910.92009,9910.92009,84,154,1.0,UN
70,SDC-VD0989480A,M-1810,item:426331,109.020121,109.020121,9,79,1.0,UN
70,SDC-1450,M-1810,item:693055,4023.833557,4023.833557,97,167,1.0,G
70,M-1430,DC-1920,item:268967,5200.0,5200.0,5,75,1.0,UN
70,M-1810,DC-1920,item:268091,9910.92009,9910.92009,1,71,1.0,UN
70,DC-1920,C-XXXXX,item:268967,4026.81046,4026.81046,2,72,1.0,UN
70,DC-1920,C-XXXXX,item:268091,22652.870696,22652.870696,3,73,1.0,UN
70,SDC-VD0949099A,SDC-1450,item:021081,253.34919,266.683358,59,129,0.95,KG
70,SDC-VD0960508A,SDC-1450,item:021081,72.385483,72.385483,91,161,1.0,KG
70,SDC-VD0972460A,SDC-1450,item:021081,18.096371,18.096371,31,101,1.0,KG
70,SDC-VD0975221A,SDC-1450,item:021081,18.096371,18.096371,58,128,1.0,KG
70,SDC-1450,M-1810,item:007923,32190.668453,32190.668453,2,72,1.0,G
71,SDC-VD0520132A,M-1430,item:038005,90.995715,90.995715,188,259,1.0,KG
71,SDC-VD0914690A,M-1430,item:042342,313778.4,313778.4,13,84,1.0,UN
71,SDC-VD0525412A,M-1430,item:333362,5200.0,5200.0,73,144,1.0,UN
71,SDC-VD0993480A,M-1430,item:344135,5200.0,5200.0,19,90,1.0,UN
71,SDC-VD0520115A,M-1430,item:708073,41.236,41.236,16,87,1.0,KG
71,SDC-VD0508918A,M-1430,item:730384,1102.4,1102.4,66,137,1.0,M
71,SDC-VD1095770A,M-1430,item:734545,41.6,41.6,31,102,1.0,UN
71,SDC-1450,M-1430,item:773474,50204.5336,50204.5336,17,88,1.0,G
71,SDC-VD0951020A,M-1810,item:001757,15.635707,15.635707,120,191,1.0,KG
71,SDC-VD0519670A,M-1810,item:001848,8.208746,8.208746,17,88,1.0,KG
71,SDC-VD0951020A,M-1810,item:001848,3.518034,3.518034,72,143,1.0,KG
71,SDC-VD0910216A,M-1810,item:001893,51.988725,51.988725,18,89,1.0,KG
71,SDC-VD1091642A,M-1810,item:001893,14.853922,14.853922,53,124,1.0,KG
71,SDC-VD0518684A,M-1810,item:001893,7.426961,7.426961,52,123,1.0,KG
71,SDC-VD0910216A,M-1810,item:002612,0.445668,0.445668,21,92,1.0,KG
71,SDC-VD0990780A,M-1810,item:002612,3.908927,3.908927,29,100,1.0,KG
71,SDC-VD1091642A,M-1810,item:002612,0.977232,0.977232,48,119,1.0,KG
71,SDC-VD0500655A,M-1810,item:002612,0.977232,0.977232,52,123,1.0,KG
71,SDC-VD0990780A,M-1810,item:002612,13.235576,13.235576,22,93,1.0,KG
71,SDC-VD0514881A,M-1810,item:016332,4.690712,4.690712,44,115,1.0,KG
71,SDC-VD0519670A,M-1810,item:029313,0.390893,0.390893,24,95,1.0,KG
71,SDC-VD1096202A,M-1810,item:039668,0.390893,0.390893,21,92,1.0,KG
71,SDC-VD0520132A,M-1810,item:049371,14.463029,14.463029,149,220,1.0,KG
71,SDC-VD0914320A,M-1810,item:055703,0.54725,0.54725,41,112,1.0,KG
71,SDC-VD0964290A,M-1810,item:055703,0.234536,0.234536,19,90,1.0,KG
71,SDC-VD0505677A,M-1810,item:099439,19.544634,19.544634,19,90,1.0,KG
71,SDC-VD0901566A,M-1810,item:338928,10000.0,10000.0,88,159,1.0,UN
71,SDC-VD0914360C,M-1810,item:338929,9627.898304,9627.898304,52,123,1.0,UN
71,SDC-VD0989480A,M-1810,item:426331,105.906881,105.906881,12,83,1.0,UN
71,SDC-1450,M-1810,item:693055,3908.926711,3908.926711,91,162,1.0,G
71,M-1430,DC-1920,item:268967,5200.0,5200.0,3,74,1.0,UN
71,M-1810,DC-1920,item:268091,9627.898304,9627.898304,2,73,1.0,UN
71,DC-1920,C-XXXXX,item:268967,4026.162092,4026.162092,4,75,1.0,UN
71,DC-1920,C-XXXXX,item:268091,9910.92009,9910.92009,2,73,1.0,UN
71,SDC-VD0949099A,SDC-1450,item:021081,264.746782,278.680823,59,130,0.95,KG
71,SDC-VD0960508A,SDC-1450,item:021081,75.641938,75.641938,163,234,1.0,KG
71,SDC-VD0972460A,SDC-1450,item:021081,18.910484,18.910484,240,311,1.0,KG
71,SDC-VD0975221A,SDC-1450,item:021081,18.910484,18.910484,122,193,1.0,KG
71,SDC-1450,M-1810,item:007923,31271.41369,31271.41369,2,73,1.0,G
72,SDC-VD0520132A,M-1430,item:038005,90.995715,90.995715,171,243,1.0,KG
72,SDC-VD0914690A,M-1430,item:042342,313778.4,313778.4,28,100,1.0,UN
72,SDC-VD0525412A,M-1430,item:333362,5200.0,5200.0,50,122,1.0,UN
72,SDC-VD0993480A,M-1430,item:344135,5200.0,5200.0,42,114,1.0,UN
72,SDC-VD0520115A,M-1430,item:708073,41.236,41.236,18,90,1.0,KG
72,SDC-VD0508918A,M-1430,item:730384,1102.4,1102.4,112,184,1.0,M
72,SDC-VD1095770A,M-1430,item:734545,41.6,41.6,21,93,1.0,UN
72,SDC-1450,M-1430,item:773474,50204.5336,50204.5336,4,76,1.0,G
72,SDC-VD0951020A,M-1810,item:001757,15.543781,15.543781,89,161,1.0,KG
72,SDC-VD0519670A,M-1810,item:001848,8.160485,8.160485,29,101,1.0,KG
72,SDC-VD0951020A,M-1810,item:001848,3.497351,3.497351,25,97,1.0,KG
72,SDC-VD0910216A,M-1810,item:001893,51.683073,51.683073,28,100,1.0,KG
72,SDC-VD1091642A,M-1810,item:001893,14.766592,14.766592,83,155,1.0,KG
72,SDC-VD0518684A,M-1810,item:001893,7.383296,7.383296,89,161,1.0,KG
72,SDC-VD0910216A,M-1810,item:002612,0.25281,0.25281,27,99,1.0,KG
72,SDC-VD0990780A,M-1810,item:002612,3.885945,3.885945,45,117,1.0,KG
72,SDC-VD1091642A,M-1810,item:002612,0.971486,0.971486,30,102,1.0,KG
72,SDC-VD0500655A,M-1810,item:002612,0.971486,0.971486,10,82,1.0,KG
72,SDC-VD0990780A,M-1810,item:002612,13.347999,13.347999,46,118,1.0,KG
72,SDC-VD0514881A,M-1810,item:016332,4.663134,4.663134,89,161,1.0,KG
72,SDC-VD0519670A,M-1810,item:029313,0.388595,0.388595,46,118,1.0,KG
72,SDC-VD1096202A,M-1810,item:039668,0.388595,0.388595,52,124,1.0,KG
72,SDC-VD0520132A,M-1810,item:049371,14.377998,14.377998,47,119,1.0,KG
72,SDC-VD0914320A,M-1810,item:055703,0.544032,0.544032,24,96,1.0,KG
72,SDC-VD0964290A,M-1810,item:055703,0.233157,0.233157,35,107,1.0,KG
72,SDC-VD0505677A,M-1810,item:099439,19.429727,19.429727,51,123,1.0,KG
72,SDC-VD0901566A,M-1810,item:338928,10000.0,10000.0,78,150,1.0,UN
72,SDC-VD0914360C,M-1810,item:338929,9571.293946,9571.293946,33,105,1.0,UN
72,SDC-VD0989480A,M-1810,item:426331,105.284233,105.284233,7,79,1.0,UN
72,SDC-1450,M-1810,item:693055,3885.945342,3885.945342,30,102,1.0,G
72,M-1430,DC-1920,item:268967,5200.0,5200.0,3,75,1.0,UN
72,M-1810,DC-1920,item:268091,9571.293946,9571.293946,2,74,1.0,UN
72,DC-1920,C-XXXXX,item:268967,4026.032418,4026.032418,2,74,1.0,UN
72,DC-1920,C-XXXXX,item:268091,11326.029023,11326.029023,2,74,1.0,UN
72,SDC-VD0949099A,SDC-1450,item:021081,276.912938,291.487303,60,132,0.95,KG
72,SDC-VD0960508A,SDC-1450,item:021081,79.117982,79.117982,109,181,1.0,KG
72,SDC-VD0972460A,SDC-1450,item:021081,19.779496,19.779496,25,97,1.0,KG
72,SDC-VD0975221A,SDC-1450,item:021081,19.779496,19.779496,153,225,1.0,KG
72,SDC-1450,M-1810,item:007923,31087.562738,31087.562738,2,74,1.0,G
73,SDC-VD0520132A,M-1430,item:038005,90.995715,90.995715,114,187,1.0,KG
73,SDC-VD0914690A,M-1430,item:042342,313778.4,313778.4,24,97,1.0,UN
73,SDC-VD0525412A,M-1430,item:333362,5200.0,5200.0,54,127,1.0,UN
73,SDC-VD0993480A,M-1430,item:344135,5200.0,5200.0,31,104,1.0,UN
73,SDC-VD0520115A,M-1430,item:708073,41.236,41.236,36,109,1.0,KG
73,SDC-VD0508918A,M-1430,item:730384,1102.4,1102.4,62,135,1.0,M
73,SDC-VD1095770A,M-1430,item:734545,41.6,41.6,13,86,1.0,UN
73,SDC-1450,M-1430,item:773474,50204.5336,50204.5336,10,83,1.0,G
73,SDC-VD0951020A,M-1810,item:001757,15.525396,15.525396,34,107,1.0,KG
73,SDC-VD0519670A,M-1810,item:001848,8.150833,8.150833,27,100,1.0,KG
73,SDC-VD0951020A,M-1810,item:001848,3.493214,3.493214,15,88,1.0,KG
73,SDC-VD0910216A,M-1810,item:001893,51.621943,51.621943,39,112,1.0,KG
73,SDC-VD1091642A,M-1810,item:001893,14.749126,14.749126,45,118,1.0,KG
73,SDC-VD0518684A,M-1810,item:001893,7.374563,7.374563,60,133,1.0,KG
73,SDC-VD0910216A,M-1810,item:002612,3.823136,3.823136,66,139,1.0,KG
73,SDC-VD0990780A,M-1810,item:002612,3.881349,3.881349,70,143,1.0,KG
73,SDC-VD1091642A,M-1810,item:002612,0.970337,0.970337,26,99,1.0,KG
73,SDC-VD0500655A,M-1810,item:002612,0.970337,0.970337,12,85,1.0,KG
73,SDC-VD0990780A,M-1810,item:002612,9.761585,9.761585,27,100,1.0,KG
73,SDC-VD0514881A,M-1810,item:016332,4.657619,4.657619,81,154,1.0,KG
73,SDC-VD0519670A,M-1810,item:029313,0.388135,0.388135,32,105,1.0,KG
73,SDC-VD1096202A,M-1810,item:039668,0.388135,0.388135,12,85,1.0,KG
73,SDC-VD0520132A,M-1810,item:049371,14.360992,14.360992,56,129,1.0,KG
73,SDC-VD0914320A,M-1810,item:055703,0.543389,0.543389,34,107,1.0,KG
73,SDC-VD0964290A,M-1810,item:055703,0.232881,0.232881,35,108,1.0,KG
73,SDC-VD0505677A,M-1810,item:099439,19.406745,19.406745,39,112,1.0,KG
73,SDC-VD0901566A,M-1810,item:338928,10000.0,10000.0,63,136,1.0,UN
73,SDC-VD0914360C,M-1810,item:338929,9559.973075,9559.973075,36,109,1.0,UN
73,SDC-VD0989480A,M-1810,item:426331,105.159704,105.159704,37,110,1.0,UN
73,SDC-1450,M-1810,item:693055,3881.349068,3881.349068,61,134,1.0,G
73,M-1430,DC-1920,item:268967,5200.0,5200.0,3,76,1.0,UN
73,M-1810,DC-1920,item:268091,9559.973075,9559.973075,5,78,1.0,UN
73,DC-1920,C-XXXXX,item:268091,9627.898304,9627.898304,2,75,1.0,UN
73,SDC-VD0949099A,SDC-1450,item:021081,286.799576,301.89429,34,107,0.95,KG
73,SDC-VD0960508A,SDC-1450,item:021081,81.942736,81.942736,34,107,1.0,KG
73,SDC-VD0972460A,SDC-1450,item:021081,20.485684,20.485684,96,169,1.0,KG
73,SDC-VD0975221A,SDC-1450,item:021081,20.485684,20.485684,115,188,1.0,KG
73,SDC-1450,M-1810,item:007923,31050.792547,31050.792547,2,75,1.0,G
74,SDC-VD0520132A,M-1430,item:038005,2.974791,2.974791,171,245,1.0,KG
74,SDC-VD0914690A,M-1430,item:042342,313778.4,313778.4,10,84,1.0,UN
74,SDC-VD0525412A,M-1430,item:333362,5200.0,5200.0,76,150,1.0,UN
74,SDC-VD0993480A,M-1430,item:344135,5200.0,5200.0,48,122,1.0,UN
74,SDC-VD0520115A,M-1430,item:708073,41.236,41.236,17,91,1.0,KG
74,SDC-VD0508918A,M-1430,item:730384,1102.4,1102.4,65,139,1.0,M
74,SDC-VD1095770A,M-1430,item:734545,41.6,41.6,12,86,1.0,UN
74,SDC-1450,M-1430,item:773474,50204.5336,50204.5336,6,80,1.0,G
74,SDC-VD0951020A,M-1810,item:001757,15.521719,15.521719,74,148,1.0,KG
74,SDC-VD0519670A,M-1810,item:001848,8.148903,8.148903,16,90,1.0,KG
74,SDC-VD0951020A,M-1810,item:001848,3.492387,3.492387,109,183,1.0,KG
74,SDC-VD0910216A,M-1810,item:001893,51.609717,51.609717,31,105,1.0,KG
74,SDC-VD1091642A,M-1810,item:001893,14.745633,14.745633,33,107,1.0,KG
74,SDC-VD0518684A,M-1810,item:001893,7.372817,7.372817,51,125,1.0,KG
74,SDC-VD0910216A,M-1810,item:002612,6.565393,6.565393,27,101,1.0,KG
74,SDC-VD0990780A,M-1810,item:002612,3.88043,3.88043,70,144,1.0,KG
74,SDC-VD1091642A,M-1810,item:002612,0.970107,0.970107,53,127,1.0,KG
74,SDC-VD0500655A,M-1810,item:002612,0.970107,0.970107,19,93,1.0,KG
74,SDC-VD0990780A,M-1810,item:002612,7.016111,7.016111,70,144,1.0,KG
74,SDC-VD0514881A,M-1810,item:016332,4.656516,4.656516,42,116,1.0,KG
74,SDC-VD0519670A,M-1810,item:029313,0.388043,0.388043,65,139,1.0,KG
74,SDC-VD1096202A,M-1810,item:039668,0.388043,0.388043,23,97,1.0,KG
74,SDC-VD0520132A,M-1810,item:049371,14.35759,14.35759,137,211,1.0,KG
74,SDC-VD0914320A,M-1810,item:055703,0.54326,0.54326,42,116,1.0,KG
74,SDC-VD0964290A,M-1810,item:055703,0.232826,0.232826,29,103,1.0,KG
74,SDC-VD0505677A,M-1810,item:099439,19.402149,19.402149,47,121,1.0,KG
74,SDC-VD0901566A,M-1810,item:338928,10000.0,10000.0,77,151,1.0,UN
74,SDC-VD0914360C,M-1810,item:338929,9557.708901,9557.708901,14,88,1.0,UN
74,SDC-VD0989480A,M-1810,item:426331,105.134798,105.134798,25,99,1.0,UN
74,SDC-1450,M-1810,item:693055,3880.429814,3880.429814,68,142,1.0,G
74,M-1430,DC-1920,item:268967,5200.0,5200.0,3,77,1.0,UN
74,M-1810,DC-1920,item:268091,9557.708901,9557.708901,3,77,1.0,UN
74,DC-1920,C-XXXXX,item:268967,5200.0,5200.0,2,76,1.0,UN
74,DC-1920,C-XXXXX,item:268091,9571.293946,9571.293946,5,79,1.0,UN
74,SDC-VD0949099A,SDC-1450,item:021081,294.252983,309.739982,59,133,0.95,KG
74,SDC-VD0960508A,SDC-1450,item:021081,84.072281,84.072281,56,130,1.0,KG
74,SDC-VD0972460A,SDC-1450,item:021081,21.01807,21.01807,38,112,1.0,KG
74,SDC-VD0975221A,SDC-1450,item:021081,21.01807,21.01807,70,144,1.0,KG
74,SDC-1450,M-1810,item:007923,31043.438509,31043.438509,2,76,1.0,G
75,SDC-VD0914690A,M-1430,item:042342,313778.4,313778.4,21,96,1.0,UN
75,SDC-VD0525412A,M-1430,item:333362,5200.0,5200.0,40,115,1.0,UN
75,SDC-VD0993480A,M-1430,item:344135,5200.0,5200.0,25,100,1.0,UN
75,SDC-VD0520115A,M-1430,item:708073,41.236,41.236,21,96,1.0,KG
75,SDC-VD0508918A,M-1430,item:730384,1102.4,1102.4,29,104,1.0,M
75,SDC-VD1095770A,M-1430,item:734545,41.6,41.6,24,99,1.0,UN
75,SDC-1450,M-1430,item:773474,50204.5336,50204.5336,6,81,1.0,G
75,SDC-VD0951020A,M-1810,item:001757,15.520984,15.520984,68,143,1.0,KG
75,SDC-VD0519670A,M-1810,item:001848,8.148517,8.148517,10,85,1.0,KG
75,SDC-VD0951020A,M-1810,item:001848,3.492221,3.492221,53,128,1.0,KG
75,SDC-VD0910216A,M-1810,item:001893,35.028043,35.028043,56,131,1.0,KG
75,SDC-VD1091642A,M-1810,item:001893,14.744935,14.744935,49,124,1.0,KG
75,SDC-VD0518684A,M-1810,item:001893,7.372467,7.372467,64,139,1.0,KG
75,SDC-VD1091642A,M-1810,item:001893,16.579228,16.579228,79,154,1.0,KG
75,SDC-VD0910216A,M-1810,item:002612,7.113844,7.113844,39,114,1.0,KG
75,SDC-VD0990780A,M-1810,item:002612,3.880246,3.880246,60,135,1.0,KG
75,SDC-VD1091642A,M-1810,item:002612,0.970061,0.970061,42,117,1.0,KG
75,SDC-VD0500655A,M-1810,item:002612,0.970061,0.970061,19,94,1.0,KG
75,SDC-VD0990780A,M-1810,item:002612,6.467017,6.467017,26,101,1.0,KG
75,SDC-VD0514881A,M-1810,item:016332,4.656295,4.656295,38,113,1.0,KG
75,SDC-VD0519670A,M-1810,item:029313,0.388025,0.388025,23,98,1.0,KG
75,SDC-VD1096202A,M-1810,item:039668,0.388025,0.388025,38,113,1.0,KG
75,SDC-VD0520132A,M-1810,item:049371,14.35691,14.35691,84,159,1.0,KG
75,SDC-VD0914320A,M-1810,item:055703,0.543234,0.543234,12,87,1.0,KG
75,SDC-VD0964290A,M-1810,item:055703,0.232815,0.232815,21,96,1.0,KG
75,SDC-VD0505677A,M-1810,item:099439,19.40123,19.40123,21,96,1.0,KG
75,SDC-VD0901566A,M-1810,item:338928,10000.0,10000.0,40,115,1.0,UN
75,SDC-VD0914360C,M-1810,item:338929,9557.256066,9557.256066,27,102,1.0,UN
75,SDC-VD0989480A,M-1810,item:426331,105.129817,105.129817,32,107,1.0,UN
75,SDC-1450,M-1810,item:693055,3880.245963,3880.245963,96,171,1.0,G
75,M-1430,DC-1920,item:268967,5200.0,5200.0,3,78,1.0,UN
75,M-1810,DC-1920,item:268091,9557.256066,9557.256066,5,80,1.0,UN
75,DC-1920,C-XXXXX,item:268967,10400.0,10400.0,3,78,1.0,UN
75,SDC-VD0949099A,SDC-1450,item:021081,299.729062,315.504275,240,315,0.95,KG
75,SDC-VD0960508A,SDC-1450,item:021081,85.636875,85.636875,85,160,1.0,KG
75,SDC-VD0972460A,SDC-1450,item:021081,21.409219,21.409219,155,230,1.0,KG
75,SDC-VD0975221A,SDC-1450,item:021081,21.409219,21.409219,82,157,1.0,KG
75,SDC-1450,M-1810,item:007923,31041.967701,31041.967701,1,76,1.0,G
76,SDC-VD0914690A,M-1430,item:042342,313778.4,313778.4,8,84,1.0,UN
76,SDC-VD0525412A,M-1430,item:333362,5200.0,5200.0,100,176,1.0,UN
76,SDC-VD0993480A,M-1430,item:344135,5200.0,5200.0,62,138,1.0,UN
76,SDC-VD0520115A,M-1430,item:708073,41.236,41.236,20,96,1.0,KG
76,SDC-VD0508918A,M-1430,item:730384,1102.4,1102.4,32,108,1.0,M
76,SDC-VD1095770A,M-1430,item:734545,41.6,41.6,31,107,1.0,UN
76,SDC-1450,M-1430,item:773474,50204.5336,50204.5336,16,92,1.0,G
76,SDC-VD0951020A,M-1810,item:001757,15.520837,15.520837,42,118,1.0,KG
76,SDC-VD0519670A,M-1810,item:001848,8.148439,8.148439,26,102,1.0,KG
76,SDC-VD0951020A,M-1810,item:001848,3.492188,3.492188,28,104,1.0,KG
76,SDC-VD0910216A,M-1810,item:001893,27.449431,27.449431,25,101,1.0,KG
76,SDC-VD1091642A,M-1810,item:001893,14.744795,14.744795,26,102,1.0,KG
76,SDC-VD0518684A,M-1810,item:001893,7.372397,7.372397,36,112,1.0,KG
76,SDC-VD1091642A,M-1810,item:001893,24.157351,24.157351,28,104,1.0,KG
76,SDC-VD0910216A,M-1810,item:002612,7.223534,7.223534,13,89,1.0,KG
76,SDC-VD0990780A,M-1810,item:002612,3.880209,3.880209,46,122,1.0,KG
76,SDC-VD1091642A,M-1810,item:002612,0.970052,0.970052,33,109,1.0,KG
76,SDC-VD0500655A,M-1810,item:002612,0.970052,0.970052,6,82,1.0,KG
76,SDC-VD0990780A,M-1810,item:002612,6.357198,6.357198,18,94,1.0,KG
76,SDC-VD0514881A,M-1810,item:016332,4.656251,4.656251,59,135,1.0,KG
76,SDC-VD0519670A,M-1810,item:029313,0.388021,0.388021,42,118,1.0,KG
76,SDC-VD1096202A,M-1810,item:039668,0.388021,0.388021,13,89,1.0,KG
76,SDC-VD0520132A,M-1810,item:049371,14.356774,14.356774,121,197,1.0,KG
76,SDC-VD0914320A,M-1810,item:055703,0.543229,0.543229,14,90,1.0,KG
76,SDC-VD0964290A,M-1810,item:055703,0.232813,0.232813,67,143,1.0,KG
76,SDC-VD0505677A,M-1810,item:099439,19.401046,19.401046,20,96,1.0,KG
76,SDC-VD0901566A,M-1810,item:338928,10000.0,10000.0,49,125,1.0,UN
76,SDC-VD0914360C,M-1810,item:338929,9557.165499,9557.165499,45,121,1.0,UN
76,SDC-VD0989480A,M-1810,item:426331,105.12882,105.12882,49,125,1.0,UN
76,SDC-1450,M-1810,item:693055,3880.209192,3880.209192,66,142,1.0,G
76,M-1430,DC-1920,item:268967,5200.0,5200.0,2,78,1.0,UN
76,M-1810,DC-1920,item:268091,9557.165499,9557.165499,2,78,1.0,UN
76,DC-1920,C-XXXXX,item:268967,5200.0,5200.0,1,77,1.0,UN
76,SDC-VD0949099A,SDC-1450,item:021081,303.714459,319.699431,173,249,0.95,KG
76,SDC-VD0960508A,SDC-1450,item:021081,86.77556,86.77556,81,157,1.0,KG
76,SDC-VD0972460A,SDC-1450,item:021081,21.69389,21.69389,114,190,1.0,KG
76,SDC-VD0975221A,SDC-1450,item:021081,21.69389,21.69389,53,129,1.0,KG
76,SDC-1450,M-1810,item:007923,31041.67354,31041.67354,2,78,1.0,G
77,SDC-VD0914690A,M-1430,item:042342,300340.765742,300340.765742,16,93,1.0,UN
77,SDC-VD0525412A,M-1430,item:333362,4977.308769,4977.308769,27,104,1.0,UN
77,SDC-VD0993480A,M-1430,item:344135,4977.308769,4977.308769,41,118,1.0,UN
77,SDC-VD0520115A,M-1430,item:708073,39.470059,39.470059,23,100,1.0,KG
77,SDC-VD0508918A,M-1430,item:730384,1055.189459,1055.189459,60,137,1.0,M
77,SDC-VD1095770A,M-1430,item:734545,39.81847,39.81847,12,89,1.0,UN
77,SDC-1450,M-1430,item:773474,48054.512564,48054.512564,13,90,1.0,G
77,SDC-VD0951020A,M-1810,item:001757,18.157812,18.157812,45,122,1.0,KG
77,SDC-VD0519670A,M-1810,item:001848,9.532851,9.532851,36,113,1.0,KG
77,SDC-VD0951020A,M-1810,item:001848,4.085508,4.085508,76,153,1.0,KG
77,SDC-VD0910216A,M-1810,item:001893,27.532795,27.532795,44,121,1.0,KG
77,SDC-VD1091642A,M-1810,item:001893,17.249922,17.249922,28,105,1.0,KG
77,SDC-VD0518684A,M-1810,item:001893,8.624961,8.624961,84,161,1.0,KG
77,SDC-VD1091642A,M-1810,item:001893,32.84193,32.84193,42,119,1.0,KG
77,SDC-VD0910216A,M-1810,item:002612,7.245472,7.245472,33,110,1.0,KG
77,SDC-VD0990780A,M-1810,item:002612,4.539453,4.539453,14,91,1.0,KG
77,SDC-VD1091642A,M-1810,item:002612,1.134863,1.134863,18,95,1.0,KG
77,SDC-VD0500655A,M-1810,item:002612,1.134863,1.134863,9,86,1.0,KG
77,SDC-VD0990780A,M-1810,item:002612,8.642613,8.642613,48,125,1.0,KG
77,SDC-VD0514881A,M-1810,item:016332,5.447344,5.447344,54,131,1.0,KG
77,SDC-VD0519670A,M-1810,item:029313,0.453945,0.453945,112,189,1.0,KG
77,SDC-VD1096202A,M-1810,item:039668,0.453945,0.453945,14,91,1.0,KG
77,SDC-VD0520132A,M-1810,item:049371,16.795976,16.795976,294,371,1.0,KG
77,SDC-VD0914320A,M-1810,item:055703,0.635523,0.635523,29,106,1.0,KG
77,SDC-VD0964290A,M-1810,item:055703,0.272367,0.272367,34,111,1.0,KG
77,SDC-VD0505677A,M-1810,item:099439,22.697265,22.697265,43,120,1.0,KG
77,SDC-VD0901566A,M-1810,item:338928,10000.0,10000.0,56,133,1.0,UN
77,SDC-VD0914360C,M-1810,item:338929,11180.918814,11180.918814,62,139,1.0,UN
77,SDC-VD0989480A,M-1810,item:426331,122.990107,122.990107,13,90,1.0,UN
77,SDC-1450,M-1810,item:693055,4539.453039,4539.453039,40,117,1.0,G
77,M-1430,DC-1920,item:268967,4977.308769,4977.308769,2,79,1.0,UN
77,M-1810,DC-1920,item:268091,11180.918814,11180.918814,2,79,1.0,UN
77,DC-1920,C-XXXXX,item:268967,5200.0,5200.0,1,78,1.0,UN
77,DC-1920,C-XXXXX,item:268091,9557.708901,9557.708901,3,80,1.0,UN
77,SDC-VD0949099A,SDC-1450,item:021081,306.604641,322.741728,81,158,0.95,KG
77,SDC-VD0960508A,SDC-1450,item:021081,87.601326,87.601326,101,178,1.0,KG
77,SDC-VD0972460A,SDC-1450,item:021081,21.900332,21.900332,240,317,1.0,KG
77,SDC-VD0975221A,SDC-1450,item:021081,21.900332,21.900332,71,148,1.0,KG
77,SDC-1450,M-1810,item:007923,36315.624308,36315.624308,1,78,1.0,G
78,SDC-VD0914690A,M-1430,item:042342,285816.195413,285816.195413,22,100,1.0,UN
78,SDC-VD0525412A,M-1430,item:333362,4736.604611,4736.604611,61,139,1.0,UN
78,SDC-VD0993480A,M-1430,item:344135,4736.604611,4736.604611,27,105,1.0,UN
78,SDC-VD0520115A,M-1430,item:708073,37.561275,37.561275,56,134,1.0,KG
78,SDC-VD0508918A,M-1430,item:730384,1004.160177,1004.160177,47,125,1.0,M
78,SDC-VD1095770A,M-1430,item:734545,37.892837,37.892837,17,95,1.0,UN
78,SDC-1450,M-1430,item:773474,45730.581793,45730.581793,14,92,1.0,G
78,SDC-VD0951020A,M-1810,item:001757,18.685207,18.685207,102,180,1.0,KG
78,SDC-VD0519670A,M-1810,item:001848,9.809734,9.809734,18,96,1.0,KG
78,SDC-VD0951020A,M-1810,item:001848,4.204172,4.204172,34,112,1.0,KG
78,SDC-VD0910216A,M-1810,item:001893,27.549468,27.549468,33,111,1.0,KG
78,SDC-VD1091642A,M-1810,item:001893,17.750947,17.750947,27,105,1.0,KG
78,SDC-VD0518684A,M-1810,item:001893,8.875473,8.875473,45,123,1.0,KG
78,SDC-VD1091642A,M-1810,item:001893,34.578846,34.578846,38,116,1.0,KG
78,SDC-VD0910216A,M-1810,item:002612,7.24986,7.24986,28,106,1.0,KG
78,SDC-VD0990780A,M-1810,item:002612,4.671302,4.671302,45,123,1.0,KG
78,SDC-VD1091642A,M-1810,item:002612,1.167825,1.167825,25,103,1.0,KG
78,SDC-VD0500655A,M-1810,item:002612,1.167825,1.167825,56,134,1.0,KG
78,SDC-VD0990780A,M-1810,item:002612,9.099696,9.099696,56,134,1.0,KG
78,SDC-VD0514881A,M-1810,item:016332,5.605562,5.605562,26,104,1.0,KG
78,SDC-VD0519670A,M-1810,item:029313,0.46713,0.46713,87,165,1.0,KG
78,SDC-VD1096202A,M-1810,item:039668,0.46713,0.46713,31,109,1.0,KG
78,SDC-VD0520132A,M-1810,item:049371,17.283817,17.283817,140,218,1.0,KG
78,SDC-VD0914320A,M-1810,item:055703,0.653982,0.653982,12,90,1.0,KG
78,SDC-VD0964290A,M-1810,item:055703,0.280278,0.280278,76,154,1.0,KG
78,SDC-VD0505677A,M-1810,item:099439,23.356509,23.356509,46,124,1.0,KG
78,SDC-VD0901566A,M-1810,item:338928,10000.0,10000.0,22,100,1.0,UN
78,SDC-VD0914360C,M-1810,item:338929,11505.669477,11505.669477,33,111,1.0,UN
78,SDC-VD0989480A,M-1810,item:426331,126.562364,126.562364,29,107,1.0,UN
78,SDC-1450,M-1810,item:693055,4671.301808,4671.301808,76,154,1.0,G
78,M-1430,DC-1920,item:268967,4736.604611,4736.604611,2,80,1.0,UN
78,M-1810,DC-1920,item:268091,11505.669477,11505.669477,4,82,1.0,UN
78,DC-1920,C-XXXXX,item:268967,10400.0,10400.0,1,79,1.0,UN
78,DC-1920,C-XXXXX,item:268091,19117.138574,19117.138574,3,81,1.0,UN
78,SDC-VD0949099A,SDC-1450,item:021081,306.006777,322.112397,167,245,0.95,KG
78,SDC-VD0960508A,SDC-1450,item:021081,87.430508,87.430508,218,296,1.0,KG
78,SDC-VD0972460A,SDC-1450,item:021081,21.857627,21.857627,99,177,1.0,KG
78,SDC-VD0975221A,SDC-1450,item:021081,21.857627,21.857627,155,233,1.0,KG
78,SDC-1450,M-1810,item:007923,37370.414462,37370.414462,2,80,1.0,G
79,SDC-VD0914690A,M-1430,item:042342,282911.281348,282911.281348,42,121,1.0,UN
79,SDC-VD0525412A,M-1430,item:333362,4688.463779,4688.463779,64,143,1.0,UN
79,SDC-VD0993480A,M-1430,item:344135,4688.463779,4688.463779,27,106,1.0,UN
79,SDC-VD0520115A,M-1430,item:708073,37.179518,37.179518,10,89,1.0,KG
79,SDC-VD0508918A,M-1430,item:730384,993.954321,993.954321,42,121,1.0,M
79,SDC-VD1095770A,M-1430,item:734545,37.50771,37.50771,42,121,1.0,UN
79,SDC-1450,M-1430,item:773474,45265.795639,45265.795639,10,89,1.0,G
79,SDC-VD0951020A,M-1810,item:001757,18.790686,18.790686,82,161,1.0,KG
79,SDC-VD0519670A,M-1810,item:001848,9.86511,9.86511,22,101,1.0,KG
79,SDC-VD0951020A,M-1810,item:001848,4.227904,4.227904,40,119,1.0,KG
79,SDC-VD0910216A,M-1810,item:001893,27.552803,27.552803,43,122,1.0,KG
79,SDC-VD1091642A,M-1810,item:001893,17.851152,17.851152,20,99,1.0,KG
79,SDC-VD0518684A,M-1810,item:001893,8.925576,8.925576,28,107,1.0,KG
79,SDC-VD1091642A,M-1810,item:001893,34.926229,34.926229,24,103,1.0,KG
79,SDC-VD0910216A,M-1810,item:002612,7.250738,7.250738,50,129,1.0,KG
79,SDC-VD0990780A,M-1810,item:002612,4.697672,4.697672,18,97,1.0,KG
79,SDC-VD1091642A,M-1810,item:002612,1.174418,1.174418,20,99,1.0,KG
79,SDC-VD0500655A,M-1810,item:002612,1.174418,1.174418,11,90,1.0,KG
79,SDC-VD0990780A,M-1810,item:002612,9.191113,9.191113,42,121,1.0,KG
79,SDC-VD0514881A,M-1810,item:016332,5.637206,5.637206,72,151,1.0,KG
79,SDC-VD0519670A,M-1810,item:029313,0.469767,0.469767,112,191,1.0,KG
79,SDC-VD1096202A,M-1810,item:039668,0.469767,0.469767,15,94,1.0,KG
79,SDC-VD0520132A,M-1810,item:049371,17.381385,17.381385,136,215,1.0,KG
79,SDC-VD0914320A,M-1810,item:055703,0.657674,0.657674,19,98,1.0,KG
79,SDC-VD0964290A,M-1810,item:055703,0.28186,0.28186,57,136,1.0,KG
79,SDC-VD0505677A,M-1810,item:099439,23.488358,23.488358,19,98,1.0,KG
79,SDC-VD0901566A,M-1810,item:338928,10000.0,10000.0,32,111,1.0,UN
79,SDC-VD0914360C,M-1810,item:338929,11570.61961,11570.61961,15,94,1.0,UN
79,SDC-VD0989480A,M-1810,item:426331,127.276816,127.276816,25,104,1.0,UN
79,SDC-1450,M-1810,item:693055,4697.671562,4697.671562,95,174,1.0,G
79,M-1430,DC-1920,item:268967,4688.463779,4688.463779,3,82,1.0,UN
79,M-1810,DC-1920,item:268091,11570.61961,11570.61961,3,82,1.0,UN
79,DC-1920,C-XXXXX,item:268967,4977.308769,4977.308769,1,80,1.0,UN
79,DC-1920,C-XXXXX,item:268091,11180.918814,11180.918814,2,81,1.0,UN
79,SDC-VD0949099A,SDC-1450,item:021081,301.922245,317.81289,79,158,0.95,KG
79,SDC-VD0960508A,SDC-1450,item:021081,86.263499,86.263499,77,156,1.0,KG
79,SDC-VD0972460A,SDC-1450,item:021081,21.565875,21.565875,65,144,1.0,KG
79,SDC-VD0975221A,SDC-1450,item:021081,21.565875,21.565875,193,272,1.0,KG
79,SDC-1450,M-1810,item:007923,37581.372493,37581.372493,1,80,1.0,G
80,SDC-VD0914690A,M-1430,item:042342,282330.298535,282330.298535,23,103,1.0,UN
80,SDC-VD0525412A,M-1430,item:333362,4678.835613,4678.835613,108,188,1.0,UN
80,SDC-VD0993480A,M-1430,item:344135,4678.835613,4678.835613,70,150,1.0,UN
80,SDC-VD0520115A,M-1430,item:708073,37.103166,37.103166,16,96,1.0,KG
80,SDC-VD0508918A,M-1430,item:730384,991.91315,991.91315,112,192,1.0,M
80,SDC-VD1095770A,M-1430,item:734545,37.430685,37.430685,22,102,1.0,UN
80,SDC-1450,M-1430,item:773474,45172.838408,45172.838408,14,94,1.0,G
80,SDC-VD0951020A,M-1810,item:001757,18.811782,18.811782,51,131,1.0,KG
80,SDC-VD0519670A,M-1810,item:001848,9.876186,9.876186,19,99,1.0,KG
80,SDC-VD0951020A,M-1810,item:001848,4.232651,4.232651,57,137,1.0,KG
80,SDC-VD0910216A,M-1810,item:001893,37.329885,37.329885,56,136,1.0,KG
80,SDC-VD1091642A,M-1810,item:001893,17.871193,17.871193,84,164,1.0,KG
80,SDC-VD0518684A,M-1810,item:001893,8.935596,8.935596,89,169,1.0,KG
80,SDC-VD1091642A,M-1810,item:001893,25.21929,25.21929,40,120,1.0,KG
80,SDC-VD0910216A,M-1810,item:002612,9.823654,9.823654,38,118,1.0,KG
80,SDC-VD0990780A,M-1810,item:002612,4.702946,4.702946,16,96,1.0,KG
80,SDC-VD1091642A,M-1810,item:002612,1.175736,1.175736,21,101,1.0,KG
80,SDC-VD0500655A,M-1810,item:002612,1.175736,1.175736,47,127,1.0,KG
80,SDC-VD0990780A,M-1810,item:002612,6.636655,6.636655,22,102,1.0,KG
80,SDC-VD0514881A,M-1810,item:016332,5.643535,5.643535,22,102,1.0,KG
80,SDC-VD0519670A,M-1810,item:029313,0.470295,0.470295,57,137,1.0,KG
80,SDC-VD1096202A,M-1810,item:039668,0.470295,0.470295,28,108,1.0,KG
80,SDC-VD0520132A,M-1810,item:049371,17.400898,17.400898,218,298,1.0,KG
80,SDC-VD0914320A,M-1810,item:055703,0.658412,0.658412,8,88,1.0,KG
80,SDC-VD0964290A,M-1810,item:055703,0.282177,0.282177,59,139,1.0,KG
80,SDC-VD0505677A,M-1810,item:099439,23.514728,23.514728,30,110,1.0,KG
80,SDC-VD0901566A,M-1810,item:338928,10000.0,10000.0,63,143,1.0,UN
80,SDC-VD0914360C,M-1810,item:338929,11583.609636,11583.609636,35,115,1.0,UN
80,SDC-VD0989480A,M-1810,item:426331,127.419706,127.419706,5,85,1.0,UN
80,SDC-1450,M-1810,item:693055,4702.945512,4702.945512,75,155,1.0,G
80,M-1430,DC-1920,item:268967,4678.835613,4678.835613,4,84,1.0,UN
80,M-1810,DC-1920,item:268091,11583.609636,11583.609636,4,84,1.0,UN
80,DC-1920,C-XXXXX,item:268967,4736.604611,4736.604611,2,82,1.0,UN
80,DC-1920,C-XXXXX,item:268091,9557.256066,9557.256066,2,82,1.0,UN
80,SDC-VD0949099A,SDC-1450,item:021081,297.37556,313.026905,121,201,0.95,KG
80,SDC-VD0960508A,SDC-1450,item:021081,84.964446,84.964446,234,314,1.0,KG
80,SDC-VD0972460A,SDC-1450,item:021081,21.241111,21.241111,128,208,1.0,KG
80,SDC-VD0975221A,SDC-1450,item:021081,21.241111,21.241111,155,235,1.0,KG
80,SDC-1450,M-1810,item:007923,37623.564099,37623.564099,2,82,1.0,G
81,SDC-VD0914690A,M-1430,item:042342,282214.101972,282214.101972,18,99,1.0,UN
81,SDC-VD0525412A,M-1430,item:333362,4676.909979,4676.909979,51,132,1.0,UN
81,SDC-VD0993480A,M-1430,item:344135,4676.909979,4676.909979,70,151,1.0,UN
81,SDC-VD0520115A,M-1430,item:708073,37.087896,37.087896,12,93,1.0,KG
81,SDC-VD0508918A,M-1430,item:730384,991.504916,991.504916,34,115,1.0,M
81,SDC-VD1095770A,M-1430,item:734545,37.41528,37.41528,25,106,1.0,UN
81,SDC-1450,M-1430,item:773474,45154.246962,45154.246962,6,87,1.0,G
81,SDC-VD0951020A,M-1810,item:001757,18.816001,18.816001,99,180,1.0,KG
81,SDC-VD0519670A,M-1810,item:001848,9.878401,9.878401,20,101,1.0,KG
81,SDC-VD0951020A,M-1810,item:001848,4.2336,4.2336,28,109,1.0,KG
81,SDC-VD0910216A,M-1810,item:001893,39.285301,39.285301,7,88,1.0,KG
81,SDC-VD1091642A,M-1810,item:001893,17.875201,17.875201,41,122,1.0,KG
81,SDC-VD0518684A,M-1810,item:001893,8.937601,8.937601,49,130,1.0,KG
81,SDC-VD1091642A,M-1810,item:001893,23.277903,23.277903,39,120,1.0,KG
81,SDC-VD0910216A,M-1810,item:002612,10.338237,10.338237,35,116,1.0,KG
81,SDC-VD0990780A,M-1810,item:002612,4.704,4.704,38,119,1.0,KG
81,SDC-VD1091642A,M-1810,item:002612,1.176,1.176,26,107,1.0,KG
81,SDC-VD0500655A,M-1810,item:002612,1.176,1.176,19,100,1.0,KG
81,SDC-VD0990780A,M-1810,item:002612,6.125764,6.125764,42,123,1.0,KG
81,SDC-VD0514881A,M-1810,item:016332,5.6448,5.6448,43,124,1.0,KG
81,SDC-VD0519670A,M-1810,item:029313,0.4704,0.4704,57,138,1.0,KG
81,SDC-VD1096202A,M-1810,item:039668,0.4704,0.4704,60,141,1.0,KG
81,SDC-VD0520132A,M-1810,item:049371,17.404801,17.404801,68,149,1.0,KG
81,SDC-VD0914320A,M-1810,item:055703,0.65856,0.65856,15,96,1.0,KG
81,SDC-VD0964290A,M-1810,item:055703,0.28224,0.28224,36,117,1.0,KG
81,SDC-VD0505677A,M-1810,item:099439,23.520002,23.520002,30,111,1.0,KG
81,SDC-VD0901566A,M-1810,item:338928,10000.0,10000.0,74,155,1.0,UN
81,SDC-VD0914360C,M-1810,item:338929,11586.207642,11586.207642,32,113,1.0,UN
81,SDC-VD0989480A,M-1810,item:426331,127.448284,127.448284,16,97,1.0,UN
81,SDC-1450,M-1810,item:693055,4704.000303,4704.000303,120,201,1.0,G
81,M-1430,DC-1920,item:268967,4676.909979,4676.909979,2,83,1.0,UN
81,M-1810,DC-1920,item:268091,11586.207642,11586.207642,5,86,1.0,UN
81,SDC-VD0949099A,SDC-1450,item:021081,293.529435,308.978353,65,146,0.95,KG
81,SDC-VD0960508A,SDC-1450,item:021081,83.865553,83.865553,113,194,1.0,KG
81,SDC-VD0972460A,SDC-1450,item:021081,20.966388,20.966388,86,167,1.0,KG
81,SDC-VD0975221A,SDC-1450,item:021081,20.966388,20.966388,43,124,1.0,KG
81,SDC-1450,M-1810,item:007923,37632.00242,37632.00242,1,82,1.0,G
82,SDC-VD0914690A,M-1430,item:042342,282190.862659,282190.862659,14,96,1.0,UN
82,SDC-VD0525412A,M-1430,item:333362,4676.524853,4676.524853,120,202,1.0,UN
82,SDC-VD0993480A,M-1430,item:344135,4676.524853,4676.524853,21,103,1.0,UN
82,SDC-VD0520115A,M-1430,item:708073,37.084842,37.084842,9,91,1.0,KG
82,SDC-VD0508918A,M-1430,item:730384,991.423269,991.423269,73,155,1.0,M
82,SDC-VD1095770A,M-1430,item:734545,37.412199,37.412199,14,96,1.0,UN
82,SDC-1450,M-1430,item:773474,45150.528672,45150.528672,10,92,1.0,G
82,SDC-VD0951020A,M-1810,item:001757,18.816845,18.816845,126,208,1.0,KG
82,SDC-VD0519670A,M-1810,item:001848,9.878844,9.878844,17,99,1.0,KG
82,SDC-VD0951020A,M-1810,item:001848,4.23379,4.23379,36,118,1.0,KG
82,SDC-VD0910216A,M-1810,item:001893,39.676385,39.676385,18,100,1.0,KG
82,SDC-VD1091642A,M-1810,item:001893,17.876003,17.876003,61,143,1.0,KG
82,SDC-VD0518684A,M-1810,item:001893,8.938001,8.938001,49,131,1.0,KG
82,SDC-VD1091642A,M-1810,item:001893,22.889625,22.889625,84,166,1.0,KG
82,SDC-VD0910216A,M-1810,item:002612,10.441154,10.441154,26,108,1.0,KG
82,SDC-VD0990780A,M-1810,item:002612,4.704211,4.704211,55,137,1.0,KG
82,SDC-VD1091642A,M-1810,item:002612,1.176053,1.176053,32,114,1.0,KG
82,SDC-VD0500655A,M-1810,item:002612,1.176053,1.176053,54,136,1.0,KG
82,SDC-VD0990780A,M-1810,item:002612,3.574412,3.574412,32,114,1.0,KG
82,SDC-VD1091642A,M-1810,item:002612,2.449174,2.449174,36,118,1.0,KG
82,SDC-VD0514881A,M-1810,item:016332,5.645054,5.645054,23,105,1.0,KG
82,SDC-VD0519670A,M-1810,item:029313,0.470421,0.470421,50,132,1.0,KG
82,SDC-VD1096202A,M-1810,item:039668,0.470421,0.470421,54,136,1.0,KG
82,SDC-VD0520132A,M-1810,item:049371,17.405582,17.405582,94,176,1.0,KG
82,SDC-VD0914320A,M-1810,item:055703,0.65859,0.65859,16,98,1.0,KG
82,SDC-VD0964290A,M-1810,item:055703,0.282253,0.282253,21,103,1.0,KG
82,SDC-VD0505677A,M-1810,item:099439,23.521056,23.521056,11,93,1.0,KG
82,SDC-VD0901566A,M-1810,item:338928,10000.0,10000.0,91,173,1.0,UN
82,SDC-VD0914360C,M-1810,item:338929,11586.727243,11586.727243,46,128,1.0,UN
82,SDC-VD0989480A,M-1810,item:426331,127.454,127.454,50,132,1.0,UN
82,SDC-1450,M-1810,item:693055,4704.211261,4704.211261,51,133,1.0,G
82,M-1430,DC-1920,item:268967,4676.524853,4676.524853,2,84,1.0,UN
82,M-1810,DC-1920,item:268091,11586.727243,11586.727243,2,84,1.0,UN
82,DC-1920,C-XXXXX,item:268967,4688.463779,4688.463779,3,85,1.0,UN
82,DC-1920,C-XXXXX,item:268091,23076.289087,23076.289087,2,84,1.0,UN
82,SDC-VD0949099A,SDC-1450,item:021081,290.569379,305.862504,108,190,0.95,KG
82,SDC-VD0960508A,SDC-1450,item:021081,83.019822,83.019822,142,224,1.0,KG
82,SDC-VD0972460A,SDC-1450,item:021081,20.754956,20.754956,74,156,1.0,KG
82,SDC-VD0975221A,SDC-1450,item:021081,20.754956,20.754956,155,237,1.0,KG
82,SDC-1450,M-1810,item:007923,37633.690084,37633.690084,1,83,1.0,G
83,SDC-VD0914690A,M-1430,item:042342,282186.214797,282186.214797,21,104,1.0,UN
83,SDC-VD0525412A,M-1430,item:333362,4676.447827,4676.447827,64,147,1.0,UN
83,SDC-VD0993480A,M-1430,item:344135,4676.447827,4676.447827,27,110,1.0,UN
83,SDC-VD0520115A,M-1430,item:708073,37.084231,37.084231,33,116,1.0,KG
83,SDC-VD0508918A,M-1430,item:730384,991.406939,991.406939,25,108,1.0,M
83,SDC-VD1095770A,M-1430,item:734545,37.411583,37.411583,14,97,1.0,UN
83,SDC-1450,M-1430,item:773474,45149.785015,45149.785015,2,85,1.0,G
83,SDC-VD0951020A,M-1810,item:001757,18.817014,18.817014,123,206,1.0,KG
83,SDC-VD0519670A,M-1810,item:001848,9.878932,9.878932,12,95,1.0,KG
83,SDC-VD0951020A,M-1810,item:001848,4.233828,4.233828,84,167,1.0,KG
83,SDC-VD0910216A,M-1810,item:001893,39.754601,39.754601,36,119,1.0,KG
83,SDC-VD1091642A,M-1810,item:001893,17.876163,17.876163,60,143,1.0,KG
83,SDC-VD0518684A,M-1810,item:001893,8.938082,8.938082,69,152,1.0,KG
83,SDC-VD1091642A,M-1810,item:001893,22.81197,22.81197,23,106,1.0,KG
83,SDC-VD0910216A,M-1810,item:002612,10.461737,10.461737,37,120,1.0,KG
83,SDC-VD0990780A,M-1810,item:002612,2.989068,2.989068,23,106,1.0,KG
83,SDC-VD1091642A,M-1810,item:002612,1.176063,1.176063,27,110,1.0,KG
83,SDC-VD0500655A,M-1810,item:002612,1.176063,1.176063,31,114,1.0,KG
83,SDC-VD1091642A,M-1810,item:002612,7.718336,7.718336,40,123,1.0,KG
83,SDC-VD0514881A,M-1810,item:016332,5.645104,5.645104,66,149,1.0,KG
83,SDC-VD0519670A,M-1810,item:029313,0.470425,0.470425,79,162,1.0,KG
83,SDC-VD1096202A,M-1810,item:039668,0.470425,0.470425,31,114,1.0,KG
83,SDC-VD0520132A,M-1810,item:049371,17.405738,17.405738,113,196,1.0,KG
83,SDC-VD0914320A,M-1810,item:055703,0.658595,0.658595,9,92,1.0,KG
83,SDC-VD0964290A,M-1810,item:055703,0.282255,0.282255,33,116,1.0,KG
83,SDC-VD0505677A,M-1810,item:099439,23.521267,23.521267,26,109,1.0,KG
83,SDC-VD0901566A,M-1810,item:338928,10000.0,10000.0,65,148,1.0,UN
83,SDC-VD0914360C,M-1810,item:338929,11586.831163,11586.831163,41,124,1.0,UN
83,SDC-VD0989480A,M-1810,item:426331,127.455143,127.455143,35,118,1.0,UN
83,SDC-1450,M-1810,item:693055,4704.253452,4704.253452,36,119,1.0,G
83,M-1430,DC-1920,item:268967,4676.447827,4676.447827,3,86,1.0,UN
83,M-1810,DC-1920,item:268091,11586.831163,11586.831163,4,87,1.0,UN
83,DC-1920,C-XXXXX,item:268967,4676.909979,4676.909979,4,87,1.0,UN
83,SDC-VD0949099A,SDC-1450,item:021081,288.373893,303.551467,96,179,0.95,KG
83,SDC-VD0960508A,SDC-1450,item:021081,82.392541,82.392541,206,289,1.0,KG
83,SDC-VD0972460A,SDC-1450,item:021081,20.598135,20.598135,71,154,1.0,KG
83,SDC-VD0975221A,SDC-1450,item:021081,20.598135,20.598135,93,176,1.0,KG
83,SDC-1450,M-1810,item:007923,37634.027617,37634.027617,2,85,1.0,G
84,SDC-VD0914690A,M-1430,item:042342,273792.575094,273792.575094,11,95,1.0,UN
84,SDC-VD0525412A,M-1430,item:333362,4537.346709,4537.346709,25,109,1.0,UN
84,SDC-VD0993480A,M-1430,item:344135,4537.346709,4537.346709,48,132,1.0,UN
84,SDC-VD0520115A,M-1430,item:708073,35.981159,35.981159,36,120,1.0,KG
84,SDC-VD0508918A,M-1430,item:730384,961.917502,961.917502,17,101,1.0,M
84,SDC-VD1095770A,M-1430,item:734545,36.298774,36.298774,23,107,1.0,UN
84,SDC-1450,M-1430,item:773474,43806.80294,43806.80294,17,101,1.0,G
84,SDC-VD0951020A,M-1810,item:001757,19.3256,19.3256,81,165,1.0,KG
84,SDC-VD0519670A,M-1810,item:001848,10.14594,10.14594,38,122,1.0,KG
84,SDC-VD0951020A,M-1810,item:001848,4.34826,4.34826,42,126,1.0,KG
84,SDC-VD0910216A,M-1810,item:001893,39.770245,39.770245,16,100,1.0,KG
84,SDC-VD1091642A,M-1810,item:001893,18.35932,18.35932,31,115,1.0,KG
84,SDC-VD0518684A,M-1810,item:001893,9.17966,9.17966,73,157,1.0,KG
84,SDC-VD1091642A,M-1810,item:001893,24.487375,24.487375,62,146,1.0,KG
84,SDC-VD0910216A,M-1810,item:002612,10.465854,10.465854,60,144,1.0,KG
84,SDC-VD0990780A,M-1810,item:002612,2.990244,2.990244,16,100,1.0,KG
84,SDC-VD1091642A,M-1810,item:002612,1.20785,1.20785,16,100,1.0,KG
84,SDC-VD0500655A,M-1810,item:002612,1.20785,1.20785,28,112,1.0,KG
84,SDC-VD1091642A,M-1810,item:002612,8.285202,8.285202,70,154,1.0,KG
84,SDC-VD0514881A,M-1810,item:016332,5.79768,5.79768,73,157,1.0,KG
84,SDC-VD0519670A,M-1810,item:029313,0.48314,0.48314,47,131,1.0,KG
84,SDC-VD1096202A,M-1810,item:039668,0.48314,0.48314,61,145,1.0,KG
84,SDC-VD0520132A,M-1810,item:049371,17.87618,17.87618,54,138,1.0,KG
84,SDC-VD0914320A,M-1810,item:055703,0.676396,0.676396,13,97,1.0,KG
84,SDC-VD0964290A,M-1810,item:055703,0.289884,0.289884,49,133,1.0,KG
84,SDC-VD0505677A,M-1810,item:099439,24.157,24.157,70,154,1.0,KG
84,SDC-VD0901566A,M-1810,item:338928,10000.0,10000.0,63,147,1.0,UN
84,SDC-VD0914360C,M-1810,item:338929,11900.0,11900.0,33,117,1.0,UN
84,SDC-VD0989480A,M-1810,item:426331,130.9,130.9,32,116,1.0,UN
84,SDC-1450,M-1810,item:693055,4831.4,4831.4,95,179,1.0,G
84,M-1430,DC-1920,item:268967,4537.346709,4537.346709,3,87,1.0,UN
84,M-1810,DC-1920,item:268091,11900.0,11900.0,3,87,1.0,UN
84,DC-1920,C-XXXXX,item:268967,9355.360465,9355.360465,3,87,1.0,UN
84,DC-1920,C-XXXXX,item:268091,23170.336879,23170.336879,2,86,1.0,UN
84,SDC-VD0949099A,SDC-1450,item:021081,286.769489,301.86262,128,212,0.95,KG
84,SDC-VD0960508A,SDC-1450,item:021081,81.93414,81.93414,125,209,1.0,KG
84,SDC-VD0972460A,SDC-1450,item:021081,20.483535,20.483535,66,150,1.0,KG
84,SDC-VD0975221A,SDC-1450,item:021081,20.483535,20.483535,84,168,1.0,KG
84,SDC-1450,M-1810,item:007923,38651.2,38651.2,2,86,1.0,G
85,SDC-VD0914690A,M-1430,item:042342,272113.847154,272113.847154,32,117,1.0,UN
85,SDC-VD0525412A,M-1430,item:333362,4509.526485,4509.526485,79,164,1.0,UN
85,SDC-VD0993480A,M-1430,item:344135,4509.526485,4509.526485,40,125,1.0,UN
85,SDC-VD0520115A,M-1430,item:708073,35.760545,35.760545,31,116,1.0,KG
85,SDC-VD0508918A,M-1430,item:730384,956.019615,956.019615,101,186,1.0,M
85,SDC-VD1095770A,M-1430,item:734545,36.076212,36.076212,17,102,1.0,UN
85,SDC-1450,M-1430,item:773474,43538.206526,43538.206526,8,93,1.0,G
85,SDC-VD0951020A,M-1810,item:001757,19.3256,19.3256,43,128,1.0,KG
85,SDC-VD0519670A,M-1810,item:001848,10.14594,10.14594,24,109,1.0,KG
85,SDC-VD0951020A,M-1810,item:001848,4.34826,4.34826,67,152,1.0,KG
85,SDC-VD0910216A,M-1810,item:001893,39.773373,39.773373,54,139,1.0,KG
85,SDC-VD1091642A,M-1810,item:001893,18.35932,18.35932,75,160,1.0,KG
85,SDC-VD0518684A,M-1810,item:001893,9.17966,9.17966,60,145,1.0,KG
85,SDC-VD1091642A,M-1810,item:001893,24.484247,24.484247,33,118,1.0,KG
85,SDC-VD0910216A,M-1810,item:002612,10.466677,10.466677,26,111,1.0,KG
85,SDC-VD0990780A,M-1810,item:002612,2.990479,2.990479,70,155,1.0,KG
85,SDC-VD1091642A,M-1810,item:002612,1.20785,1.20785,58,143,1.0,KG
85,SDC-VD0500655A,M-1810,item:002612,1.20785,1.20785,17,102,1.0,KG
85,SDC-VD1091642A,M-1810,item:002612,8.284144,8.284144,70,155,1.0,KG
85,SDC-VD0514881A,M-1810,item:016332,5.79768,5.79768,42,127,1.0,KG
85,SDC-VD0519670A,M-1810,item:029313,0.48314,0.48314,23,108,1.0,KG
85,SDC-VD1096202A,M-1810,item:039668,0.48314,0.48314,44,129,1.0,KG
85,SDC-VD0520132A,M-1810,item:049371,17.87618,17.87618,148,233,1.0,KG
85,SDC-VD0914320A,M-1810,item:055703,0.676396,0.676396,9,94,1.0,KG
85,SDC-VD0964290A,M-1810,item:055703,0.289884,0.289884,45,130,1.0,KG
85,SDC-VD0505677A,M-1810,item:099439,24.157,24.157,59,144,1.0,KG
85,SDC-VD0901566A,M-1810,item:338928,10000.0,10000.0,140,225,1.0,UN
85,SDC-VD0914360C,M-1810,item:338929,11900.0,11900.0,47,132,1.0,UN
85,SDC-VD0989480A,M-1810,item:426331,130.9,130.9,52,137,1.0,UN
85,SDC-1450,M-1810,item:693055,4831.4,4831.4,79,164,1.0,G
85,M-1430,DC-1920,item:268967,4509.526485,4509.526485,2,87,1.0,UN
85,M-1810,DC-1920,item:268091,11900.0,11900.0,2,87,1.0,UN
85,SDC-VD0949099A,SDC-1450,item:021081,283.923304,298.866636,50,135,0.95,KG
85,SDC-VD0960508A,SDC-1450,item:021081,81.120944,81.120944,90,175,1.0,KG
85,SDC-VD0972460A,SDC-1450,item:021081,20.280236,20.280236,183,268,1.0,KG
85,SDC-VD0975221A,SDC-1450,item:021081,20.280236,20.280236,114,199,1.0,KG
85,SDC-1450,M-1810,item:007923,38651.2,38651.2,2,87,1.0,G
86,SDC-VD0914690A,M-1430,item:042342,271778.101566,271778.101566,13,99,1.0,UN
86,SDC-VD0525412A,M-1430,item:333362,4503.96244,4503.96244,14,100,1.0,UN
86,SDC-VD0993480A,M-1430,item:344135,4503.96244,4503.96244,17,103,1.0,UN
86,SDC-VD0520115A,M-1430,item:708073,35.716422,35.716422,32,118,1.0,KG
86,SDC-VD0508918A,M-1430,item:730384,954.840037,954.840037,109,195,1.0,M
86,SDC-VD1095770A,M-1430,item:734545,36.0317,36.0317,16,102,1.0,UN
86,SDC-1450,M-1430,item:773474,43484.487243,43484.487243,8,94,1.0,G
86,SDC-VD0951020A,M-1810,item:001757,19.3256,19.3256,30,116,1.0,KG
86,SDC-VD0519670A,M-1810,item:001848,9.489632,9.489632,38,124,1.0,KG
86,SDC-VD0951020A,M-1810,item:001848,4.34826,4.34826,110,196,1.0,KG
86,SDC-VD0951020A,M-1810,item:001848,0.656308,0.656308,18,104,1.0,KG
86,SDC-VD0910216A,M-1810,item:001893,39.773999,39.773999,40,126,1.0,KG
86,SDC-VD1091642A,M-1810,item:001893,18.35932,18.35932,16,102,1.0,KG
86,SDC-VD0518684A,M-1810,item:001893,9.17966,9.17966,77,163,1.0,KG
86,SDC-VD1091642A,M-1810,item:001893,24.483621,24.483621,42,128,1.0,KG
86,SDC-VD0910216A,M-1810,item:002612,10.466842,10.466842,31,117,1.0,KG
86,SDC-VD0990780A,M-1810,item:002612,2.990526,2.990526,14,100,1.0,KG
86,SDC-VD1091642A,M-1810,item:002612,1.20785,1.20785,36,122,1.0,KG
86,SDC-VD0500655A,M-1810,item:002612,1.20785,1.20785,32,118,1.0,KG
86,SDC-VD1091642A,M-1810,item:002612,8.283932,8.283932,23,109,1.0,KG
86,SDC-VD0514881A,M-1810,item:016332,5.79768,5.79768,69,155,1.0,KG
86,SDC-VD0519670A,M-1810,item:029313,0.48314,0.48314,60,146,1.0,KG
86,SDC-VD1096202A,M-1810,item:039668,0.48314,0.48314,32,118,1.0,KG
86,SDC-VD0520132A,M-1810,item:049371,17.87618,17.87618,97,183,1.0,KG
86,SDC-VD0914320A,M-1810,item:055703,0.676396,0.676396,42,128,1.0,KG
86,SDC-VD0964290A,M-1810,item:055703,0.289884,0.289884,28,114,1.0,KG
86,SDC-VD0505677A,M-1810,item:099439,24.157,24.157,21,107,1.0,KG
86,SDC-VD0901566A,M-1810,item:338928,10000.0,10000.0,50,136,1.0,UN
86,SDC-VD0914360C,M-1810,item:338929,11900.0,11900.0,56,142,1.0,UN
86,SDC-VD0989480A,M-1810,item:426331,130.9,130.9,14,100,1.0,UN
86,SDC-1450,M-1810,item:693055,4831.4,4831.4,46,132,1.0,G
86,M-1430,DC-1920,item:268967,4503.96244,4503.96244,3,89,1.0,UN
86,M-1810,DC-1920,item:268091,11900.0,11900.0,3,89,1.0,UN
86,DC-1920,C-XXXXX,item:268967,4676.447827,4676.447827,4,90,1.0,UN
86,DC-1920,C-XXXXX,item:268091,11586.207642,11586.207642,1,87,1.0,UN
86,SDC-VD0949099A,SDC-1450,item:021081,281.061826,295.854554,87,173,0.95,KG
86,SDC-VD0960508A,SDC-1450,item:021081,80.303379,80.303379,100,186,1.0,KG
86,SDC-VD0972460A,SDC-1450,item:021081,20.075845,20.075845,45,131,1.0,KG
86,SDC-VD0975221A,SDC-1450,item:021081,20.075845,20.075845,105,191,1.0,KG
86,SDC-1450,M-1810,item:007923,38651.2,38651.2,1,87,1.0,G
87,SDC-VD0914690A,M-1430,item:042342,271710.952448,271710.952448,20,107,1.0,UN
87,SDC-VD0525412A,M-1430,item:333362,4502.849631,4502.849631,74,161,1.0,UN
87,SDC-VD0993480A,M-1430,item:344135,4502.849631,4502.849631,37,124,1.0,UN
87,SDC-VD0520115A,M-1430,item:708073,35.707598,35.707598,20,107,1.0,KG
87,SDC-VD0508918A,M-1430,item:730384,954.604122,954.604122,74,161,1.0,M
87,SDC-VD1095770A,M-1430,item:734545,36.022797,36.022797,11,98,1.0,UN
87,SDC-1450,M-1430,item:773474,43473.743386,43473.743386,9,96,1.0,G
87,SDC-VD0951020A,M-1810,item:001757,19.3256,19.3256,37,124,1.0,KG
87,SDC-VD0519670A,M-1810,item:001848,6.022852,6.022852,28,115,1.0,KG
87,SDC-VD0951020A,M-1810,item:001848,4.34826,4.34826,59,146,1.0,KG
87,SDC-VD0951020A,M-1810,item:001848,4.123088,4.123088,65,152,1.0,KG
87,SDC-VD0910216A,M-1810,item:001893,38.63912,38.63912,32,119,1.0,KG
87,SDC-VD1091642A,M-1810,item:001893,18.35932,18.35932,42,129,1.0,KG
87,SDC-VD0518684A,M-1810,item:001893,9.17966,9.17966,86,173,1.0,KG
87,SDC-VD1091642A,M-1810,item:001893,25.6185,25.6185,84,171,1.0,KG
87,SDC-VD0910216A,M-1810,item:002612,10.168189,10.168189,20,107,1.0,KG
87,SDC-VD0990780A,M-1810,item:002612,2.905197,2.905197,55,142,1.0,KG
87,SDC-VD1091642A,M-1810,item:002612,1.20785,1.20785,42,129,1.0,KG
87,SDC-VD0500655A,M-1810,item:002612,1.20785,1.20785,20,107,1.0,KG
87,SDC-VD1091642A,M-1810,item:002612,8.667914,8.667914,49,136,1.0,KG
87,SDC-VD0514881A,M-1810,item:016332,5.79768,5.79768,77,164,1.0,KG
87,SDC-VD0519670A,M-1810,item:029313,0.48314,0.48314,56,143,1.0,KG
87,SDC-VD1096202A,M-1810,item:039668,0.48314,0.48314,70,157,1.0,KG
87,SDC-VD0520132A,M-1810,item:049371,17.87618,17.87618,242,329,1.0,KG
87,SDC-VD0914320A,M-1810,item:055703,0.676396,0.676396,40,127,1.0,KG
87,SDC-VD0964290A,M-1810,item:055703,0.289884,0.289884,68,155,1.0,KG
87,SDC-VD0505677A,M-1810,item:099439,24.157,24.157,11,98,1.0,KG
87,SDC-VD0901566A,M-1810,item:338928,10000.0,10000.0,43,130,1.0,UN
87,SDC-VD0914360C,M-1810,item:338929,11900.0,11900.0,44,131,1.0,UN
87,SDC-VD0989480A,M-1810,item:426331,130.9,130.9,28,115,1.0,UN
87,SDC-1450,M-1810,item:693055,4831.4,4831.4,65,152,1.0,G
87,M-1430,DC-1920,item:268967,4502.849631,4502.849631,2,89,1.0,UN
87,M-1810,DC-1920,item:268091,11900.0,11900.0,4,91,1.0,UN
87,DC-1920,C-XXXXX,item:268967,9046.873194,9046.873194,3,90,1.0,UN
87,DC-1920,C-XXXXX,item:268091,35386.831163,35386.831163,3,90,1.0,UN
87,SDC-VD0949099A,SDC-1450,item:021081,278.702349,293.370894,217,304,0.95,KG
87,SDC-VD0960508A,SDC-1450,item:021081,79.629243,79.629243,59,146,1.0,KG
87,SDC-VD0972460A,SDC-1450,item:021081,19.907311,19.907311,82,169,1.0,KG
87,SDC-VD0975221A,SDC-1450,item:021081,19.907311,19.907311,36,123,1.0,KG
87,SDC-1450,M-1810,item:007923,38651.2,38651.2,2,89,1.0,G
88,SDC-VD0914690A,M-1430,item:042342,271697.522625,271697.522625,42,130,1.0,UN
88,SDC-VD0525412A,M-1430,item:333362,4502.627069,4502.627069,72,160,1.0,UN
88,SDC-VD0993480A,M-1430,item:344135,4502.627069,4502.627069,28,116,1.0,UN
88,SDC-VD0520115A,M-1430,item:708073,35.705833,35.705833,5,93,1.0,KG
88,SDC-VD0508918A,M-1430,item:730384,954.556939,954.556939,76,164,1.0,M
88,SDC-VD1095770A,M-1430,item:734545,36.021017,36.021017,24,112,1.0,UN
88,SDC-1450,M-1430,item:773474,43471.594615,43471.594615,9,97,1.0,G
88,SDC-VD0951020A,M-1810,item:001757,19.3256,19.3256,158,246,1.0,KG
88,SDC-VD0519670A,M-1810,item:001848,6.02025,6.02025,8,96,1.0,KG
88,SDC-VD0951020A,M-1810,item:001848,4.34826,4.34826,67,155,1.0,KG
88,SDC-VD0951020A,M-1810,item:001848,4.12569,4.12569,69,157,1.0,KG
88,SDC-VD0910216A,M-1810,item:001893,38.227129,38.227129,43,131,1.0,KG
88,SDC-VD1091642A,M-1810,item:001893,18.35932,18.35932,40,128,1.0,KG
88,SDC-VD0518684A,M-1810,item:001893,9.17966,9.17966,83,171,1.0,KG
88,SDC-VD1091642A,M-1810,item:001893,26.030491,26.030491,63,151,1.0,KG
88,SDC-VD0910216A,M-1810,item:002612,10.059771,10.059771,70,158,1.0,KG
88,SDC-VD0990780A,M-1810,item:002612,2.87422,2.87422,21,109,1.0,KG
88,SDC-VD1091642A,M-1810,item:002612,1.20785,1.20785,14,102,1.0,KG
88,SDC-VD0500655A,M-1810,item:002612,1.20785,1.20785,21,109,1.0,KG
88,SDC-VD1091642A,M-1810,item:002612,8.807309,8.807309,25,113,1.0,KG
88,SDC-VD0514881A,M-1810,item:016332,5.79768,5.79768,98,186,1.0,KG
88,SDC-VD0519670A,M-1810,item:029313,0.48314,0.48314,35,123,1.0,KG
88,SDC-VD1096202A,M-1810,item:039668,0.48314,0.48314,16,104,1.0,KG
88,SDC-VD0520132A,M-1810,item:049371,17.87618,17.87618,49,137,1.0,KG
88,SDC-VD0914320A,M-1810,item:055703,0.676396,0.676396,18,106,1.0,KG
88,SDC-VD0964290A,M-1810,item:055703,0.289884,0.289884,57,145,1.0,KG
88,SDC-VD0505677A,M-1810,item:099439,24.157,24.157,34,122,1.0,KG
88,SDC-VD0901566A,M-1810,item:338928,10000.0,10000.0,60,148,1.0,UN
88,SDC-VD0914360C,M-1810,item:338929,11900.0,11900.0,24,112,1.0,UN
88,SDC-VD0989480A,M-1810,item:426331,130.9,130.9,15,103,1.0,UN
88,SDC-1450,M-1810,item:693055,4831.4,4831.4,81,169,1.0,G
88,M-1430,DC-1920,item:268967,4502.627069,4502.627069,2,90,1.0,UN
88,M-1810,DC-1920,item:268091,11900.0,11900.0,3,91,1.0,UN
88,SDC-VD0949099A,SDC-1450,item:021081,276.901721,291.475496,134,222,0.95,KG
88,SDC-VD0960508A,SDC-1450,item:021081,79.114778,79.114778,22,110,1.0,KG
88,SDC-VD0972460A,SDC-1450,item:021081,19.778694,19.778694,141,229,1.0,KG
88,SDC-VD0975221A,SDC-1450,item:021081,19.778694,19.778694,52,140,1.0,KG
88,SDC-1450,M-1810,item:007923,38651.2,38651.2,1,89,1.0,G
89,SDC-VD0914690A,M-1430,item:042342,271694.83666,271694.83666,20,109,1.0,UN
89,SDC-VD0525412A,M-1430,item:333362,4502.582557,4502.582557,25,114,1.0,UN
89,SDC-VD0993480A,M-1430,item:344135,4502.582557,4502.582557,10,99,1.0,UN
89,SDC-VD0520115A,M-1430,item:708073,35.70548,35.70548,15,104,1.0,KG
89,SDC-VD0508918A,M-1430,item:730384,954.547502,954.547502,60,149,1.0,M
89,SDC-VD1095770A,M-1430,item:734545,36.02066,36.02066,7,96,1.0,UN
89,SDC-1450,M-1430,item:773474,43471.16486,43471.16486,22,111,1.0,G
89,SDC-VD0951020A,M-1810,item:001757,19.3256,19.3256,84,173,1.0,KG
89,SDC-VD0519670A,M-1810,item:001848,6.01973,6.01973,6,95,1.0,KG
89,SDC-VD0951020A,M-1810,item:001848,4.34826,4.34826,42,131,1.0,KG
89,SDC-VD0951020A,M-1810,item:001848,4.12621,4.12621,90,179,1.0,KG
89,SDC-VD0910216A,M-1810,item:001893,38.14473,38.14473,47,136,1.0,KG
89,SDC-VD1091642A,M-1810,item:001893,18.35932,18.35932,20,109,1.0,KG
89,SDC-VD0518684A,M-1810,item:001893,9.17966,9.17966,97,186,1.0,KG
89,SDC-VD1091642A,M-1810,item:001893,26.11289,26.11289,41,130,1.0,KG
89,SDC-VD0910216A,M-1810,item:002612,10.038087,10.038087,24,113,1.0,KG
89,SDC-VD0990780A,M-1810,item:002612,2.868025,2.868025,12,101,1.0,KG
89,SDC-VD1091642A,M-1810,item:002612,1.20785,1.20785,63,152,1.0,KG
89,SDC-VD0500655A,M-1810,item:002612,1.20785,1.20785,21,110,1.0,KG
89,SDC-VD1091642A,M-1810,item:002612,8.835188,8.835188,18,107,1.0,KG
89,SDC-VD0514881A,M-1810,item:016332,5.79768,5.79768,11,100,1.0,KG
89,SDC-VD0519670A,M-1810,item:029313,0.48314,0.48314,35,124,1.0,KG
89,SDC-VD1096202A,M-1810,item:039668,0.48314,0.48314,54,143,1.0,KG
89,SDC-VD0520132A,M-1810,item:049371,17.87618,17.87618,216,305,1.0,KG
89,SDC-VD0914320A,M-1810,item:055703,0.676396,0.676396,31,120,1.0,KG
89,SDC-VD0964290A,M-1810,item:055703,0.289884,0.289884,31,120,1.0,KG
89,SDC-VD0505677A,M-1810,item:099439,24.157,24.157,59,148,1.0,KG
89,SDC-VD0901566A,M-1810,item:338928,10000.0,10000.0,40,129,1.0,UN
89,SDC-VD0914360C,M-1810,item:338929,11900.0,11900.0,26,115,1.0,UN
89,SDC-VD0989480A,M-1810,item:426331,130.9,130.9,35,124,1.0,UN
89,SDC-1450,M-1810,item:693055,4831.4,4831.4,30,119,1.0,G
89,M-1430,DC-1920,item:268967,4502.582557,4502.582557,3,92,1.0,UN
89,M-1810,DC-1920,item:268091,11900.0,11900.0,3,92,1.0,UN
89,DC-1920,C-XXXXX,item:268967,9006.812071,9006.812071,2,91,1.0,UN
89,DC-1920,C-XXXXX,item:268091,11900.0,11900.0,1,90,1.0,UN
89,SDC-VD0949099A,SDC-1450,item:021081,275.570299,290.073999,54,143,0.95,KG
89,SDC-VD0960508A,SDC-1450,item:021081,78.734371,78.734371,55,144,1.0,KG
89,SDC-VD0972460A,SDC-1450,item:021081,19.683593,19.683593,127,216,1.0,KG
89,SDC-VD0975221A,SDC-1450,item:021081,19.683593,19.683593,51,140,1.0,KG
89,SDC-1450,M-1810,item:007923,38651.2,38651.2,2,91,1.0,G
90,SDC-VD0914690A,M-1430,item:042342,271694.299467,271694.299467,33,123,1.0,UN
90,SDC-VD0525412A,M-1430,item:333362,4502.573655,4502.573655,71,161,1.0,UN
90,SDC-VD0993480A,M-1430,item:344135,4502.573655,4502.573655,31,121,1.0,UN
90,SDC-VD0520115A,M-1430,item:708073,35.705409,35.705409,26,116,1.0,KG
90,SDC-VD0508918A,M-1430,item:730384,954.545615,954.545615,28,118,1.0,M
90,SDC-VD1095770A,M-1430,item:734545,36.020589,36.020589,22,112,1.0,UN
90,SDC-1450,M-1430,item:773474,43471.07891,43471.07891,10,100,1.0,G
90,SDC-VD0951020A,M-1810,item:001757,19.3256,19.3256,128,218,1.0,KG
90,SDC-VD0519670A,M-1810,item:001848,6.019626,6.019626,27,117,1.0,KG
90,SDC-VD0951020A,M-1810,item:001848,4.34826,4.34826,16,106,1.0,KG
90,SDC-VD0951020A,M-1810,item:001848,4.126314,4.126314,51,141,1.0,KG
90,SDC-VD0910216A,M-1810,item:001893,38.128251,38.128251,25,115,1.0,KG
90,SDC-VD1091642A,M-1810,item:001893,18.35932,18.35932,66,156,1.0,KG
90,SDC-VD0518684A,M-1810,item:001893,9.17966,9.17966,89,179,1.0,KG
90,SDC-VD1091642A,M-1810,item:001893,26.129369,26.129369,25,115,1.0,KG
90,SDC-VD0910216A,M-1810,item:002612,10.03375,10.03375,52,142,1.0,KG
90,SDC-VD0990780A,M-1810,item:002612,2.866786,2.866786,21,111,1.0,KG
90,SDC-VD1091642A,M-1810,item:002612,1.20785,1.20785,23,113,1.0,KG
90,SDC-VD0500655A,M-1810,item:002612,1.20785,1.20785,29,119,1.0,KG
90,SDC-VD1091642A,M-1810,item:002612,8.840764,8.840764,19,109,1.0,KG
90,SDC-VD0514881A,M-1810,item:016332,5.79768,5.79768,34,124,1.0,KG
90,SDC-VD0519670A,M-1810,item:029313,0.48314,0.48314,21,111,1.0,KG
90,SDC-VD1096202A,M-1810,item:039668,0.48314,0.48314,53,143,1.0,KG
90,SDC-VD0520132A,M-1810,item:049371,7.726954,7.726954,30,120,1.0,KG
90,SDC-VD0914320A,M-1810,item:055703,0.676396,0.676396,13,103,1.0,KG
90,SDC-VD0964290A,M-1810,item:055703,0.289884,0.289884,10,100,1.0,KG
90,SDC-VD0505677A,M-1810,item:099439,24.157,24.157,24,114,1.0,KG
90,SDC-VD0901566A,M-1810,item:338928,10000.0,10000.0,99,189,1.0,UN
90,SDC-VD0914360C,M-1810,item:338929,11900.0,11900.0,28,118,1.0,UN
90,SDC-VD0989480A,M-1810,item:426331,130.9,130.9,4,94,1.0,UN
90,SDC-1450,M-1810,item:693055,4831.4,4831.4,79,169,1.0,G
90,M-1430,DC-1920,item:268967,4502.573655,4502.573655,2,92,1.0,UN
90,M-1810,DC-1920,item:268091,11900.0,11900.0,1,91,1.0,UN
90,DC-1920,C-XXXXX,item:268967,4502.627069,4502.627069,4,94,1.0,UN
90,SDC-VD0949099A,SDC-1450,item:021081,274.598465,289.051016,183,273,0.95,KG
90,SDC-VD0960508A,SDC-1450,item:021081,78.456704,78.456704,120,210,1.0,KG
90,SDC-VD0972460A,SDC-1450,item:021081,19.614176,19.614176,179,269,1.0,KG
90,SDC-VD0975221A,SDC-1450,item:021081,19.614176,19.614176,126,216,1.0,KG
90,SDC-1450,M-1810,item:007923,38651.2,38651.2,2,92,1.0,G
91,SDC-VD0520132A,M-1430,item:038005,1485.190012,1485.190012,185,276,1.0,KG
91,SDC-VD0914690A,M-1430,item:042342,287796.885715,287796.885715,23,114,1.0,UN
91,SDC-VD0525412A,M-1430,item:333362,4769.429017,4769.429017,44,135,1.0,UN
91,SDC-VD0993480A,M-1430,item:344135,4769.429017,4769.429017,70,161,1.0,UN
91,SDC-VD0520115A,M-1430,item:708073,37.821572,37.821572,56,147,1.0,KG
91,SDC-VD0508918A,M-1430,item:730384,1011.118952,1011.118952,55,146,1.0,M
91,SDC-VD1095770A,M-1430,item:734545,38.155432,38.155432,14,105,1.0,UN
91,SDC-1450,M-1430,item:773474,46047.492176,46047.492176,24,115,1.0,G
91,SDC-VD0951020A,M-1810,item:001757,15.554576,15.554576,113,204,1.0,KG
91,SDC-VD0519670A,M-1810,item:001848,8.166153,8.166153,10,101,1.0,KG
91,SDC-VD0951020A,M-1810,item:001848,3.49978,3.49978,104,195,1.0,KG
91,SDC-VD0910216A,M-1810,item:001893,38.124955,38.124955,12,103,1.0,KG
91,SDC-VD1091642A,M-1810,item:001893,14.776847,14.776847,55,146,1.0,KG
91,SDC-VD0518684A,M-1810,item:001893,7.388424,7.388424,46,137,1.0,KG
91,SDC-VD1091642A,M-1810,item:001893,13.594011,13.594011,43,134,1.0,KG
91,SDC-VD0910216A,M-1810,item:002612,10.032883,10.032883,24,115,1.0,KG
91,SDC-VD0990780A,M-1810,item:002612,2.866538,2.866538,7,98,1.0,KG
91,SDC-VD1091642A,M-1810,item:002612,0.972161,0.972161,27,118,1.0,KG
91,SDC-VD0500655A,M-1810,item:002612,0.972161,0.972161,25,116,1.0,KG
91,SDC-VD1091642A,M-1810,item:002612,4.599477,4.599477,27,118,1.0,KG
91,SDC-VD0514881A,M-1810,item:016332,4.666373,4.666373,58,149,1.0,KG
91,SDC-VD0519670A,M-1810,item:029313,0.388864,0.388864,64,155,1.0,KG
91,SDC-VD1096202A,M-1810,item:039668,0.388864,0.388864,70,161,1.0,KG
91,SDC-VD0520132A,M-1810,item:049371,24.537209,24.537209,76,167,1.0,KG
91,SDC-VD0914320A,M-1810,item:055703,0.54441,0.54441,8,99,1.0,KG
91,SDC-VD0964290A,M-1810,item:055703,0.233319,0.233319,84,175,1.0,KG
91,SDC-VD0505677A,M-1810,item:099439,19.44322,19.44322,61,152,1.0,KG
91,SDC-VD0901566A,M-1810,item:338928,10000.0,10000.0,75,166,1.0,UN
91,SDC-VD0914360C,M-1810,item:338929,9577.941024,9577.941024,43,134,1.0,UN
91,SDC-VD0989480A,M-1810,item:426331,105.357351,105.357351,36,127,1.0,UN
91,SDC-1450,M-1810,item:693055,3888.644056,3888.644056,82,173,1.0,G
91,M-1430,DC-1920,item:268967,4769.429017,4769.429017,3,94,1.0,UN
91,M-1810,DC-1920,item:268091,9577.941024,9577.941024,1,92,1.0,UN
91,DC-1920,C-XXXXX,item:268091,35700.0,35700.0,2,93,1.0,UN
91,SDC-VD0949099A,SDC-1450,item:021081,273.892807,288.308218,76,167,0.95,KG
91,SDC-VD0960508A,SDC-1450,item:021081,78.255088,78.255088,149,240,1.0,KG
91,SDC-VD0972460A,SDC-1450,item:021081,19.563772,19.563772,89,180,1.0,KG
91,SDC-VD0975221A,SDC-1450,item:021081,19.563772,19.563772,75,166,1.0,KG
91,SDC-1450,M-1810,item:007923,31109.152447,31109.152447,1,92,1.0,G
92,SDC-VD0520132A,M-1430,item:038005,84.395028,84.395028,83,175,1.0,KG
92,SDC-VD0914690A,M-1430,item:042342,291017.402965,291017.402965,34,126,1.0,UN
92,SDC-VD0525412A,M-1430,item:333362,4822.800089,4822.800089,65,157,1.0,UN
92,SDC-VD0993480A,M-1430,item:344135,4822.800089,4822.800089,38,130,1.0,UN
92,SDC-VD0520115A,M-1430,item:708073,38.244805,38.244805,46,138,1.0,KG
92,SDC-VD0508918A,M-1430,item:730384,1022.433619,1022.433619,45,137,1.0,M
92,SDC-VD1095770A,M-1430,item:734545,38.582401,38.582401,28,120,1.0,UN
92,SDC-1450,M-1430,item:773474,46562.774829,46562.774829,10,102,1.0,G
92,SDC-VD0951020A,M-1810,item:001757,14.669526,14.669526,29,121,1.0,KG
92,SDC-VD0519670A,M-1810,item:001848,7.701501,7.701501,24,116,1.0,KG
92,SDC-VD0951020A,M-1810,item:001848,3.300643,3.300643,53,145,1.0,KG
92,SDC-VD0910216A,M-1810,item:001893,38.124296,38.124296,41,133,1.0,KG
92,SDC-VD1091642A,M-1810,item:001893,13.93605,13.93605,24,116,1.0,KG
92,SDC-VD0518684A,M-1810,item:001893,6.968025,6.968025,28,120,1.0,KG
92,SDC-VD1091642A,M-1810,item:001893,10.65188,10.65188,34,126,1.0,KG
92,SDC-VD0910216A,M-1810,item:002612,10.032709,10.032709,45,137,1.0,KG
92,SDC-VD0990780A,M-1810,item:002612,2.866488,2.866488,37,129,1.0,KG
92,SDC-VD1091642A,M-1810,item:002612,0.916845,0.916845,35,127,1.0,KG
92,SDC-VD0500655A,M-1810,item:002612,0.916845,0.916845,43,135,1.0,KG
92,SDC-VD1091642A,M-1810,item:002612,3.604019,3.604019,62,154,1.0,KG
92,SDC-VD0514881A,M-1810,item:016332,4.400858,4.400858,98,190,1.0,KG
92,SDC-VD0519670A,M-1810,item:029313,0.366738,0.366738,42,134,1.0,KG
92,SDC-VD1096202A,M-1810,item:039668,0.366738,0.366738,20,112,1.0,KG
92,SDC-VD0520132A,M-1810,item:049371,13.569312,13.569312,135,227,1.0,KG
92,SDC-VD0914320A,M-1810,item:055703,0.513433,0.513433,26,118,1.0,KG
92,SDC-VD0964290A,M-1810,item:055703,0.220043,0.220043,7,99,1.0,KG
92,SDC-VD0505677A,M-1810,item:099439,18.336908,18.336908,53,145,1.0,KG
92,SDC-VD0901566A,M-1810,item:338928,10000.0,10000.0,42,134,1.0,UN
92,SDC-VD0914360C,M-1810,item:338929,9032.959634,9032.959634,42,134,1.0,UN
92,SDC-VD0989480A,M-1810,item:426331,99.362556,99.362556,18,110,1.0,UN
92,SDC-1450,M-1810,item:693055,3667.381611,3667.381611,63,155,1.0,G
92,M-1430,DC-1920,item:268967,4822.800089,4822.800089,3,95,1.0,UN
92,M-1810,DC-1920,item:268091,9032.959634,9032.959634,4,96,1.0,UN
92,DC-1920,C-XXXXX,item:268967,9005.156212,9005.156212,2,94,1.0,UN
92,DC-1920,C-XXXXX,item:268091,21477.941024,21477.941024,2,94,1.0,UN
92,SDC-VD0949099A,SDC-1450,item:021081,276.606156,291.164374,122,214,0.95,KG
92,SDC-VD0960508A,SDC-1450,item:021081,79.03033,79.03033,167,259,1.0,KG
92,SDC-VD0972460A,SDC-1450,item:021081,19.757583,19.757583,96,188,1.0,KG
92,SDC-VD0975221A,SDC-1450,item:021081,19.757583,19.757583,103,195,1.0,KG
92,SDC-1450,M-1810,item:007923,29339.05289,29339.05289,1,93,1.0,G
93,SDC-VD0520132A,M-1430,item:038005,84.581818,84.581818,142,235,1.0,KG
93,SDC-VD0914690A,M-1430,item:042342,291661.506415,291661.506415,41,134,1.0,UN
93,SDC-VD0525412A,M-1430,item:333362,4833.474303,4833.474303,73,166,1.0,UN
93,SDC-VD0993480A,M-1430,item:344135,4833.474303,4833.474303,64,157,1.0,UN
93,SDC-VD0520115A,M-1430,item:708073,38.329451,38.329451,32,125,1.0,KG
93,SDC-VD0508918A,M-1430,item:730384,1024.696552,1024.696552,46,139,1.0,M
93,SDC-VD1095770A,M-1430,item:734545,38.667794,38.667794,22,115,1.0,UN
93,SDC-1450,M-1430,item:773474,46665.831359,46665.831359,10,103,1.0,G
93,SDC-VD0951020A,M-1810,item:001757,14.492516,14.492516,44,137,1.0,KG
93,SDC-VD0519670A,M-1810,item:001848,7.608571,7.608571,42,135,1.0,KG
93,SDC-VD0951020A,M-1810,item:001848,3.260816,3.260816,42,135,1.0,KG
93,SDC-VD0910216A,M-1810,item:001893,48.187617,48.187617,25,118,1.0,KG
93,SDC-VD1091642A,M-1810,item:001893,13.767891,13.767891,35,128,1.0,KG
93,SDC-VD0518684A,M-1810,item:001893,6.883945,6.883945,26,119,1.0,KG
93,SDC-VD0910216A,M-1810,item:002612,0.445668,0.445668,58,151,1.0,KG
93,SDC-VD0990780A,M-1810,item:002612,3.623129,3.623129,24,117,1.0,KG
93,SDC-VD1091642A,M-1810,item:002612,0.905782,0.905782,28,121,1.0,KG
93,SDC-VD0500655A,M-1810,item:002612,0.905782,0.905782,32,125,1.0,KG
93,SDC-VD0990780A,M-1810,item:002612,12.235284,12.235284,25,118,1.0,KG
93,SDC-VD0514881A,M-1810,item:016332,4.347755,4.347755,87,180,1.0,KG
93,SDC-VD0519670A,M-1810,item:029313,0.362313,0.362313,25,118,1.0,KG
93,SDC-VD1096202A,M-1810,item:039668,0.362313,0.362313,35,128,1.0,KG
93,SDC-VD0520132A,M-1810,item:049371,13.405578,13.405578,159,252,1.0,KG
93,SDC-VD0914320A,M-1810,item:055703,0.507238,0.507238,20,113,1.0,KG
93,SDC-VD0964290A,M-1810,item:055703,0.217388,0.217388,55,148,1.0,KG
93,SDC-VD0505677A,M-1810,item:099439,18.115646,18.115646,22,115,1.0,KG
93,SDC-VD0901566A,M-1810,item:338928,10000.0,10000.0,116,209,1.0,UN
93,SDC-VD0914360C,M-1810,item:338929,8923.963356,8923.963356,84,177,1.0,UN
93,SDC-VD0989480A,M-1810,item:426331,98.163597,98.163597,41,134,1.0,UN
93,SDC-1450,M-1810,item:693055,3623.129122,3623.129122,49,142,1.0,G
93,M-1430,DC-1920,item:268967,4833.474303,4833.474303,3,96,1.0,UN
93,M-1810,DC-1920,item:268091,8923.963356,8923.963356,3,96,1.0,UN
93,SDC-VD0949099A,SDC-1450,item:021081,280.105563,294.847961,27,120,0.95,KG
93,SDC-VD0960508A,SDC-1450,item:021081,80.030161,80.030161,212,305,1.0,KG
93,SDC-VD0972460A,SDC-1450,item:021081,20.00754,20.00754,68,161,1.0,KG
93,SDC-VD0975221A,SDC-1450,item:021081,20.00754,20.00754,154,247,1.0,KG
93,SDC-1450,M-1810,item:007923,28985.032979,28985.032979,1,94,1.0,G
94,SDC-VD0520132A,M-1430,item:038005,84.619176,84.619176,231,325,1.0,KG
94,SDC-VD0914690A,M-1430,item:042342,291790.327105,291790.327105,3,97,1.0,UN
94,SDC-VD0525412A,M-1430,item:333362,4835.609146,4835.609146,60,154,1.0,UN
94,SDC-VD0993480A,M-1430,item:344135,4835.609146,4835.609146,51,145,1.0,UN
94,SDC-VD0520115A,M-1430,item:708073,38.346381,38.346381,24,118,1.0,KG
94,SDC-VD0508918A,M-1430,item:730384,1025.149139,1025.149139,34,128,1.0,M
94,SDC-VD1095770A,M-1430,item:734545,38.684873,38.684873,29,123,1.0,UN
94,SDC-1450,M-1430,item:773474,46686.442666,46686.442666,10,104,1.0,G
94,SDC-VD0951020A,M-1810,item:001757,14.457114,14.457114,102,196,1.0,KG
94,SDC-VD0519670A,M-1810,item:001848,7.589985,7.589985,15,109,1.0,KG
94,SDC-VD0951020A,M-1810,item:001848,3.252851,3.252851,34,128,1.0,KG
94,SDC-VD0910216A,M-1810,item:001893,48.069906,48.069906,27,121,1.0,KG
94,SDC-VD1091642A,M-1810,item:001893,13.734259,13.734259,19,113,1.0,KG
94,SDC-VD0518684A,M-1810,item:001893,6.867129,6.867129,85,179,1.0,KG
94,SDC-VD0910216A,M-1810,item:002612,0.25281,0.25281,34,128,1.0,KG
94,SDC-VD0990780A,M-1810,item:002612,3.614279,3.614279,31,125,1.0,KG
94,SDC-VD1091642A,M-1810,item:002612,0.90357,0.90357,16,110,1.0,KG
94,SDC-VD0500655A,M-1810,item:002612,0.90357,0.90357,24,118,1.0,KG
94,SDC-VD0990780A,M-1810,item:002612,12.397166,12.397166,55,149,1.0,KG
94,SDC-VD0514881A,M-1810,item:016332,4.337134,4.337134,66,160,1.0,KG
94,SDC-VD0519670A,M-1810,item:029313,0.361428,0.361428,57,151,1.0,KG
94,SDC-VD1096202A,M-1810,item:039668,0.361428,0.361428,45,139,1.0,KG
94,SDC-VD0520132A,M-1810,item:049371,13.372831,13.372831,182,276,1.0,KG
94,SDC-VD0914320A,M-1810,item:055703,0.505999,0.505999,17,111,1.0,KG
94,SDC-VD0964290A,M-1810,item:055703,0.216857,0.216857,26,120,1.0,KG
94,SDC-VD0505677A,M-1810,item:099439,18.071393,18.071393,22,116,1.0,KG
94,SDC-VD0901566A,M-1810,item:338928,10000.0,10000.0,93,187,1.0,UN
94,SDC-VD0914360C,M-1810,item:338929,8902.1641,8902.1641,44,138,1.0,UN
94,SDC-VD0989480A,M-1810,item:426331,97.923805,97.923805,14,108,1.0,UN
94,SDC-1450,M-1810,item:693055,3614.278625,3614.278625,109,203,1.0,G
94,M-1430,DC-1920,item:268967,4835.609146,4835.609146,3,97,1.0,UN
94,M-1810,DC-1920,item:268091,8902.1641,8902.1641,4,98,1.0,UN
94,DC-1920,C-XXXXX,item:268967,4769.429017,4769.429017,3,97,1.0,UN
94,SDC-VD0949099A,SDC-1450,item:021081,283.191287,298.096091,64,158,0.95,KG
94,SDC-VD0960508A,SDC-1450,item:021081,80.911796,80.911796,159,253,1.0,KG
94,SDC-VD0972460A,SDC-1450,item:021081,20.227949,20.227949,138,232,1.0,KG
94,SDC-VD0975221A,SDC-1450,item:021081,20.227949,20.227949,80,174,1.0,KG
94,SDC-1450,M-1810,item:007923,28914.228996,28914.228996,1,95,1.0,G
95,SDC-VD0520132A,M-1430,item:038005,84.626647,84.626647,120,215,1.0,KG
95,SDC-VD0914690A,M-1430,item:042342,291816.091243,291816.091243,20,115,1.0,UN
95,SDC-VD0525412A,M-1430,item:333362,4836.036115,4836.036115,120,215,1.0,UN
95,SDC-VD0993480A,M-1430,item:344135,4836.036115,4836.036115,6,101,1.0,UN
95,SDC-VD0520115A,M-1430,item:708073,38.349766,38.349766,31,126,1.0,KG
95,SDC-VD0508918A,M-1430,item:730384,1025.239656,1025.239656,80,175,1.0,M
95,SDC-VD1095770A,M-1430,item:734545,38.688289,38.688289,17,112,1.0,UN
95,SDC-1450,M-1430,item:773474,46690.564927,46690.564927,11,106,1.0,G
95,SDC-VD0951020A,M-1810,item:001757,14.450034,14.450034,107,202,1.0,KG
95,SDC-VD0519670A,M-1810,item:001848,7.586268,7.586268,16,111,1.0,KG
95,SDC-VD0951020A,M-1810,item:001848,3.251258,3.251258,28,123,1.0,KG
95,SDC-VD0910216A,M-1810,item:001893,48.046363,48.046363,51,146,1.0,KG
95,SDC-VD1091642A,M-1810,item:001893,13.727532,13.727532,13,108,1.0,KG
95,SDC-VD0518684A,M-1810,item:001893,6.863766,6.863766,66,161,1.0,KG
95,SDC-VD0910216A,M-1810,item:002612,3.823136,3.823136,38,133,1.0,KG
95,SDC-VD0990780A,M-1810,item:002612,3.612509,3.612509,24,119,1.0,KG
95,SDC-VD1091642A,M-1810,item:002612,0.903127,0.903127,9,104,1.0,KG
95,SDC-VD0500655A,M-1810,item:002612,0.903127,0.903127,38,133,1.0,KG
95,SDC-VD0990780A,M-1810,item:002612,8.820644,8.820644,32,127,1.0,KG
95,SDC-VD0514881A,M-1810,item:016332,4.33501,4.33501,33,128,1.0,KG
95,SDC-VD0519670A,M-1810,item:029313,0.361251,0.361251,85,180,1.0,KG
95,SDC-VD1096202A,M-1810,item:039668,0.361251,0.361251,18,113,1.0,KG
95,SDC-VD0520132A,M-1810,item:049371,13.366282,13.366282,217,312,1.0,KG
95,SDC-VD0914320A,M-1810,item:055703,0.505751,0.505751,42,137,1.0,KG
95,SDC-VD0964290A,M-1810,item:055703,0.216751,0.216751,35,130,1.0,KG
95,SDC-VD0505677A,M-1810,item:099439,18.062543,18.062543,55,150,1.0,KG
95,SDC-VD0901566A,M-1810,item:338928,10000.0,10000.0,38,133,1.0,UN
95,SDC-VD0914360C,M-1810,item:338929,8897.804249,8897.804249,59,154,1.0,UN
95,SDC-VD0989480A,M-1810,item:426331,97.875847,97.875847,34,129,1.0,UN
95,SDC-1450,M-1810,item:693055,3612.508525,3612.508525,79,174,1.0,G
95,M-1430,DC-1920,item:268967,4836.036115,4836.036115,5,100,1.0,UN
95,M-1810,DC-1920,item:268091,8897.804249,8897.804249,7,102,1.0,UN
95,DC-1920,C-XXXXX,item:268967,4822.800089,4822.800089,3,98,1.0,UN
95,SDC-VD0949099A,SDC-1450,item:021081,285.602926,300.634658,210,305,0.95,KG
95,SDC-VD0960508A,SDC-1450,item:021081,81.600836,81.600836,76,171,1.0,KG
95,SDC-VD0972460A,SDC-1450,item:021081,20.400209,20.400209,98,193,1.0,KG
95,SDC-VD0975221A,SDC-1450,item:021081,20.400209,20.400209,116,211,1.0,KG
95,SDC-1450,M-1810,item:007923,28900.0682,28900.0682,2,97,1.0,G
96,SDC-VD0520132A,M-1430,item:038005,84.628141,84.628141,130,226,1.0,KG
96,SDC-VD0914690A,M-1430,item:042342,291821.24407,291821.24407,30,126,1.0,UN
96,SDC-VD0525412A,M-1430,item:333362,4836.121509,4836.121509,79,175,1.0,UN
96,SDC-VD0993480A,M-1430,item:344135,4836.121509,4836.121509,38,134,1.0,UN
96,SDC-VD0520115A,M-1430,item:708073,38.350444,38.350444,22,118,1.0,KG
96,SDC-VD0508918A,M-1430,item:730384,1025.25776,1025.25776,56,152,1.0,M
96,SDC-VD1095770A,M-1430,item:734545,38.688972,38.688972,38,134,1.0,UN
96,SDC-1450,M-1430,item:773474,46691.389379,46691.389379,9,105,1.0,G
96,SDC-VD0951020A,M-1810,item:001757,14.448618,14.448618,64,160,1.0,KG
96,SDC-VD0519670A,M-1810,item:001848,7.585524,7.585524,17,113,1.0,KG
96,SDC-VD0951020A,M-1810,item:001848,3.250939,3.250939,61,157,1.0,KG
96,SDC-VD0910216A,M-1810,item:001893,48.041655,48.041655,26,122,1.0,KG
96,SDC-VD1091642A,M-1810,item:001893,13.726187,13.726187,49,145,1.0,KG
96,SDC-VD0518684A,M-1810,item:001893,6.863094,6.863094,56,152,1.0,KG
96,SDC-VD0910216A,M-1810,item:002612,6.565393,6.565393,29,125,1.0,KG
96,SDC-VD0990780A,M-1810,item:002612,3.612155,3.612155,69,165,1.0,KG
96,SDC-VD1091642A,M-1810,item:002612,0.903039,0.903039,55,151,1.0,KG
96,SDC-VD0500655A,M-1810,item:002612,0.903039,0.903039,27,123,1.0,KG
96,SDC-VD0990780A,M-1810,item:002612,6.077148,6.077148,30,126,1.0,KG
96,SDC-VD0514881A,M-1810,item:016332,4.334585,4.334585,81,177,1.0,KG
96,SDC-VD0519670A,M-1810,item:029313,0.361215,0.361215,83,179,1.0,KG
96,SDC-VD1096202A,M-1810,item:039668,0.361215,0.361215,56,152,1.0,KG
96,SDC-VD0520132A,M-1810,item:049371,13.364972,13.364972,139,235,1.0,KG
96,SDC-VD0914320A,M-1810,item:055703,0.505702,0.505702,17,113,1.0,KG
96,SDC-VD0964290A,M-1810,item:055703,0.216729,0.216729,11,107,1.0,KG
96,SDC-VD0505677A,M-1810,item:099439,18.060773,18.060773,64,160,1.0,KG
96,SDC-VD0901566A,M-1810,item:338928,10000.0,10000.0,57,153,1.0,UN
96,SDC-VD0914360C,M-1810,item:338929,8896.932279,8896.932279,65,161,1.0,UN
96,SDC-VD0989480A,M-1810,item:426331,97.866255,97.866255,28,124,1.0,UN
96,SDC-1450,M-1810,item:693055,3612.154505,3612.154505,44,140,1.0,G
96,M-1430,DC-1920,item:268967,4836.121509,4836.121509,2,98,1.0,UN
96,M-1810,DC-1920,item:268091,8896.932279,8896.932279,3,99,1.0,UN
96,DC-1920,C-XXXXX,item:268967,4833.474303,4833.474303,4,100,1.0,UN
96,DC-1920,C-XXXXX,item:268091,17956.922989,17956.922989,2,98,1.0,UN
96,SDC-VD0949099A,SDC-1450,item:021081,287.402579,302.529031,68,164,0.95,KG
96,SDC-VD0960508A,SDC-1450,item:021081,82.115023,82.115023,132,228,1.0,KG
96,SDC-VD0972460A,SDC-1450,item:021081,20.528756,20.528756,190,286,1.0,KG
96,SDC-VD0975221A,SDC-1450,item:021081,20.528756,20.528756,126,222,1.0,KG
96,SDC-1450,M-1810,item:007923,28897.236041,28897.236041,2,98,1.0,G
97,SDC-VD0520132A,M-1430,item:038005,84.62844,84.62844,49,146,1.0,KG
97,SDC-VD0914690A,M-1430,item:042342,291822.274636,291822.274636,27,124,1.0,UN
97,SDC-VD0525412A,M-1430,item:333362,4836.138587,4836.138587,37,134,1.0,UN
97,SDC-VD0993480A,M-1430,item:344135,4836.138587,4836.138587,13,110,1.0,UN
97,SDC-VD0520115A,M-1430,item:708073,38.350579,38.350579,17,114,1.0,KG
97,SDC-VD0508918A,M-1430,item:730384,1025.261381,1025.261381,82,179,1.0,M
97,SDC-VD1095770A,M-1430,item:734545,38.689109,38.689109,19,116,1.0,UN
97,SDC-1450,M-1430,item:773474,46691.554269,46691.554269,6,103,1.0,G
97,SDC-VD0951020A,M-1810,item:001757,14.448335,14.448335,52,149,1.0,KG
97,SDC-VD0519670A,M-1810,item:001848,7.585376,7.585376,31,128,1.0,KG
97,SDC-VD0951020A,M-1810,item:001848,3.250875,3.250875,67,164,1.0,KG
97,SDC-VD0910216A,M-1810,item:001893,48.040713,48.040713,19,116,1.0,KG
97,SDC-VD1091642A,M-1810,item:001893,13.725918,13.725918,44,141,1.0,KG
97,SDC-VD0518684A,M-1810,item:001893,6.862959,6.862959,75,172,1.0,KG
97,SDC-VD0910216A,M-1810,item:002612,7.113844,7.113844,48,145,1.0,KG
97,SDC-VD0990780A,M-1810,item:002612,3.612084,3.612084,57,154,1.0,KG
97,SDC-VD1091642A,M-1810,item:002612,0.903021,0.903021,28,125,1.0,KG
97,SDC-VD0500655A,M-1810,item:002612,0.903021,0.903021,30,127,1.0,KG
97,SDC-VD0990780A,M-1810,item:002612,5.528449,5.528449,56,153,1.0,KG
97,SDC-VD0514881A,M-1810,item:016332,4.3345,4.3345,56,153,1.0,KG
97,SDC-VD0519670A,M-1810,item:029313,0.361208,0.361208,110,207,1.0,KG
97,SDC-VD1096202A,M-1810,item:039668,0.361208,0.361208,21,118,1.0,KG
97,SDC-VD0520132A,M-1810,item:049371,13.36471,13.36471,111,208,1.0,KG
97,SDC-VD0914320A,M-1810,item:055703,0.505692,0.505692,31,128,1.0,KG
97,SDC-VD0964290A,M-1810,item:055703,0.216725,0.216725,84,181,1.0,KG
97,SDC-VD0505677A,M-1810,item:099439,18.060419,18.060419,28,125,1.0,KG
97,SDC-VD0901566A,M-1810,item:338928,10000.0,10000.0,64,161,1.0,UN
97,SDC-VD0914360C,M-1810,item:338929,8896.757885,8896.757885,77,174,1.0,UN
97,SDC-VD0989480A,M-1810,item:426331,97.864337,97.864337,15,112,1.0,UN
97,SDC-1450,M-1810,item:693055,3612.083701,3612.083701,43,140,1.0,G
97,M-1430,DC-1920,item:268967,4836.138587,4836.138587,5,102,1.0,UN
97,M-1810,DC-1920,item:268091,8896.757885,8896.757885,2,99,1.0,UN
97,DC-1920,C-XXXXX,item:268967,4835.609146,4835.609146,2,99,1.0,UN
97,SDC-VD0949099A,SDC-1450,item:021081,288.720937,303.916776,62,159,0.95,KG
97,SDC-VD0960508A,SDC-1450,item:021081,82.491696,82.491696,187,284,1.0,KG
97,SDC-VD0972460A,SDC-1450,item:021081,20.622924,20.622924,219,316,1.0,KG
97,SDC-VD0975221A,SDC-1450,item:021081,20.622924,20.622924,119,216,1.0,KG
97,SDC-1450,M-1810,item:007923,28896.669609,28896.669609,1,98,1.0,G
98,SDC-VD0520132A,M-1430,item:038005,90.995715,90.995715,82,180,1.0,KG
98,SDC-VD0914690A,M-1430,item:042342,313778.4,313778.4,18,116,1.0,UN
98,SDC-VD0525412A,M-1430,item:333362,5200.0,5200.0,112,210,1.0,UN
98,SDC-VD0993480A,M-1430,item:344135,5200.0,5200.0,38,136,1.0,UN
98,SDC-VD0520115A,M-1430,item:708073,41.236,41.236,16,114,1.0,KG
98,SDC-VD0508918A,M-1430,item:730384,1102.4,1102.4,50,148,1.0,M
98,SDC-VD1095770A,M-1430,item:734545,41.6,41.6,13,111,1.0,UN
98,SDC-1450,M-1430,item:773474,50204.5336,50204.5336,6,104,1.0,G
98,SDC-VD0951020A,M-1810,item:001757,11.660566,11.660566,48,146,1.0,KG
98,SDC-VD0519670A,M-1810,item:001848,6.121797,6.121797,23,121,1.0,KG
98,SDC-VD0951020A,M-1810,item:001848,2.623627,2.623627,75,173,1.0,KG
98,SDC-VD0910216A,M-1810,item:001893,28.994677,28.994677,31,129,1.0,KG
98,SDC-VD1091642A,M-1810,item:001893,11.077538,11.077538,39,137,1.0,KG
98,SDC-VD0518684A,M-1810,item:001893,5.538769,5.538769,87,185,1.0,KG
98,SDC-VD1091642A,M-1810,item:001893,9.776706,9.776706,68,166,1.0,KG
98,SDC-VD0910216A,M-1810,item:002612,7.223534,7.223534,47,145,1.0,KG
98,SDC-VD0990780A,M-1810,item:002612,2.915142,2.915142,26,124,1.0,KG
98,SDC-VD1091642A,M-1810,item:002612,0.728785,0.728785,20,118,1.0,KG
98,SDC-VD0500655A,M-1810,item:002612,0.728785,0.728785,16,114,1.0,KG
98,SDC-VD0990780A,M-1810,item:002612,2.979461,2.979461,29,127,1.0,KG
98,SDC-VD0514881A,M-1810,item:016332,3.49817,3.49817,23,121,1.0,KG
98,SDC-VD0519670A,M-1810,item:029313,0.291514,0.291514,30,128,1.0,KG
98,SDC-VD1096202A,M-1810,item:039668,0.291514,0.291514,33,131,1.0,KG
98,SDC-VD0520132A,M-1810,item:049371,10.786024,10.786024,92,190,1.0,KG
98,SDC-VD0914320A,M-1810,item:055703,0.40812,0.40812,32,130,1.0,KG
98,SDC-VD0964290A,M-1810,item:055703,0.174908,0.174908,32,130,1.0,KG
98,SDC-VD0505677A,M-1810,item:099439,14.575708,14.575708,70,168,1.0,KG
98,SDC-VD0901566A,M-1810,item:338928,10000.0,10000.0,84,182,1.0,UN
98,SDC-VD0914360C,M-1810,item:338929,7180.151577,7180.151577,32,130,1.0,UN
98,SDC-VD0989480A,M-1810,item:426331,78.981667,78.981667,18,116,1.0,UN
98,SDC-1450,M-1810,item:693055,2915.14154,2915.14154,34,132,1.0,G
98,M-1430,DC-1920,item:268967,5200.0,5200.0,3,101,1.0,UN
98,M-1810,DC-1920,item:268091,7180.151577,7180.151577,3,101,1.0,UN
98,DC-1920,C-XXXXX,item:268967,4836.121509,4836.121509,1,99,1.0,UN
98,DC-1920,C-XXXXX,item:268091,8902.1641,8902.1641,3,101,1.0,UN
98,SDC-VD0949099A,SDC-1450,item:021081,289.679571,304.925864,58,156,0.95,KG
98,SDC-VD0960508A,SDC-1450,item:021081,82.765592,82.765592,107,205,1.0,KG
98,SDC-VD0972460A,SDC-1450,item:021081,20.691398,20.691398,92,190,1.0,KG
98,SDC-VD0975221A,SDC-1450,item:021081,20.691398,20.691398,240,338,1.0,KG
98,SDC-1450,M-1810,item:007923,23321.132322,23321.132322,1,99,1.0,G
99,SDC-VD0520132A,M-1430,item:038005,90.995715,90.995715,177,276,1.0,KG
99,SDC-VD0914690A,M-1430,item:042342,313778.4,313778.4,32,131,1.0,UN
99,SDC-VD0525412A,M-1430,item:333362,5200.0,5200.0,15,114,1.0,UN
99,SDC-VD0993480A,M-1430,item:344135,5200.0,5200.0,36,135,1.0,UN
99,SDC-VD0520115A,M-1430,item:708073,41.236,41.236,43,142,1.0,KG
99,SDC-VD0508918A,M-1430,item:730384,1102.4,1102.4,86,185,1.0,M
99,SDC-VD1095770A,M-1430,item:734545,41.6,41.6,4,103,1.0,UN
99,SDC-1450,M-1430,item:773474,50204.5336,50204.5336,5,104,1.0,G
99,SDC-VD0951020A,M-1810,item:001757,11.103012,11.103012,160,259,1.0,KG
99,SDC-VD0519670A,M-1810,item:001848,5.829082,5.829082,12,111,1.0,KG
99,SDC-VD0951020A,M-1810,item:001848,2.498178,2.498178,112,211,1.0,KG
99,SDC-VD0910216A,M-1810,item:001893,27.532795,27.532795,56,155,1.0,KG
99,SDC-VD1091642A,M-1810,item:001893,10.547862,10.547862,28,127,1.0,KG
99,SDC-VD0518684A,M-1810,item:001893,5.273931,5.273931,38,137,1.0,KG
99,SDC-VD1091642A,M-1810,item:001893,9.384721,9.384721,12,111,1.0,KG
99,SDC-VD0910216A,M-1810,item:002612,7.245472,7.245472,21,120,1.0,KG
99,SDC-VD0990780A,M-1810,item:002612,2.775753,2.775753,29,128,1.0,KG
99,SDC-VD1091642A,M-1810,item:002612,0.693938,0.693938,61,160,1.0,KG
99,SDC-VD0500655A,M-1810,item:002612,0.693938,0.693938,48,147,1.0,KG
99,SDC-VD0990780A,M-1810,item:002612,2.469663,2.469663,28,127,1.0,KG
99,SDC-VD0514881A,M-1810,item:016332,3.330904,3.330904,70,169,1.0,KG
99,SDC-VD0519670A,M-1810,item:029313,0.277575,0.277575,36,135,1.0,KG
99,SDC-VD1096202A,M-1810,item:039668,0.277575,0.277575,36,135,1.0,KG
99,SDC-VD0520132A,M-1810,item:049371,10.270286,10.270286,162,261,1.0,KG
99,SDC-VD0914320A,M-1810,item:055703,0.388605,0.388605,13,112,1.0,KG
99,SDC-VD0964290A,M-1810,item:055703,0.166545,0.166545,68,167,1.0,KG
99,SDC-VD0505677A,M-1810,item:099439,13.878766,13.878766,19,118,1.0,KG
99,SDC-VD0901566A,M-1810,item:338928,10000.0,10000.0,60,159,1.0,UN
99,SDC-VD0914360C,M-1810,item:338929,6836.830315,6836.830315,38,137,1.0,UN
99,SDC-VD0989480A,M-1810,item:426331,75.205133,75.205133,30,129,1.0,UN
99,SDC-1450,M-1810,item:693055,2775.753108,2775.753108,106,205,1.0,G
99,M-1430,DC-1920,item:268967,5200.0,5200.0,4,103,1.0,UN
99,M-1810,DC-1920,item:268091,6836.830315,6836.830315,5,104,1.0,UN
99,DC-1920,C-XXXXX,item:268091,17793.690163,17793.690163,4,103,1.0,UN
99,SDC-VD0949099A,SDC-1450,item:021081,294.771377,310.28566,102,201,0.95,KG
99,SDC-VD0960508A,SDC-1450,item:021081,84.220394,84.220394,143,242,1.0,KG
99,SDC-VD0972460A,SDC-1450,item:021081,21.055098,21.055098,79,178,1.0,KG
99,SDC-VD0975221A,SDC-1450,item:021081,21.055098,21.055098,71,170,1.0,KG
99,SDC-1450,M-1810,item:007923,22206.024864,22206.024864,1,100,1.0,G
100,SDC-VD0520132A,M-1430,item:038005,90.995715,90.995715,83,183,1.0,KG
100,SDC-VD0914690A,M-1430,item:042342,313778.4,313778.4,18,118,1.0,UN
100,SDC-VD0525412A,M-1430,item:333362,5200.0,5200.0,120,220,1.0,UN
100,SDC-VD0993480A,M-1430,item:344135,5200.0,5200.0,39,139,1.0,UN
100,SDC-VD0520115A,M-1430,item:708073,41.236,41.236,22,122,1.0,KG
100,SDC-VD0508918A,M-1430,item:730384,1102.4,1102.4,25,125,1.0,M
100,SDC-VD1095770A,M-1430,item:734545,41.6,41.6,18,118,1.0,UN
100,SDC-1450,M-1430,item:773474,50204.5336,50204.5336,7,107,1.0,G
100,SDC-VD0951020A,M-1810,item:001757,10.991502,10.991502,54,154,1.0,KG
100,SDC-VD0519670A,M-1810,item:001848,5.770538,5.770538,42,142,1.0,KG
100,SDC-VD0951020A,M-1810,item:001848,2.473088,2.473088,39,139,1.0,KG
100,SDC-VD0910216A,M-1810,item:001893,27.549468,27.549468,37,137,1.0,KG
100,SDC-VD1091642A,M-1810,item:001893,10.441927,10.441927,19,119,1.0,KG
100,SDC-VD0518684A,M-1810,item:001893,5.220963,5.220963,78,178,1.0,KG
100,SDC-VD1091642A,M-1810,item:001893,8.997275,8.997275,38,138,1.0,KG
100,SDC-VD0910216A,M-1810,item:002612,7.24986,7.24986,39,139,1.0,KG
100,SDC-VD0990780A,M-1810,item:002612,2.747875,2.747875,53,153,1.0,KG
100,SDC-VD1091642A,M-1810,item:002612,0.686969,0.686969,24,124,1.0,KG
100,SDC-VD0500655A,M-1810,item:002612,0.686969,0.686969,20,120,1.0,KG
100,SDC-VD0990780A,M-1810,item:002612,2.367704,2.367704,49,149,1.0,KG
100,SDC-VD0514881A,M-1810,item:016332,3.297451,3.297451,67,167,1.0,KG
100,SDC-VD0519670A,M-1810,item:029313,0.274788,0.274788,45,145,1.0,KG
100,SDC-VD1096202A,M-1810,item:039668,0.274788,0.274788,25,125,1.0,KG
100,SDC-VD0520132A,M-1810,item:049371,10.167139,10.167139,74,174,1.0,KG
100,SDC-VD0914320A,M-1810,item:055703,0.384703,0.384703,10,110,1.0,KG
100,SDC-VD0964290A,M-1810,item:055703,0.164873,0.164873,79,179,1.0,KG
100,SDC-VD0505677A,M-1810,item:099439,13.739377,13.739377,33,133,1.0,KG
100,SDC-VD0901566A,M-1810,item:338928,10000.0,10000.0,66,166,1.0,UN
100,SDC-VD0914360C,M-1810,item:338929,6768.166063,6768.166063,40,140,1.0,UN
100,SDC-VD0989480A,M-1810,item:426331,74.449827,74.449827,24,124,1.0,UN
100,SDC-1450,M-1810,item:693055,2747.875422,2747.875422,30,130,1.0,G
100,M-1430,DC-1920,item:268967,5200.0,5200.0,4,104,1.0,UN
100,M-1810,DC-1920,item:268091,6768.166063,6768.166063,5,105,1.0,UN
100,DC-1920,C-XXXXX,item:268967,4836.036115,4836.036115,6,106,1.0,UN
100,SDC-VD0949099A,SDC-1450,item:021081,299.671458,315.44364,138,238,0.95,KG
100,SDC-VD0960508A,SDC-1450,item:021081,85.620416,85.620416,129,229,1.0,KG
100,SDC-VD0972460A,SDC-1450,item:021081,21.405104,21.405104,109,209,1.0,KG
100,SDC-VD0975221A,SDC-1450,item:021081,21.405104,21.405104,73,173,1.0,KG
100,SDC-1450,M-1810,item:007923,21983.003373,21983.003373,1,101,1.0,G
101,SDC-VD0520132A,M-1430,item:038005,90.995715,90.995715,169,270,1.0,KG
101,SDC-VD0914690A,M-1430,item:042342,313778.4,313778.4,17,118,1.0,UN
101,SDC-VD0525412A,M-1430,item:333362,5200.0,5200.0,21,122,1.0,UN
101,SDC-VD0993480A,M-1430,item:344135,5200.0,5200.0,50,151,1.0,UN
101,SDC-VD0520115A,M-1430,item:708073,41.236,41.236,29,130,1.0,KG
101,SDC-VD0508918A,M-1430,item:730384,1102.4,1102.4,83,184,1.0,M
101,SDC-VD1095770A,M-1430,item:734545,41.6,41.6,39,140,1.0,UN
101,SDC-1450,M-1430,item:773474,50204.5336,50204.5336,10,111,1.0,G
101,SDC-VD0951020A,M-1810,item:001757,10.9692,10.9692,42,143,1.0,KG
101,SDC-VD0519670A,M-1810,item:001848,5.75883,5.75883,5,106,1.0,KG
101,SDC-VD0951020A,M-1810,item:001848,2.46807,2.46807,48,149,1.0,KG
101,SDC-VD0910216A,M-1810,item:001893,27.552803,27.552803,32,133,1.0,KG
101,SDC-VD1091642A,M-1810,item:001893,10.42074,10.42074,31,132,1.0,KG
101,SDC-VD0518684A,M-1810,item:001893,5.21037,5.21037,91,192,1.0,KG
101,SDC-VD1091642A,M-1810,item:001893,8.919786,8.919786,48,149,1.0,KG
101,SDC-VD0910216A,M-1810,item:002612,7.250738,7.250738,19,120,1.0,KG
101,SDC-VD0990780A,M-1810,item:002612,2.7423,2.7423,28,129,1.0,KG
101,SDC-VD1091642A,M-1810,item:002612,0.685575,0.685575,37,138,1.0,KG
101,SDC-VD0500655A,M-1810,item:002612,0.685575,0.685575,47,148,1.0,KG
101,SDC-VD0990780A,M-1810,item:002612,2.347312,2.347312,31,132,1.0,KG
101,SDC-VD0514881A,M-1810,item:016332,3.29076,3.29076,54,155,1.0,KG
101,SDC-VD0519670A,M-1810,item:029313,0.27423,0.27423,87,188,1.0,KG
101,SDC-VD1096202A,M-1810,item:039668,0.27423,0.27423,44,145,1.0,KG
101,SDC-VD0520132A,M-1810,item:049371,10.14651,10.14651,97,198,1.0,KG
101,SDC-VD0914320A,M-1810,item:055703,0.383922,0.383922,15,116,1.0,KG
101,SDC-VD0964290A,M-1810,item:055703,0.164538,0.164538,49,150,1.0,KG
101,SDC-VD0505677A,M-1810,item:099439,13.711499,13.711499,42,143,1.0,KG
101,SDC-VD0901566A,M-1810,item:338928,10000.0,10000.0,60,161,1.0,UN
101,SDC-VD0914360C,M-1810,item:338929,6754.433213,6754.433213,39,140,1.0,UN
101,SDC-VD0989480A,M-1810,item:426331,74.298765,74.298765,24,125,1.0,UN
101,SDC-1450,M-1810,item:693055,2742.299884,2742.299884,128,229,1.0,G
101,M-1430,DC-1920,item:268967,5200.0,5200.0,5,106,1.0,UN
101,M-1810,DC-1920,item:268091,6754.433213,6754.433213,3,104,1.0,UN
101,DC-1920,C-XXXXX,item:268967,5200.0,5200.0,1,102,1.0,UN
101,DC-1920,C-XXXXX,item:268091,7180.151577,7180.151577,2,103,1.0,UN
101,SDC-VD0949099A,SDC-1450,item:021081,303.553176,319.529659,75,176,0.95,KG
101,SDC-VD0960508A,SDC-1450,item:021081,86.729479,86.729479,72,173,1.0,KG
101,SDC-VD0972460A,SDC-1450,item:021081,21.68237,21.68237,60,161,1.0,KG
101,SDC-VD0975221A,SDC-1450,item:021081,21.68237,21.68237,114,215,1.0,KG
101,SDC-1450,M-1810,item:007923,21938.399075,21938.399075,2,103,1.0,G
102,SDC-VD0520132A,M-1430,item:038005,90.995715,90.995715,79,181,1.0,KG
102,SDC-VD0914690A,M-1430,item:042342,313778.4,313778.4,7,109,1.0,UN
102,SDC-VD0525412A,M-1430,item:333362,5200.0,5200.0,52,154,1.0,UN
102,SDC-VD0993480A,M-1430,item:344135,5200.0,5200.0,53,155,1.0,UN
102,SDC-VD0520115A,M-1430,item:708073,41.236,41.236,10,112,1.0,KG
102,SDC-VD0508918A,M-1430,item:730384,1102.4,1102.4,35,137,1.0,M
102,SDC-VD1095770A,M-1430,item:734545,41.6,41.6,24,126,1.0,UN
102,SDC-1450,M-1430,item:773474,50204.5336,50204.5336,6,108,1.0,G
102,SDC-VD0951020A,M-1810,item:001757,10.964739,10.964739,36,138,1.0,KG
102,SDC-VD0519670A,M-1810,item:001848,5.756488,5.756488,27,129,1.0,KG
102,SDC-VD0951020A,M-1810,item:001848,2.467066,2.467066,74,176,1.0,KG
102,SDC-VD0910216A,M-1810,item:001893,36.457758,36.457758,25,127,1.0,KG
102,SDC-VD1091642A,M-1810,item:001893,10.416502,10.416502,30,132,1.0,KG
102,SDC-VD0518684A,M-1810,item:001893,5.208251,5.208251,51,153,1.0,KG
102,SDC-VD0910216A,M-1810,item:002612,9.594147,9.594147,21,123,1.0,KG
102,SDC-VD0990780A,M-1810,item:002612,2.741185,2.741185,28,130,1.0,KG
102,SDC-VD1091642A,M-1810,item:002612,0.685296,0.685296,25,127,1.0,KG
102,SDC-VD0500655A,M-1810,item:002612,0.685296,0.685296,17,119,1.0,KG
102,SDC-VD0514881A,M-1810,item:016332,3.289422,3.289422,47,149,1.0,KG
102,SDC-VD0519670A,M-1810,item:029313,0.274118,0.274118,59,161,1.0,KG
102,SDC-VD1096202A,M-1810,item:039668,0.274118,0.274118,31,133,1.0,KG
102,SDC-VD0520132A,M-1810,item:049371,10.142384,10.142384,41,143,1.0,KG
102,SDC-VD0914320A,M-1810,item:055703,0.383766,0.383766,13,115,1.0,KG
102,SDC-VD0964290A,M-1810,item:055703,0.164471,0.164471,31,133,1.0,KG
102,SDC-VD0505677A,M-1810,item:099439,13.705924,13.705924,12,114,1.0,KG
102,SDC-VD0901566A,M-1810,item:338928,10000.0,10000.0,63,165,1.0,UN
102,SDC-VD0914360C,M-1810,item:338929,6751.686643,6751.686643,33,135,1.0,UN
102,SDC-VD0989480A,M-1810,item:426331,74.268553,74.268553,29,131,1.0,UN
102,SDC-1450,M-1810,item:693055,2741.184777,2741.184777,70,172,1.0,G
102,M-1430,DC-1920,item:268967,5200.0,5200.0,2,104,1.0,UN
102,M-1810,DC-1920,item:268091,6751.686643,6751.686643,2,104,1.0,UN
102,DC-1920,C-XXXXX,item:268967,4836.138587,4836.138587,2,104,1.0,UN
102,DC-1920,C-XXXXX,item:268091,8897.804249,8897.804249,2,104,1.0,UN
102,SDC-VD0949099A,SDC-1450,item:021081,306.454879,322.584083,48,150,0.95,KG
102,SDC-VD0960508A,SDC-1450,item:021081,87.558537,87.558537,75,177,1.0,KG
102,SDC-VD0972460A,SDC-1450,item:021081,21.889634,21.889634,195,297,1.0,KG
102,SDC-VD0975221A,SDC-1450,item:021081,21.889634,21.889634,121,223,1.0,KG
102,SDC-1450,M-1810,item:007923,21929.478215,21929.478215,1,103,1.0,G
103,SDC-VD0520132A,M-1430,item:038005,90.995715,90.995715,308,411,1.0,KG
103,SDC-VD0914690A,M-1430,item:042342,313778.4,313778.4,18,121,1.0,UN
103,SDC-VD0525412A,M-1430,item:333362,5200.0,5200.0,66,169,1.0,UN
103,SDC-VD0993480A,M-1430,item:344135,5200.0,5200.0,48,151,1.0,UN
103,SDC-VD0520115A,M-1430,item:708073,41.236,41.236,29,132,1.0,KG
103,SDC-VD0508918A,M-1430,item:730384,1102.4,1102.4,39,142,1.0,M
103,SDC-VD1095770A,M-1430,item:734545,41.6,41.6,17,120,1.0,UN
103,SDC-1450,M-1430,item:773474,50204.5336,50204.5336,8,111,1.0,G
103,SDC-VD0951020A,M-1810,item:001757,10.963847,10.963847,82,185,1.0,KG
103,SDC-VD0519670A,M-1810,item:001848,5.75602,5.75602,12,115,1.0,KG
103,SDC-VD0951020A,M-1810,item:001848,2.466866,2.466866,40,143,1.0,KG
103,SDC-VD0910216A,M-1810,item:001893,36.454791,36.454791,33,136,1.0,KG
103,SDC-VD1091642A,M-1810,item:001893,10.415655,10.415655,71,174,1.0,KG
103,SDC-VD0518684A,M-1810,item:001893,5.207827,5.207827,35,138,1.0,KG
103,SDC-VD0910216A,M-1810,item:002612,9.593366,9.593366,24,127,1.0,KG
103,SDC-VD0990780A,M-1810,item:002612,2.740962,2.740962,26,129,1.0,KG
103,SDC-VD1091642A,M-1810,item:002612,0.68524,0.68524,44,147,1.0,KG
103,SDC-VD0500655A,M-1810,item:002612,0.68524,0.68524,21,124,1.0,KG
103,SDC-VD0514881A,M-1810,item:016332,3.289154,3.289154,35,138,1.0,KG
103,SDC-VD0519670A,M-1810,item:029313,0.274096,0.274096,48,151,1.0,KG
103,SDC-VD1096202A,M-1810,item:039668,0.274096,0.274096,38,141,1.0,KG
103,SDC-VD0520132A,M-1810,item:049371,10.141558,10.141558,187,290,1.0,KG
103,SDC-VD0914320A,M-1810,item:055703,0.383735,0.383735,19,122,1.0,KG
103,SDC-VD0964290A,M-1810,item:055703,0.164458,0.164458,56,159,1.0,KG
103,SDC-VD0505677A,M-1810,item:099439,13.704809,13.704809,23,126,1.0,KG
103,SDC-VD0901566A,M-1810,item:338928,10000.0,10000.0,121,224,1.0,UN
103,SDC-VD0914360C,M-1810,item:338929,6751.137329,6751.137329,16,119,1.0,UN
103,SDC-VD0989480A,M-1810,item:426331,74.262511,74.262511,24,127,1.0,UN
103,SDC-1450,M-1810,item:693055,2740.961755,2740.961755,83,186,1.0,G
103,M-1430,DC-1920,item:268967,5200.0,5200.0,1,104,1.0,UN
103,M-1810,DC-1920,item:268091,6751.137329,6751.137329,3,106,1.0,UN
103,DC-1920,C-XXXXX,item:268967,5200.0,5200.0,3,106,1.0,UN
103,SDC-VD0949099A,SDC-1450,item:021081,308.580238,324.821303,224,327,0.95,KG
103,SDC-VD0960508A,SDC-1450,item:021081,88.165782,88.165782,86,189,1.0,KG
103,SDC-VD0972460A,SDC-1450,item:021081,22.041446,22.041446,105,208,1.0,KG
103,SDC-VD0975221A,SDC-1450,item:021081,22.041446,22.041446,34,137,1.0,KG
103,SDC-1450,M-1810,item:007923,21927.694043,21927.694043,1,104,1.0,G
104,SDC-VD0520132A,M-1430,item:038005,9.236473,9.236473,106,210,1.0,KG
104,SDC-VD0914690A,M-1430,item:042342,313778.4,313778.4,22,126,1.0,UN
104,SDC-VD0525412A,M-1430,item:333362,5200.0,5200.0,52,156,1.0,UN
104,SDC-VD0993480A,M-1430,item:344135,5200.0,5200.0,31,135,1.0,UN
104,SDC-VD0520115A,M-1430,item:708073,41.236,41.236,16,120,1.0,KG
104,SDC-VD0508918A,M-1430,item:730384,1102.4,1102.4,111,215,1.0,M
104,SDC-VD1095770A,M-1430,item:734545,41.6,41.6,27,131,1.0,UN
104,SDC-1450,M-1430,item:773474,50204.5336,50204.5336,12,116,1.0,G
104,SDC-VD0951020A,M-1810,item:001757,10.963669,10.963669,79,183,1.0,KG
104,SDC-VD0519670A,M-1810,item:001848,5.755926,5.755926,19,123,1.0,KG
104,SDC-VD0951020A,M-1810,item:001848,2.466825,2.466825,87,191,1.0,KG
104,SDC-VD0910216A,M-1810,item:001893,36.454198,36.454198,27,131,1.0,KG
104,SDC-VD1091642A,M-1810,item:001893,10.415485,10.415485,37,141,1.0,KG
104,SDC-VD0518684A,M-1810,item:001893,5.207743,5.207743,98,202,1.0,KG
104,SDC-VD0910216A,M-1810,item:002612,9.59321,9.59321,48,152,1.0,KG
104,SDC-VD0990780A,M-1810,item:002612,2.740917,2.740917,36,140,1.0,KG
104,SDC-VD1091642A,M-1810,item:002612,0.685229,0.685229,31,135,1.0,KG
104,SDC-VD0500655A,M-1810,item:002612,0.685229,0.685229,21,125,1.0,KG
104,SDC-VD0514881A,M-1810,item:016332,3.289101,3.289101,38,142,1.0,KG
104,SDC-VD0519670A,M-1810,item:029313,0.274092,0.274092,74,178,1.0,KG
104,SDC-VD1096202A,M-1810,item:039668,0.274092,0.274092,18,122,1.0,KG
104,SDC-VD0520132A,M-1810,item:049371,10.141393,10.141393,201,305,1.0,KG
104,SDC-VD0914320A,M-1810,item:055703,0.383728,0.383728,27,131,1.0,KG
104,SDC-VD0964290A,M-1810,item:055703,0.164455,0.164455,66,170,1.0,KG
104,SDC-VD0505677A,M-1810,item:099439,13.704586,13.704586,38,142,1.0,KG
104,SDC-VD0901566A,M-1810,item:338928,10000.0,10000.0,60,164,1.0,UN
104,SDC-VD0914360C,M-1810,item:338929,6751.027466,6751.027466,66,170,1.0,UN
104,SDC-VD0989480A,M-1810,item:426331,74.261302,74.261302,49,153,1.0,UN
104,SDC-1450,M-1810,item:693055,2740.917151,2740.917151,110,214,1.0,G
104,M-1430,DC-1920,item:268967,5200.0,5200.0,3,107,1.0,UN
104,M-1810,DC-1920,item:268091,6751.027466,6751.027466,3,107,1.0,UN
104,DC-1920,C-XXXXX,item:268967,15600.0,15600.0,2,106,1.0,UN
104,DC-1920,C-XXXXX,item:268091,20342.950171,20342.950171,2,106,1.0,UN
104,SDC-VD0949099A,SDC-1450,item:021081,310.125256,326.447638,191,295,0.95,KG
104,SDC-VD0960508A,SDC-1450,item:021081,88.607216,88.607216,51,155,1.0,KG
104,SDC-VD0972460A,SDC-1450,item:021081,22.151804,22.151804,215,319,1.0,KG
104,SDC-VD0975221A,SDC-1450,item:021081,22.151804,22.151804,82,186,1.0,KG
104,SDC-1450,M-1810,item:007923,21927.337209,21927.337209,1,105,1.0,G
105,SDC-VD0914690A,M-1430,item:042342,66224.382358,66224.382358,30,135,1.0,UN
105,SDC-VD0525412A,M-1430,item:333362,1097.484047,1097.484047,81,186,1.0,UN
105,SDC-VD0993480A,M-1430,item:344135,1097.484047,1097.484047,56,161,1.0,UN
105,SDC-VD0520115A,M-1430,item:708073,8.703048,8.703048,21,126,1.0,KG
105,SDC-VD0508918A,M-1430,item:730384,232.666618,232.666618,66,171,1.0,M
105,SDC-VD1095770A,M-1430,item:734545,8.779872,8.779872,15,120,1.0,UN
105,SDC-1450,M-1430,item:773474,10595.898982,10595.898982,12,117,1.0,G
105,SDC-VD0951020A,M-1810,item:001757,19.122795,19.122795,22,127,1.0,KG
105,SDC-VD0519670A,M-1810,item:001848,10.039467,10.039467,12,117,1.0,KG
105,SDC-VD0951020A,M-1810,item:001848,4.302629,4.302629,100,205,1.0,KG
105,SDC-VD0910216A,M-1810,item:001893,46.679425,46.679425,34,139,1.0,KG
105,SDC-VD1091642A,M-1810,item:001893,18.166655,18.166655,84,189,1.0,KG
105,SDC-VD0518684A,M-1810,item:001893,9.083327,9.083327,40,145,1.0,KG
105,SDC-VD1091642A,M-1810,item:001893,16.903867,16.903867,73,178,1.0,KG
105,SDC-VD0910216A,M-1810,item:002612,12.284059,12.284059,57,162,1.0,KG
105,SDC-VD0990780A,M-1810,item:002612,4.780699,4.780699,51,156,1.0,KG
105,SDC-VD1091642A,M-1810,item:002612,1.195175,1.195175,34,139,1.0,KG
105,SDC-VD0500655A,M-1810,item:002612,1.195175,1.195175,4,109,1.0,KG
105,SDC-VD0990780A,M-1810,item:002612,4.448386,4.448386,22,127,1.0,KG
105,SDC-VD0514881A,M-1810,item:016332,5.736838,5.736838,98,203,1.0,KG
105,SDC-VD0519670A,M-1810,item:029313,0.47807,0.47807,112,217,1.0,KG
105,SDC-VD1096202A,M-1810,item:039668,0.47807,0.47807,45,150,1.0,KG
105,SDC-VD0520132A,M-1810,item:049371,17.688585,17.688585,234,339,1.0,KG
105,SDC-VD0914320A,M-1810,item:055703,0.669298,0.669298,27,132,1.0,KG
105,SDC-VD0964290A,M-1810,item:055703,0.286842,0.286842,54,159,1.0,KG
105,SDC-VD0505677A,M-1810,item:099439,23.903493,23.903493,3,108,1.0,KG
105,SDC-VD0901566A,M-1810,item:338928,10000.0,10000.0,24,129,1.0,UN
105,SDC-VD0914360C,M-1810,item:338929,11775.119779,11775.119779,23,128,1.0,UN
105,SDC-VD0989480A,M-1810,item:426331,129.526318,129.526318,9,114,1.0,UN
105,SDC-1450,M-1810,item:693055,4780.69863,4780.69863,42,147,1.0,G
105,M-1430,DC-1920,item:268967,1097.484047,1097.484047,3,108,1.0,UN
105,M-1810,DC-1920,item:268091,11775.119779,11775.119779,6,111,1.0,UN
105,DC-1920,C-XXXXX,item:268091,6768.166063,6768.166063,1,106,1.0,UN
105,SDC-VD0949099A,SDC-1450,item:021081,311.245203,327.62653,63,168,0.95,KG
105,SDC-VD0960508A,SDC-1450,item:021081,88.927201,88.927201,152,257,1.0,KG
105,SDC-VD0972460A,SDC-1450,item:021081,22.2318,22.2318,221,326,1.0,KG
105,SDC-VD0975221A,SDC-1450,item:021081,22.2318,22.2318,92,197,1.0,KG
105,SDC-1450,M-1810,item:007923,38245.589041,38245.589041,1,106,1.0,G
106,SDC-VD0914690A,M-1430,item:042342,13244.876472,13244.876472,24,130,1.0,UN
106,SDC-VD0525412A,M-1430,item:333362,219.496809,219.496809,67,173,1.0,UN
106,SDC-VD0993480A,M-1430,item:344135,219.496809,219.496809,34,140,1.0,UN
106,SDC-VD0520115A,M-1430,item:708073,1.74061,1.74061,11,117,1.0,KG
106,SDC-VD0508918A,M-1430,item:730384,46.533324,46.533324,50,156,1.0,M
106,SDC-VD1095770A,M-1430,item:734545,1.755974,1.755974,10,116,1.0,UN
106,SDC-1450,M-1430,item:773474,2119.179796,2119.179796,23,129,1.0,G
106,SDC-VD0951020A,M-1810,item:001757,19.3256,19.3256,47,153,1.0,KG
106,SDC-VD0519670A,M-1810,item:001848,10.14594,10.14594,18,124,1.0,KG
106,SDC-VD0951020A,M-1810,item:001848,4.34826,4.34826,13,119,1.0,KG
106,SDC-VD0910216A,M-1810,item:001893,39.770245,39.770245,27,133,1.0,KG
106,SDC-VD1091642A,M-1810,item:001893,18.35932,18.35932,72,178,1.0,KG
106,SDC-VD0518684A,M-1810,item:001893,9.17966,9.17966,50,156,1.0,KG
106,SDC-VD1091642A,M-1810,item:001893,24.487375,24.487375,26,132,1.0,KG
106,SDC-VD0910216A,M-1810,item:002612,10.465854,10.465854,30,136,1.0,KG
106,SDC-VD0990780A,M-1810,item:002612,4.8314,4.8314,44,150,1.0,KG
106,SDC-VD1091642A,M-1810,item:002612,1.20785,1.20785,37,143,1.0,KG
106,SDC-VD0500655A,M-1810,item:002612,1.20785,1.20785,28,134,1.0,KG
106,SDC-VD0990780A,M-1810,item:002612,6.444046,6.444046,20,126,1.0,KG
106,SDC-VD0514881A,M-1810,item:016332,5.79768,5.79768,36,142,1.0,KG
106,SDC-VD0519670A,M-1810,item:029313,0.48314,0.48314,72,178,1.0,KG
106,SDC-VD1096202A,M-1810,item:039668,0.48314,0.48314,45,151,1.0,KG
106,SDC-VD0520132A,M-1810,item:049371,17.87618,17.87618,128,234,1.0,KG
106,SDC-VD0914320A,M-1810,item:055703,0.676396,0.676396,9,115,1.0,KG
106,SDC-VD0964290A,M-1810,item:055703,0.289884,0.289884,28,134,1.0,KG
106,SDC-VD0505677A,M-1810,item:099439,24.157,24.157,31,137,1.0,KG
106,SDC-VD0901566A,M-1810,item:338928,10000.0,10000.0,98,204,1.0,UN
106,SDC-VD0914360C,M-1810,item:338929,11900.0,11900.0,35,141,1.0,UN
106,SDC-VD0989480A,M-1810,item:426331,130.9,130.9,2,108,1.0,UN
106,SDC-1450,M-1810,item:693055,4831.4,4831.4,51,157,1.0,G
106,M-1430,DC-1920,item:268967,219.496809,219.496809,2,108,1.0,UN
106,M-1810,DC-1920,item:268091,11900.0,11900.0,2,108,1.0,UN
106,DC-1920,C-XXXXX,item:268967,5200.0,5200.0,2,108,1.0,UN
106,DC-1920,C-XXXXX,item:268091,6751.137329,6751.137329,1,107,1.0,UN
106,SDC-VD0949099A,SDC-1450,item:021081,262.481979,276.29682,110,216,0.95,KG
106,SDC-VD0960508A,SDC-1450,item:021081,74.994851,74.994851,217,323,1.0,KG
106,SDC-VD0972460A,SDC-1450,item:021081,18.748713,18.748713,240,346,1.0,KG
106,SDC-VD0975221A,SDC-1450,item:021081,18.748713,18.748713,62,168,1.0,KG
106,SDC-1450,M-1810,item:007923,38651.2,38651.2,2,108,1.0,G
107,SDC-VD0914690A,M-1430,item:042342,2648.975294,2648.975294,21,128,1.0,UN
107,SDC-VD0525412A,M-1430,item:333362,43.899362,43.899362,42,149,1.0,UN
107,SDC-VD0993480A,M-1430,item:344135,43.899362,43.899362,31,138,1.0,UN
107,SDC-VD0520115A,M-1430,item:708073,0.348122,0.348122,9,116,1.0,KG
107,SDC-VD0508918A,M-1430,item:730384,9.306665,9.306665,53,160,1.0,M
107,SDC-VD1095770A,M-1430,item:734545,0.351195,0.351195,24,131,1.0,UN
107,SDC-1450,M-1430,item:773474,423.835959,423.835959,12,119,1.0,G
107,SDC-VD0951020A,M-1810,item:001757,19.3256,19.3256,83,190,1.0,KG
107,SDC-VD0519670A,M-1810,item:001848,10.14594,10.14594,42,149,1.0,KG
107,SDC-VD0951020A,M-1810,item:001848,4.34826,4.34826,28,135,1.0,KG
107,SDC-VD0910216A,M-1810,item:001893,39.773373,39.773373,19,126,1.0,KG
107,SDC-VD1091642A,M-1810,item:001893,18.35932,18.35932,36,143,1.0,KG
107,SDC-VD0518684A,M-1810,item:001893,9.17966,9.17966,49,156,1.0,KG
107,SDC-VD1091642A,M-1810,item:001893,24.484247,24.484247,8,115,1.0,KG
107,SDC-VD0910216A,M-1810,item:002612,10.466677,10.466677,14,121,1.0,KG
107,SDC-VD0990780A,M-1810,item:002612,4.8314,4.8314,20,127,1.0,KG
107,SDC-VD1091642A,M-1810,item:002612,1.20785,1.20785,29,136,1.0,KG
107,SDC-VD0500655A,M-1810,item:002612,1.20785,1.20785,56,163,1.0,KG
107,SDC-VD0990780A,M-1810,item:002612,6.443223,6.443223,45,152,1.0,KG
107,SDC-VD0514881A,M-1810,item:016332,5.79768,5.79768,31,138,1.0,KG
107,SDC-VD0519670A,M-1810,item:029313,0.48314,0.48314,83,190,1.0,KG
107,SDC-VD1096202A,M-1810,item:039668,0.48314,0.48314,31,138,1.0,KG
107,SDC-VD0520132A,M-1810,item:049371,17.87618,17.87618,207,314,1.0,KG
107,SDC-VD0914320A,M-1810,item:055703,0.676396,0.676396,13,120,1.0,KG
107,SDC-VD0964290A,M-1810,item:055703,0.289884,0.289884,38,145,1.0,KG
107,SDC-VD0505677A,M-1810,item:099439,24.157,24.157,23,130,1.0,KG
107,SDC-VD0901566A,M-1810,item:338928,10000.0,10000.0,23,130,1.0,UN
107,SDC-VD0914360C,M-1810,item:338929,11900.0,11900.0,73,180,1.0,UN
107,SDC-VD0989480A,M-1810,item:426331,130.9,130.9,17,124,1.0,UN
107,SDC-1450,M-1810,item:693055,4831.4,4831.4,41,148,1.0,G
107,M-1430,DC-1920,item:268967,43.899362,43.899362,2,109,1.0,UN
107,M-1810,DC-1920,item:268091,11900.0,11900.0,3,110,1.0,UN
107,DC-1920,C-XXXXX,item:268967,5200.0,5200.0,1,108,1.0,UN
107,DC-1920,C-XXXXX,item:268091,6751.027466,6751.027466,3,110,1.0,UN
107,SDC-VD0949099A,SDC-1450,item:021081,202.885304,213.563478,62,169,0.95,KG
107,SDC-VD0960508A,SDC-1450,item:021081,57.96723,57.96723,200,307,1.0,KG
107,SDC-VD0972460A,SDC-1450,item:021081,14.491807,14.491807,155,262,1.0,KG
107,SDC-VD0975221A,SDC-1450,item:021081,14.491807,14.491807,240,347,1.0,KG
107,SDC-1450,M-1810,item:007923,38651.2,38651.2,2,109,1.0,G
108,SDC-VD0914690A,M-1430,item:042342,529.795059,529.795059,10,118,1.0,UN
108,SDC-VD0525412A,M-1430,item:333362,8.779872,8.779872,105,213,1.0,UN
108,SDC-VD0993480A,M-1430,item:344135,8.779872,8.779872,19,127,1.0,UN
108,SDC-VD0520115A,M-1430,item:708073,0.069624,0.069624,30,138,1.0,KG
108,SDC-VD0508918A,M-1430,item:730384,1.861333,1.861333,65,173,1.0,M
108,SDC-VD1095770A,M-1430,item:734545,0.070239,0.070239,27,135,1.0,UN
108,SDC-1450,M-1430,item:773474,84.767192,84.767192,9,117,1.0,G
108,SDC-VD0951020A,M-1810,item:001757,19.3256,19.3256,138,246,1.0,KG
108,SDC-VD0519670A,M-1810,item:001848,10.14594,10.14594,11,119,1.0,KG
108,SDC-VD0951020A,M-1810,item:001848,4.34826,4.34826,43,151,1.0,KG
108,SDC-VD0910216A,M-1810,item:001893,39.773999,39.773999,36,144,1.0,KG
108,SDC-VD1091642A,M-1810,item:001893,18.35932,18.35932,24,132,1.0,KG
108,SDC-VD0518684A,M-1810,item:001893,9.17966,9.17966,36,144,1.0,KG
108,SDC-VD1091642A,M-1810,item:001893,24.483621,24.483621,42,150,1.0,KG
108,SDC-VD0910216A,M-1810,item:002612,10.466842,10.466842,42,150,1.0,KG
108,SDC-VD0990780A,M-1810,item:002612,4.8314,4.8314,43,151,1.0,KG
108,SDC-VD1091642A,M-1810,item:002612,1.20785,1.20785,70,178,1.0,KG
108,SDC-VD0500655A,M-1810,item:002612,1.20785,1.20785,8,116,1.0,KG
108,SDC-VD0990780A,M-1810,item:002612,6.443058,6.443058,29,137,1.0,KG
108,SDC-VD0514881A,M-1810,item:016332,5.79768,5.79768,63,171,1.0,KG
108,SDC-VD0519670A,M-1810,item:029313,0.48314,0.48314,49,157,1.0,KG
108,SDC-VD1096202A,M-1810,item:039668,0.48314,0.48314,37,145,1.0,KG
108,SDC-VD0520132A,M-1810,item:049371,17.87618,17.87618,230,338,1.0,KG
108,SDC-VD0914320A,M-1810,item:055703,0.676396,0.676396,27,135,1.0,KG
108,SDC-VD0964290A,M-1810,item:055703,0.289884,0.289884,28,136,1.0,KG
108,SDC-VD0505677A,M-1810,item:099439,24.157,24.157,35,143,1.0,KG
108,SDC-VD0901566A,M-1810,item:338928,10000.0,10000.0,38,146,1.0,UN
108,SDC-VD0914360C,M-1810,item:338929,11900.0,11900.0,17,125,1.0,UN
108,SDC-VD0989480A,M-1810,item:426331,130.9,130.9,37,145,1.0,UN
108,SDC-1450,M-1810,item:693055,4831.4,4831.4,61,169,1.0,G
108,M-1430,DC-1920,item:268967,8.779872,8.779872,3,111,1.0,UN
108,M-1810,DC-1920,item:268091,11900.0,11900.0,4,112,1.0,UN
108,DC-1920,C-XXXXX,item:268967,1316.980856,1316.980856,2,110,1.0,UN
108,DC-1920,C-XXXXX,item:268091,11900.0,11900.0,3,111,1.0,UN
108,SDC-VD0949099A,SDC-1450,item:021081,150.919381,158.862506,93,201,0.95,KG
108,SDC-VD0960508A,SDC-1450,item:021081,43.119823,43.119823,222,330,1.0,KG
108,SDC-VD0972460A,SDC-1450,item:021081,10.779956,10.779956,46,154,1.0,KG
108,SDC-VD0975221A,SDC-1450,item:021081,10.779956,10.779956,118,226,1.0,KG
108,SDC-1450,M-1810,item:007923,38651.2,38651.2,1,109,1.0,G
109,SDC-VD0914690A,M-1430,item:042342,105.959012,105.959012,12,121,1.0,UN
109,SDC-VD0525412A,M-1430,item:333362,1.755974,1.755974,56,165,1.0,UN
109,SDC-VD0993480A,M-1430,item:344135,1.755974,1.755974,32,141,1.0,UN
109,SDC-VD0520115A,M-1430,item:708073,0.013925,0.013925,14,123,1.0,KG
109,SDC-VD0508918A,M-1430,item:730384,0.372267,0.372267,112,221,1.0,M
109,SDC-VD1095770A,M-1430,item:734545,0.014048,0.014048,21,130,1.0,UN
109,SDC-1450,M-1430,item:773474,16.953438,16.953438,17,126,1.0,G
109,SDC-VD0951020A,M-1810,item:001757,19.3256,19.3256,138,247,1.0,KG
109,SDC-VD0519670A,M-1810,item:001848,10.14594,10.14594,41,150,1.0,KG
109,SDC-VD0951020A,M-1810,item:001848,4.34826,4.34826,24,133,1.0,KG
109,SDC-VD0910216A,M-1810,item:001893,38.63912,38.63912,30,139,1.0,KG
109,SDC-VD1091642A,M-1810,item:001893,18.35932,18.35932,29,138,1.0,KG
109,SDC-VD0518684A,M-1810,item:001893,9.17966,9.17966,98,207,1.0,KG
109,SDC-VD1091642A,M-1810,item:001893,25.6185,25.6185,34,143,1.0,KG
109,SDC-VD0910216A,M-1810,item:002612,10.168189,10.168189,51,160,1.0,KG
109,SDC-VD0990780A,M-1810,item:002612,4.8314,4.8314,27,136,1.0,KG
109,SDC-VD1091642A,M-1810,item:002612,1.20785,1.20785,24,133,1.0,KG
109,SDC-VD0500655A,M-1810,item:002612,1.20785,1.20785,34,143,1.0,KG
109,SDC-VD0990780A,M-1810,item:002612,6.741711,6.741711,24,133,1.0,KG
109,SDC-VD0514881A,M-1810,item:016332,5.79768,5.79768,49,158,1.0,KG
109,SDC-VD0519670A,M-1810,item:029313,0.48314,0.48314,37,146,1.0,KG
109,SDC-VD1096202A,M-1810,item:039668,0.48314,0.48314,7,116,1.0,KG
109,SDC-VD0520132A,M-1810,item:049371,17.87618,17.87618,103,212,1.0,KG
109,SDC-VD0914320A,M-1810,item:055703,0.676396,0.676396,33,142,1.0,KG
109,SDC-VD0964290A,M-1810,item:055703,0.289884,0.289884,70,179,1.0,KG
109,SDC-VD0505677A,M-1810,item:099439,24.157,24.157,20,129,1.0,KG
109,SDC-VD0901566A,M-1810,item:338928,10000.0,10000.0,18,127,1.0,UN
109,SDC-VD0914360C,M-1810,item:338929,11900.0,11900.0,36,145,1.0,UN
109,SDC-VD0989480A,M-1810,item:426331,130.9,130.9,44,153,1.0,UN
109,SDC-1450,M-1810,item:693055,4831.4,4831.4,22,131,1.0,G
109,M-1430,DC-1920,item:268967,1.755974,1.755974,3,112,1.0,UN
109,M-1810,DC-1920,item:268091,11900.0,11900.0,4,113,1.0,UN
109,DC-1920,C-XXXXX,item:268967,43.899362,43.899362,1,110,1.0,UN
109,SDC-VD0949099A,SDC-1450,item:021081,110.448415,116.261489,128,237,0.95,KG
109,SDC-VD0960508A,SDC-1450,item:021081,31.55669,31.55669,91,200,1.0,KG
109,SDC-VD0972460A,SDC-1450,item:021081,7.889172,7.889172,94,203,1.0,KG
109,SDC-VD0975221A,SDC-1450,item:021081,7.889172,7.889172,101,210,1.0,KG
109,SDC-1450,M-1810,item:007923,38651.2,38651.2,2,111,1.0,G
110,SDC-VD0914690A,M-1430,item:042342,21.191802,21.191802,13,123,1.0,UN
110,SDC-VD0525412A,M-1430,item:333362,0.351195,0.351195,86,196,1.0,UN
110,SDC-VD0993480A,M-1430,item:344135,0.351195,0.351195,12,122,1.0,UN
110,SDC-VD0520115A,M-1430,item:708073,0.002785,0.002785,54,164,1.0,KG
110,SDC-VD0508918A,M-1430,item:730384,0.074453,0.074453,57,167,1.0,M
110,SDC-VD1095770A,M-1430,item:734545,0.00281,0.00281,34,144,1.0,UN
110,SDC-1450,M-1430,item:773474,3.390688,3.390688,4,114,1.0,G
110,SDC-VD0951020A,M-1810,item:001757,19.3256,19.3256,99,209,1.0,KG
110,SDC-VD0519670A,M-1810,item:001848,10.14594,10.14594,7,117,1.0,KG
110,SDC-VD0951020A,M-1810,item:001848,4.34826,4.34826,27,137,1.0,KG
110,SDC-VD0910216A,M-1810,item:001893,38.227129,38.227129,12,122,1.0,KG
110,SDC-VD1091642A,M-1810,item:001893,18.35932,18.35932,75,185,1.0,KG
110,SDC-VD0518684A,M-1810,item:001893,9.17966,9.17966,23,133,1.0,KG
110,SDC-VD1091642A,M-1810,item:001893,26.030491,26.030491,36,146,1.0,KG
110,SDC-VD0910216A,M-1810,item:002612,10.059771,10.059771,28,138,1.0,KG
110,SDC-VD0990780A,M-1810,item:002612,4.8314,4.8314,28,138,1.0,KG
110,SDC-VD1091642A,M-1810,item:002612,1.20785,1.20785,19,129,1.0,KG
110,SDC-VD0500655A,M-1810,item:002612,1.20785,1.20785,17,127,1.0,KG
110,SDC-VD0990780A,M-1810,item:002612,6.850129,6.850129,41,151,1.0,KG
110,SDC-VD0514881A,M-1810,item:016332,5.79768,5.79768,36,146,1.0,KG
110,SDC-VD0519670A,M-1810,item:029313,0.48314,0.48314,75,185,1.0,KG
110,SDC-VD1096202A,M-1810,item:039668,0.48314,0.48314,18,128,1.0,KG
110,SDC-VD0520132A,M-1810,item:049371,17.87618,17.87618,172,282,1.0,KG
110,SDC-VD0914320A,M-1810,item:055703,0.676396,0.676396,4,114,1.0,KG
110,SDC-VD0964290A,M-1810,item:055703,0.289884,0.289884,29,139,1.0,KG
110,SDC-VD0505677A,M-1810,item:099439,24.157,24.157,26,136,1.0,KG
110,SDC-VD0901566A,M-1810,item:338928,10000.0,10000.0,74,184,1.0,UN
110,SDC-VD0914360C,M-1810,item:338929,11900.0,11900.0,67,177,1.0,UN
110,SDC-VD0989480A,M-1810,item:426331,130.9,130.9,43,153,1.0,UN
110,SDC-1450,M-1810,item:693055,4831.4,4831.4,106,216,1.0,G
110,M-1430,DC-1920,item:268967,0.351195,0.351195,3,113,1.0,UN
110,M-1810,DC-1920,item:268091,11900.0,11900.0,3,113,1.0,UN
110,DC-1920,C-XXXXX,item:268091,11900.0,11900.0,4,114,1.0,UN
110,SDC-VD0949099A,SDC-1450,item:021081,80.285758,84.511324,105,215,0.95,KG
110,SDC-VD0960508A,SDC-1450,item:021081,22.938788,22.938788,167,277,1.0,KG
110,SDC-VD0972460A,SDC-1450,item:021081,5.734697,5.734697,101,211,1.0,KG
110,SDC-VD0975221A,SDC-1450,item:021081,5.734697,5.734697,88,198,1.0,KG
110,SDC-1450,M-1810,item:007923,38651.2,38651.2,1,111,1.0,G
111,SDC-VD0914690A,M-1430,item:042342,4.23836,4.23836,20,131,1.0,UN
111,SDC-VD0525412A,M-1430,item:333362,0.070239,0.070239,51,162,1.0,UN
111,SDC-VD0993480A,M-1430,item:344135,0.070239,0.070239,27,138,1.0,UN
111,SDC-VD0520115A,M-1430,item:708073,0.000557,0.000557,24,135,1.0,KG
111,SDC-VD0508918A,M-1430,item:730384,0.014891,0.014891,48,159,1.0,M
111,SDC-VD1095770A,M-1430,item:734545,0.000562,0.000562,31,142,1.0,UN
111,SDC-1450,M-1430,item:773474,0.678138,0.678138,5,116,1.0,G
111,SDC-VD0951020A,M-1810,item:001757,19.3256,19.3256,90,201,1.0,KG
111,SDC-VD0519670A,M-1810,item:001848,10.14594,10.14594,42,153,1.0,KG
111,SDC-VD0951020A,M-1810,item:001848,4.34826,4.34826,65,176,1.0,KG
111,SDC-VD0910216A,M-1810,item:001893,38.14473,38.14473,10,121,1.0,KG
111,SDC-VD1091642A,M-1810,item:001893,18.35932,18.35932,53,164,1.0,KG
111,SDC-VD0518684A,M-1810,item:001893,9.17966,9.17966,28,139,1.0,KG
111,SDC-VD1091642A,M-1810,item:001893,26.11289,26.11289,33,144,1.0,KG
111,SDC-VD0910216A,M-1810,item:002612,10.038087,10.038087,55,166,1.0,KG
111,SDC-VD0990780A,M-1810,item:002612,4.8314,4.8314,29,140,1.0,KG
111,SDC-VD1091642A,M-1810,item:002612,1.20785,1.20785,41,152,1.0,KG
111,SDC-VD0500655A,M-1810,item:002612,1.20785,1.20785,13,124,1.0,KG
111,SDC-VD0990780A,M-1810,item:002612,6.871813,6.871813,21,132,1.0,KG
111,SDC-VD0514881A,M-1810,item:016332,5.79768,5.79768,17,128,1.0,KG
111,SDC-VD0519670A,M-1810,item:029313,0.48314,0.48314,51,162,1.0,KG
111,SDC-VD1096202A,M-1810,item:039668,0.48314,0.48314,62,173,1.0,KG
111,SDC-VD0520132A,M-1810,item:049371,17.87618,17.87618,106,217,1.0,KG
111,SDC-VD0914320A,M-1810,item:055703,0.676396,0.676396,37,148,1.0,KG
111,SDC-VD0964290A,M-1810,item:055703,0.289884,0.289884,49,160,1.0,KG
111,SDC-VD0505677A,M-1810,item:099439,24.157,24.157,27,138,1.0,KG
111,SDC-VD0901566A,M-1810,item:338928,10000.0,10000.0,50,161,1.0,UN
111,SDC-VD0914360C,M-1810,item:338929,11900.0,11900.0,43,154,1.0,UN
111,SDC-VD0989480A,M-1810,item:426331,130.9,130.9,6,117,1.0,UN
111,SDC-1450,M-1810,item:693055,4831.4,4831.4,100,211,1.0,G
111,M-1430,DC-1920,item:268967,0.070239,0.070239,2,113,1.0,UN
111,M-1810,DC-1920,item:268091,11900.0,11900.0,2,113,1.0,UN
111,DC-1920,C-XXXXX,item:268967,8.779872,8.779872,4,115,1.0,UN
111,DC-1920,C-XXXXX,item:268091,11775.119779,11775.119779,2,113,1.0,UN
111,SDC-VD0949099A,SDC-1450,item:021081,58.200318,61.263493,240,351,0.95,KG
111,SDC-VD0960508A,SDC-1450,item:021081,16.628662,16.628662,162,273,1.0,KG
111,SDC-VD0972460A,SDC-1450,item:021081,4.157166,4.157166,119,230,1.0,KG
111,SDC-VD0975221A,SDC-1450,item:021081,4.157166,4.157166,90,201,1.0,KG
111,SDC-1450,M-1810,item:007923,38651.2,38651.2,1,112,1.0,G
112,SDC-VD0914690A,M-1430,item:042342,0.847672,0.847672,19,131,1.0,UN
112,SDC-VD0525412A,M-1430,item:333362,0.014048,0.014048,113,225,1.0,UN
112,SDC-VD0993480A,M-1430,item:344135,0.014048,0.014048,32,144,1.0,UN
112,SDC-VD0520115A,M-1430,item:708073,0.000111,0.000111,21,133,1.0,KG
112,SDC-VD0508918A,M-1430,item:730384,0.002978,0.002978,30,142,1.0,M
112,SDC-VD1095770A,M-1430,item:734545,0.000112,0.000112,13,125,1.0,UN
112,SDC-1450,M-1430,item:773474,0.135628,0.135628,4,116,1.0,G
112,SDC-VD0951020A,M-1810,item:001757,15.708879,15.708879,22,134,1.0,KG
112,SDC-VD0519670A,M-1810,item:001848,8.247162,8.247162,20,132,1.0,KG
112,SDC-VD0951020A,M-1810,item:001848,3.534498,3.534498,70,182,1.0,KG
112,SDC-VD0910216A,M-1810,item:001893,38.128251,38.128251,28,140,1.0,KG
112,SDC-VD1091642A,M-1810,item:001893,14.923436,14.923436,38,150,1.0,KG
112,SDC-VD0518684A,M-1810,item:001893,7.461718,7.461718,52,164,1.0,KG
112,SDC-VD1091642A,M-1810,item:001893,14.103774,14.103774,21,133,1.0,KG
112,SDC-VD0910216A,M-1810,item:002612,10.03375,10.03375,14,126,1.0,KG
112,SDC-VD0990780A,M-1810,item:002612,3.554391,3.554391,27,139,1.0,KG
112,SDC-VD1091642A,M-1810,item:002612,0.981805,0.981805,24,136,1.0,KG
112,SDC-VD0500655A,M-1810,item:002612,0.981805,0.981805,23,135,1.0,KG
112,SDC-VD1091642A,M-1810,item:002612,4.084348,4.084348,61,173,1.0,KG
112,SDC-VD0514881A,M-1810,item:016332,4.712664,4.712664,17,129,1.0,KG
112,SDC-VD0519670A,M-1810,item:029313,0.392722,0.392722,27,139,1.0,KG
112,SDC-VD1096202A,M-1810,item:039668,0.392722,0.392722,14,126,1.0,KG
112,SDC-VD0520132A,M-1810,item:049371,14.530714,14.530714,153,265,1.0,KG
112,SDC-VD0914320A,M-1810,item:055703,0.549811,0.549811,18,130,1.0,KG
112,SDC-VD0964290A,M-1810,item:055703,0.235633,0.235633,84,196,1.0,KG
112,SDC-VD0505677A,M-1810,item:099439,19.636099,19.636099,31,143,1.0,KG
112,SDC-VD0901566A,M-1810,item:338928,10000.0,10000.0,54,166,1.0,UN
112,SDC-VD0914360C,M-1810,item:338929,9672.955351,9672.955351,46,158,1.0,UN
112,SDC-VD0989480A,M-1810,item:426331,106.402509,106.402509,22,134,1.0,UN
112,SDC-1450,M-1810,item:693055,3927.219873,3927.219873,48,160,1.0,G
112,M-1430,DC-1920,item:268967,0.014048,0.014048,3,115,1.0,UN
112,M-1810,DC-1920,item:268091,9672.955351,9672.955351,1,113,1.0,UN
112,DC-1920,C-XXXXX,item:268967,1.755974,1.755974,1,113,1.0,UN
112,DC-1920,C-XXXXX,item:268091,11900.0,11900.0,2,114,1.0,UN
112,SDC-VD0949099A,SDC-1450,item:021081,42.144016,44.362122,117,229,0.95,KG
112,SDC-VD0960508A,SDC-1450,item:021081,12.041147,12.041147,176,288,1.0,KG
112,SDC-VD0972460A,SDC-1450,item:021081,3.010287,3.010287,150,262,1.0,KG
112,SDC-VD0975221A,SDC-1450,item:021081,3.010287,3.010287,65,177,1.0,KG
112,SDC-1450,M-1810,item:007923,31417.75898,31417.75898,1,113,1.0,G
113,SDC-VD0520132A,M-1430,item:038005,105.765563,105.765563,89,202,1.0,KG
113,SDC-VD0914690A,M-1430,item:042342,0.169534,0.169534,29,142,1.0,UN
113,SDC-VD0525412A,M-1430,item:333362,0.00281,0.00281,59,172,1.0,UN
113,SDC-VD0993480A,M-1430,item:344135,0.00281,0.00281,18,131,1.0,UN
113,SDC-VD0520115A,M-1430,item:708073,2.2e-05,2.2e-05,9,122,1.0,KG
113,SDC-VD0508918A,M-1430,item:730384,0.000596,0.000596,88,201,1.0,M
113,SDC-VD1095770A,M-1430,item:734545,2.2e-05,2.2e-05,42,155,1.0,UN
113,SDC-1450,M-1430,item:773474,0.027126,0.027126,10,123,1.0,G
113,SDC-VD0951020A,M-1810,item:001757,14.618166,14.618166,97,210,1.0,KG
113,SDC-VD0519670A,M-1810,item:001848,7.674537,7.674537,12,125,1.0,KG
113,SDC-VD0951020A,M-1810,item:001848,3.289087,3.289087,36,149,1.0,KG
113,SDC-VD0910216A,M-1810,item:001893,38.124955,38.124955,15,128,1.0,KG
113,SDC-VD1091642A,M-1810,item:001893,13.887258,13.887258,84,197,1.0,KG
113,SDC-VD0518684A,M-1810,item:001893,6.943629,6.943629,18,131,1.0,KG
113,SDC-VD1091642A,M-1810,item:001893,10.480448,10.480448,24,137,1.0,KG
113,SDC-VD0910216A,M-1810,item:002612,10.032883,10.032883,24,137,1.0,KG
113,SDC-VD0990780A,M-1810,item:002612,2.866538,2.866538,13,126,1.0,KG
113,SDC-VD1091642A,M-1810,item:002612,0.913635,0.913635,23,136,1.0,KG
113,SDC-VD0500655A,M-1810,item:002612,0.913635,0.913635,29,142,1.0,KG
113,SDC-VD1091642A,M-1810,item:002612,3.546016,3.546016,22,135,1.0,KG
113,SDC-VD0514881A,M-1810,item:016332,4.38545,4.38545,63,176,1.0,KG
113,SDC-VD0519670A,M-1810,item:029313,0.365454,0.365454,59,172,1.0,KG
113,SDC-VD1096202A,M-1810,item:039668,0.365454,0.365454,6,119,1.0,KG
113,SDC-VD0520132A,M-1810,item:049371,13.521804,13.521804,113,226,1.0,KG
113,SDC-VD0914320A,M-1810,item:055703,0.511636,0.511636,9,122,1.0,KG
113,SDC-VD0964290A,M-1810,item:055703,0.219272,0.219272,57,170,1.0,KG
113,SDC-VD0505677A,M-1810,item:099439,18.272708,18.272708,30,143,1.0,KG
113,SDC-VD0901566A,M-1810,item:338928,10000.0,10000.0,65,178,1.0,UN
113,SDC-VD0914360C,M-1810,item:338929,9001.333927,9001.333927,57,170,1.0,UN
113,SDC-VD0989480A,M-1810,item:426331,99.014673,99.014673,17,130,1.0,UN
113,SDC-1450,M-1810,item:693055,3654.541574,3654.541574,129,242,1.0,G
113,M-1430,DC-1920,item:268967,0.00281,0.00281,2,115,1.0,UN
113,M-1810,DC-1920,item:268091,9001.333927,9001.333927,3,116,1.0,UN
113,DC-1920,C-XXXXX,item:268967,0.421434,0.421434,4,117,1.0,UN
113,DC-1920,C-XXXXX,item:268091,45372.955351,45372.955351,2,115,1.0,UN
113,SDC-VD0949099A,SDC-1450,item:021081,30.504122,32.109602,75,188,0.95,KG
113,SDC-VD0960508A,SDC-1450,item:021081,8.715463,8.715463,106,219,1.0,KG
113,SDC-VD0972460A,SDC-1450,item:021081,2.178866,2.178866,103,216,1.0,KG
113,SDC-VD0975221A,SDC-1450,item:021081,2.178866,2.178866,132,245,1.0,KG
113,SDC-1450,M-1810,item:007923,29236.332595,29236.332595,1,114,1.0,G
114,SDC-VD0520132A,M-1430,item:038005,1e-05,1e-05,184,298,1.0,KG
114,SDC-VD0914690A,M-1430,item:042342,0.033907,0.033907,22,136,1.0,UN
114,SDC-VD0525412A,M-1430,item:333362,0.000562,0.000562,74,188,1.0,UN
114,SDC-VD0993480A,M-1430,item:344135,0.000562,0.000562,63,177,1.0,UN
114,SDC-VD0520115A,M-1430,item:708073,4e-06,4e-06,47,161,1.0,KG
114,SDC-VD0508918A,M-1430,item:730384,0.000119,0.000119,19,133,1.0,M
114,SDC-VD1095770A,M-1430,item:734545,4e-06,4e-06,15,129,1.0,UN
114,SDC-1450,M-1430,item:773474,0.005425,0.005425,21,135,1.0,G
114,SDC-VD0951020A,M-1810,item:001757,14.400024,14.400024,130,244,1.0,KG
114,SDC-VD0519670A,M-1810,item:001848,7.560012,7.560012,19,133,1.0,KG
114,SDC-VD0951020A,M-1810,item:001848,3.240005,3.240005,46,160,1.0,KG
114,SDC-VD0910216A,M-1810,item:001893,38.124296,38.124296,53,167,1.0,KG
114,SDC-VD1091642A,M-1810,item:001893,13.680022,13.680022,23,137,1.0,KG
114,SDC-VD0518684A,M-1810,item:001893,6.840011,6.840011,37,151,1.0,KG
114,SDC-VD1091642A,M-1810,item:001893,9.755783,9.755783,72,186,1.0,KG
114,SDC-VD0910216A,M-1810,item:002612,10.032709,10.032709,29,143,1.0,KG
114,SDC-VD0990780A,M-1810,item:002612,2.866488,2.866488,61,175,1.0,KG
114,SDC-VD1091642A,M-1810,item:002612,0.900001,0.900001,31,145,1.0,KG
114,SDC-VD0500655A,M-1810,item:002612,0.900001,0.900001,32,146,1.0,KG
114,SDC-VD1091642A,M-1810,item:002612,3.300829,3.300829,41,155,1.0,KG
114,SDC-VD0514881A,M-1810,item:016332,4.320007,4.320007,30,144,1.0,KG
114,SDC-VD0519670A,M-1810,item:029313,0.360001,0.360001,35,149,1.0,KG
114,SDC-VD1096202A,M-1810,item:039668,0.360001,0.360001,56,170,1.0,KG
114,SDC-VD0520132A,M-1810,item:049371,13.320022,13.320022,223,337,1.0,KG
114,SDC-VD0914320A,M-1810,item:055703,0.504001,0.504001,30,144,1.0,KG
114,SDC-VD0964290A,M-1810,item:055703,0.216,0.216,49,163,1.0,KG
114,SDC-VD0505677A,M-1810,item:099439,18.00003,18.00003,41,155,1.0,KG
114,SDC-VD0901566A,M-1810,item:338928,10000.0,10000.0,63,177,1.0,UN
114,SDC-VD0914360C,M-1810,item:338929,8867.009642,8867.009642,51,165,1.0,UN
114,SDC-VD0989480A,M-1810,item:426331,97.537106,97.537106,21,135,1.0,UN
114,SDC-1450,M-1810,item:693055,3600.005915,3600.005915,82,196,1.0,G
114,M-1430,DC-1920,item:268967,0.000562,0.000562,2,116,1.0,UN
114,M-1810,DC-1920,item:268091,8867.009642,8867.009642,4,118,1.0,UN
114,SDC-VD0949099A,SDC-1450,item:021081,22.075353,23.237213,74,188,0.95,KG
114,SDC-VD0960508A,SDC-1450,item:021081,6.307244,6.307244,75,189,1.0,KG
114,SDC-VD0972460A,SDC-1450,item:021081,1.576811,1.576811,53,167,1.0,KG
114,SDC-VD0975221A,SDC-1450,item:021081,1.576811,1.576811,137,251,1.0,KG
114,SDC-1450,M-1810,item:007923,28800.047318,28800.047318,2,116,1.0,G
115,SDC-VD0520132A,M-1430,item:038005,2e-06,2e-06,199,314,1.0,KG
115,SDC-VD0914690A,M-1430,item:042342,0.006781,0.006781,17,132,1.0,UN
115,SDC-VD0525412A,M-1430,item:333362,0.000112,0.000112,13,128,1.0,UN
115,SDC-VD0993480A,M-1430,item:344135,0.000112,0.000112,20,135,1.0,UN
115,SDC-VD0520115A,M-1430,item:708073,1e-06,1e-06,42,157,1.0,KG
115,SDC-VD0508918A,M-1430,item:730384,2.4e-05,2.4e-05,33,148,1.0,M
115,SDC-VD1095770A,M-1430,item:734545,1e-06,1e-06,23,138,1.0,UN
115,SDC-1450,M-1430,item:773474,0.001085,0.001085,19,134,1.0,G
115,SDC-VD0951020A,M-1810,item:001757,14.356395,14.356395,46,161,1.0,KG
115,SDC-VD0519670A,M-1810,item:001848,7.537107,7.537107,20,135,1.0,KG
115,SDC-VD0951020A,M-1810,item:001848,3.230189,3.230189,56,171,1.0,KG
115,SDC-VD0910216A,M-1810,item:001893,47.735014,47.735014,45,160,1.0,KG
115,SDC-VD1091642A,M-1810,item:001893,13.638575,13.638575,39,154,1.0,KG
115,SDC-VD0518684A,M-1810,item:001893,6.819288,6.819288,71,186,1.0,KG
115,SDC-VD0910216A,M-1810,item:002612,0.445668,0.445668,45,160,1.0,KG
115,SDC-VD0990780A,M-1810,item:002612,3.589099,3.589099,25,140,1.0,KG
115,SDC-VD1091642A,M-1810,item:002612,0.897275,0.897275,12,127,1.0,KG
115,SDC-VD0500655A,M-1810,item:002612,0.897275,0.897275,41,156,1.0,KG
115,SDC-VD0990780A,M-1810,item:002612,12.116178,12.116178,29,144,1.0,KG
115,SDC-VD0514881A,M-1810,item:016332,4.306919,4.306919,74,189,1.0,KG
115,SDC-VD0519670A,M-1810,item:029313,0.35891,0.35891,60,175,1.0,KG
115,SDC-VD1096202A,M-1810,item:039668,0.35891,0.35891,25,140,1.0,KG
115,SDC-VD0520132A,M-1810,item:049371,13.279665,13.279665,196,311,1.0,KG
115,SDC-VD0914320A,M-1810,item:055703,0.502474,0.502474,29,144,1.0,KG
115,SDC-VD0964290A,M-1810,item:055703,0.215346,0.215346,47,162,1.0,KG
115,SDC-VD0505677A,M-1810,item:099439,17.945494,17.945494,21,136,1.0,KG
115,SDC-VD0901566A,M-1810,item:338928,10000.0,10000.0,85,200,1.0,UN
115,SDC-VD0914360C,M-1810,item:338929,8840.144785,8840.144785,23,138,1.0,UN
115,SDC-VD0989480A,M-1810,item:426331,97.241593,97.241593,14,129,1.0,UN
115,SDC-1450,M-1810,item:693055,3589.098783,3589.098783,25,140,1.0,G
115,M-1430,DC-1920,item:268967,0.000112,0.000112,3,118,1.0,UN
115,M-1810,DC-1920,item:268091,8840.144785,8840.144785,2,117,1.0,UN
115,DC-1920,C-XXXXX,item:268967,0.016857,0.016857,2,117,1.0,UN
115,SDC-VD0949099A,SDC-1450,item:021081,15.974535,16.8153,176,291,0.95,KG
115,SDC-VD0960508A,SDC-1450,item:021081,4.564153,4.564153,104,219,1.0,KG
115,SDC-VD0972460A,SDC-1450,item:021081,1.141038,1.141038,120,235,1.0,KG
115,SDC-VD0975221A,SDC-1450,item:021081,1.141038,1.141038,183,298,1.0,KG
115,SDC-1450,M-1810,item:007923,28712.790262,28712.790262,1,116,1.0,G
116,SDC-VD0520132A,M-1430,item:038005,0.0,0.0,139,255,1.0,KG
116,SDC-VD0914690A,M-1430,item:042342,0.001356,0.001356,8,124,1.0,UN
116,SDC-VD0525412A,M-1430,item:333362,2.2e-05,2.2e-05,47,163,1.0,UN
116,SDC-VD0993480A,M-1430,item:344135,2.2e-05,2.2e-05,31,147,1.0,UN
116,SDC-VD0520115A,M-1430,item:708073,0.0,0.0,14,130,1.0,KG
116,SDC-VD0508918A,M-1430,item:730384,5e-06,5e-06,45,161,1.0,M
116,SDC-VD1095770A,M-1430,item:734545,0.0,0.0,17,133,1.0,UN
116,SDC-1450,M-1430,item:773474,0.000217,0.000217,6,122,1.0,G
116,SDC-VD0951020A,M-1810,item:001757,14.347669,14.347669,133,249,1.0,KG
116,SDC-VD0519670A,M-1810,item:001848,7.532526,7.532526,21,137,1.0,KG
116,SDC-VD0951020A,M-1810,item:001848,3.228226,3.228226,29,145,1.0,KG
116,SDC-VD0910216A,M-1810,item:001893,47.706001,47.706001,17,133,1.0,KG
116,SDC-VD1091642A,M-1810,item:001893,13.630286,13.630286,84,200,1.0,KG
116,SDC-VD0518684A,M-1810,item:001893,6.815143,6.815143,13,129,1.0,KG
116,SDC-VD0910216A,M-1810,item:002612,0.25281,0.25281,65,181,1.0,KG
116,SDC-VD0990780A,M-1810,item:002612,3.586917,3.586917,70,186,1.0,KG
116,SDC-VD1091642A,M-1810,item:002612,0.896729,0.896729,33,149,1.0,KG
116,SDC-VD0500655A,M-1810,item:002612,0.896729,0.896729,25,141,1.0,KG
116,SDC-VD0990780A,M-1810,item:002612,12.301401,12.301401,43,159,1.0,KG
116,SDC-VD0514881A,M-1810,item:016332,4.304301,4.304301,34,150,1.0,KG
116,SDC-VD0519670A,M-1810,item:029313,0.358692,0.358692,58,174,1.0,KG
116,SDC-VD1096202A,M-1810,item:039668,0.358692,0.358692,20,136,1.0,KG
116,SDC-VD0520132A,M-1810,item:049371,13.271594,13.271594,114,230,1.0,KG
116,SDC-VD0914320A,M-1810,item:055703,0.502168,0.502168,25,141,1.0,KG
116,SDC-VD0964290A,M-1810,item:055703,0.215215,0.215215,12,128,1.0,KG
116,SDC-VD0505677A,M-1810,item:099439,17.934587,17.934587,70,186,1.0,KG
116,SDC-VD0901566A,M-1810,item:338928,10000.0,10000.0,43,159,1.0,UN
116,SDC-VD0914360C,M-1810,item:338929,8834.771814,8834.771814,8,124,1.0,UN
116,SDC-VD0989480A,M-1810,item:426331,97.18249,97.18249,35,151,1.0,UN
116,SDC-1450,M-1810,item:693055,3586.917356,3586.917356,68,184,1.0,G
116,M-1430,DC-1920,item:268967,2.2e-05,2.2e-05,5,121,1.0,UN
116,M-1810,DC-1920,item:268091,8834.771814,8834.771814,3,119,1.0,UN
116,DC-1920,C-XXXXX,item:268967,0.000562,0.000562,4,120,1.0,UN
116,DC-1920,C-XXXXX,item:268091,9001.333927,9001.333927,2,118,1.0,UN
116,SDC-VD0949099A,SDC-1450,item:021081,11.559466,12.167859,73,189,0.95,KG
116,SDC-VD0960508A,SDC-1450,item:021081,3.302705,3.302705,83,199,1.0,KG
116,SDC-VD0972460A,SDC-1450,item:021081,0.825676,0.825676,90,206,1.0,KG
116,SDC-VD0975221A,SDC-1450,item:021081,0.825676,0.825676,72,188,1.0,KG
116,SDC-1450,M-1810,item:007923,28695.338851,28695.338851,1,117,1.0,G
117,SDC-VD0520132A,M-1430,item:038005,0.0,0.0,112,229,1.0,KG
117,SDC-VD0914690A,M-1430,item:042342,0.000271,0.000271,21,138,1.0,UN
117,SDC-VD0525412A,M-1430,item:333362,4e-06,4e-06,38,155,1.0,UN
117,SDC-VD0993480A,M-1430,item:344135,4e-06,4e-06,8,125,1.0,UN
117,SDC-VD0520115A,M-1430,item:708073,0.0,0.0,51,168,1.0,KG
117,SDC-VD0508918A,M-1430,item:730384,1e-06,1e-06,18,135,1.0,M
117,SDC-VD1095770A,M-1430,item:734545,0.0,0.0,19,136,1.0,UN
117,SDC-1450,M-1430,item:773474,4.3e-05,4.3e-05,12,129,1.0,G
117,SDC-VD0951020A,M-1810,item:001757,14.345924,14.345924,107,224,1.0,KG
117,SDC-VD0519670A,M-1810,item:001848,7.53161,7.53161,7,124,1.0,KG
117,SDC-VD0951020A,M-1810,item:001848,3.227833,3.227833,24,141,1.0,KG
117,SDC-VD0910216A,M-1810,item:001893,47.700198,47.700198,33,150,1.0,KG
117,SDC-VD1091642A,M-1810,item:001893,13.628628,13.628628,33,150,1.0,KG
117,SDC-VD0518684A,M-1810,item:001893,6.814314,6.814314,33,150,1.0,KG
117,SDC-VD0910216A,M-1810,item:002612,3.823136,3.823136,53,170,1.0,KG
117,SDC-VD0990780A,M-1810,item:002612,3.586481,3.586481,34,151,1.0,KG
117,SDC-VD1091642A,M-1810,item:002612,0.89662,0.89662,33,150,1.0,KG
117,SDC-VD0500655A,M-1810,item:002612,0.89662,0.89662,21,138,1.0,KG
117,SDC-VD0990780A,M-1810,item:002612,8.729547,8.729547,32,149,1.0,KG
117,SDC-VD0514881A,M-1810,item:016332,4.303777,4.303777,51,168,1.0,KG
117,SDC-VD0519670A,M-1810,item:029313,0.358648,0.358648,105,222,1.0,KG
117,SDC-VD1096202A,M-1810,item:039668,0.358648,0.358648,44,161,1.0,KG
117,SDC-VD0520132A,M-1810,item:049371,13.26998,13.26998,202,319,1.0,KG
117,SDC-VD0914320A,M-1810,item:055703,0.502107,0.502107,15,132,1.0,KG
117,SDC-VD0964290A,M-1810,item:055703,0.215189,0.215189,23,140,1.0,KG
117,SDC-VD0505677A,M-1810,item:099439,17.932405,17.932405,22,139,1.0,KG
117,SDC-VD0901566A,M-1810,item:338928,10000.0,10000.0,63,180,1.0,UN
117,SDC-VD0914360C,M-1810,item:338929,8833.69722,8833.69722,34,151,1.0,UN
117,SDC-VD0989480A,M-1810,item:426331,97.170669,97.170669,40,157,1.0,UN
117,SDC-1450,M-1810,item:693055,3586.481071,3586.481071,39,156,1.0,G
117,M-1430,DC-1920,item:268967,4e-06,4e-06,3,120,1.0,UN
117,M-1810,DC-1920,item:268091,8833.69722,8833.69722,2,119,1.0,UN
117,DC-1920,C-XXXXX,item:268091,8840.144785,8840.144785,2,119,1.0,UN
117,SDC-VD0949099A,SDC-1450,item:021081,8.364559,8.804799,101,218,0.95,KG
117,SDC-VD0960508A,SDC-1450,item:021081,2.389874,2.389874,138,255,1.0,KG
117,SDC-VD0972460A,SDC-1450,item:021081,0.597469,0.597469,150,267,1.0,KG
117,SDC-VD0975221A,SDC-1450,item:021081,0.597469,0.597469,99,216,1.0,KG
117,SDC-1450,M-1810,item:007923,28691.848569,28691.848569,2,119,1.0,G
118,SDC-VD0520132A,M-1430,item:038005,0.0,0.0,241,359,1.0,KG
118,SDC-VD0914690A,M-1430,item:042342,5.4e-05,5.4e-05,22,140,1.0,UN
118,SDC-VD0525412A,M-1430,item:333362,1e-06,1e-06,31,149,1.0,UN
118,SDC-VD0993480A,M-1430,item:344135,1e-06,1e-06,29,147,1.0,UN
118,SDC-VD0520115A,M-1430,item:708073,0.0,0.0,21,139,1.0,KG
118,SDC-VD0508918A,M-1430,item:730384,0.0,0.0,65,183,1.0,M
118,SDC-VD1095770A,M-1430,item:734545,0.0,0.0,19,137,1.0,UN
118,SDC-1450,M-1430,item:773474,9e-06,9e-06,5,123,1.0,G
118,SDC-VD0951020A,M-1810,item:001757,14.345575,14.345575,53,171,1.0,KG
118,SDC-VD0519670A,M-1810,item:001848,7.531427,7.531427,20,138,1.0,KG
118,SDC-VD0951020A,M-1810,item:001848,3.227754,3.227754,64,182,1.0,KG
118,SDC-VD0910216A,M-1810,item:001893,47.699038,47.699038,38,156,1.0,KG
118,SDC-VD1091642A,M-1810,item:001893,13.628296,13.628296,13,131,1.0,KG
118,SDC-VD0518684A,M-1810,item:001893,6.814148,6.814148,88,206,1.0,KG
118,SDC-VD0910216A,M-1810,item:002612,6.565393,6.565393,63,181,1.0,KG
118,SDC-VD0990780A,M-1810,item:002612,3.586394,3.586394,50,168,1.0,KG
118,SDC-VD1091642A,M-1810,item:002612,0.896598,0.896598,33,151,1.0,KG
118,SDC-VD0500655A,M-1810,item:002612,0.896598,0.896598,31,149,1.0,KG
118,SDC-VD0990780A,M-1810,item:002612,5.986985,5.986985,49,167,1.0,KG
118,SDC-VD0514881A,M-1810,item:016332,4.303673,4.303673,82,200,1.0,KG
118,SDC-VD0519670A,M-1810,item:029313,0.358639,0.358639,42,160,1.0,KG
118,SDC-VD1096202A,M-1810,item:039668,0.358639,0.358639,37,155,1.0,KG
118,SDC-VD0520132A,M-1810,item:049371,13.269657,13.269657,294,412,1.0,KG
118,SDC-VD0914320A,M-1810,item:055703,0.502095,0.502095,26,144,1.0,KG
118,SDC-VD0964290A,M-1810,item:055703,0.215184,0.215184,40,158,1.0,KG
118,SDC-VD0505677A,M-1810,item:099439,17.931969,17.931969,36,154,1.0,KG
118,SDC-VD0901566A,M-1810,item:338928,10000.0,10000.0,26,144,1.0,UN
118,SDC-VD0914360C,M-1810,item:338929,8833.482301,8833.482301,15,133,1.0,UN
118,SDC-VD0989480A,M-1810,item:426331,97.168305,97.168305,23,141,1.0,UN
118,SDC-1450,M-1810,item:693055,3586.393814,3586.393814,109,227,1.0,G
118,M-1430,DC-1920,item:268967,1e-06,1e-06,2,120,1.0,UN
118,M-1810,DC-1920,item:268091,8833.482301,8833.482301,2,120,1.0,UN
118,DC-1920,C-XXXXX,item:268967,0.000112,0.000112,3,121,1.0,UN
118,DC-1920,C-XXXXX,item:268091,8867.009642,8867.009642,3,121,1.0,UN
118,SDC-VD0949099A,SDC-1450,item:021081,6.052666,6.371227,103,221,0.95,KG
118,SDC-VD0960508A,SDC-1450,item:021081,1.729333,1.729333,139,257,1.0,KG
118,SDC-VD0972460A,SDC-1450,item:021081,0.432333,0.432333,68,186,1.0,KG
118,SDC-VD0975221A,SDC-1450,item:021081,0.432333,0.432333,197,315,1.0,KG
118,SDC-1450,M-1810,item:007923,28691.150513,28691.150513,2,120,1.0,G
119,SDC-VD0520132A,M-1430,item:038005,0.0,0.0,64,183,1.0,KG
119,SDC-VD0914690A,M-1430,item:042342,1.1e-05,1.1e-05,23,142,1.0,UN
119,SDC-VD0525412A,M-1430,item:333362,0.0,0.0,67,186,1.0,UN
119,SDC-VD0993480A,M-1430,item:344135,0.0,0.0,37,156,1.0,UN
119,SDC-VD0520115A,M-1430,item:708073,0.0,0.0,36,155,1.0,KG
119,SDC-VD0508918A,M-1430,item:730384,0.0,0.0,57,176,1.0,M
119,SDC-VD1095770A,M-1430,item:734545,0.0,0.0,37,156,1.0,UN
119,SDC-1450,M-1430,item:773474,2e-06,2e-06,10,129,1.0,G
119,SDC-VD0951020A,M-1810,item:001757,8.417813,8.417813,71,190,1.0,KG
119,SDC-VD0519670A,M-1810,item:001848,4.419352,4.419352,10,129,1.0,KG
119,SDC-VD0951020A,M-1810,item:001848,1.894008,1.894008,28,147,1.0,KG
119,SDC-VD0910216A,M-1810,item:001893,27.989227,27.989227,15,134,1.0,KG
119,SDC-VD1091642A,M-1810,item:001893,7.996922,7.996922,36,155,1.0,KG
119,SDC-VD0518684A,M-1810,item:001893,3.998461,3.998461,36,155,1.0,KG
119,SDC-VD0910216A,M-1810,item:002612,7.113844,7.113844,49,168,1.0,KG
119,SDC-VD0990780A,M-1810,item:002612,2.104453,2.104453,68,187,1.0,KG
119,SDC-VD1091642A,M-1810,item:002612,0.526113,0.526113,42,161,1.0,KG
119,SDC-VD0500655A,M-1810,item:002612,0.526113,0.526113,9,128,1.0,KG
119,SDC-VD0990780A,M-1810,item:002612,0.251742,0.251742,11,130,1.0,KG
119,SDC-VD0514881A,M-1810,item:016332,2.525344,2.525344,47,166,1.0,KG
119,SDC-VD0519670A,M-1810,item:029313,0.210445,0.210445,112,231,1.0,KG
119,SDC-VD1096202A,M-1810,item:039668,0.210445,0.210445,70,189,1.0,KG
119,SDC-VD0520132A,M-1810,item:049371,7.786477,7.786477,86,205,1.0,KG
119,SDC-VD0914320A,M-1810,item:055703,0.294623,0.294623,20,139,1.0,KG
119,SDC-VD0964290A,M-1810,item:055703,0.126267,0.126267,39,158,1.0,KG
119,SDC-VD0505677A,M-1810,item:099439,10.522266,10.522266,55,174,1.0,KG
119,SDC-VD0901566A,M-1810,item:338928,10000.0,10000.0,90,209,1.0,UN
119,SDC-VD0914360C,M-1810,item:338929,5183.382175,5183.382175,19,138,1.0,UN
119,SDC-VD0989480A,M-1810,item:426331,57.017204,57.017204,35,154,1.0,UN
119,SDC-1450,M-1810,item:693055,2104.453163,2104.453163,110,229,1.0,G
119,M-1430,DC-1920,item:268967,0.0,0.0,4,123,1.0,UN
119,M-1810,DC-1920,item:268091,3394.048667,3394.048667,3,122,1.0,UN
119,DC-1920,C-XXXXX,item:268091,17668.469033,17668.469033,3,122,1.0,UN
119,SDC-VD0949099A,SDC-1450,item:021081,4.379754,4.610268,169,288,0.95,KG
119,SDC-VD0960508A,SDC-1450,item:021081,1.251358,1.251358,38,157,1.0,KG
119,SDC-VD0972460A,SDC-1450,item:021081,0.31284,0.31284,122,241,1.0,KG
119,SDC-VD0975221A,SDC-1450,item:021081,0.31284,0.31284,89,208,1.0,KG
119,SDC-1450,M-1810,item:007923,16835.625303,16835.625303,1,120,1.0,G
120,SDC-VD0914690A,M-1430,item:042342,2e-06,2e-06,10,130,1.0,UN
120,SDC-VD0525412A,M-1430,item:333362,0.0,0.0,38,158,1.0,UN
120,SDC-VD0993480A,M-1430,item:344135,0.0,0.0,27,147,1.0,UN
120,SDC-VD0508918A,M-1430,item:730384,0.0,0.0,49,169,1.0,M
120,SDC-1450,M-1430,item:773474,0.0,0.0,5,125,1.0,G
120,SDC-VD0951020A,M-1810,item:001757,6.651085,6.651085,72,192,1.0,KG
120,SDC-VD0519670A,M-1810,item:001848,3.491819,3.491819,23,143,1.0,KG
120,SDC-VD0951020A,M-1810,item:001848,1.496494,1.496494,17,137,1.0,KG
120,SDC-VD0910216A,M-1810,item:001893,22.114856,22.114856,26,146,1.0,KG
120,SDC-VD1091642A,M-1810,item:001893,6.31853,6.31853,52,172,1.0,KG
120,SDC-VD0518684A,M-1810,item:001893,3.159265,3.159265,58,178,1.0,KG
120,SDC-VD0910216A,M-1810,item:002612,5.819699,5.819699,26,146,1.0,KG
120,SDC-VD0990780A,M-1810,item:002612,1.662771,1.662771,32,152,1.0,KG
120,SDC-VD1091642A,M-1810,item:002612,0.415693,0.415693,13,133,1.0,KG
120,SDC-VD0500655A,M-1810,item:002612,0.415693,0.415693,14,134,1.0,KG
120,SDC-VD0514881A,M-1810,item:016332,1.995325,1.995325,31,151,1.0,KG
120,SDC-VD0519670A,M-1810,item:029313,0.166277,0.166277,73,193,1.0,KG
120,SDC-VD1096202A,M-1810,item:039668,0.166277,0.166277,28,148,1.0,KG
120,SDC-VD0520132A,M-1810,item:049371,6.152253,6.152253,120,240,1.0,KG
120,SDC-VD0914320A,M-1810,item:055703,0.232788,0.232788,12,132,1.0,KG
120,SDC-VD0964290A,M-1810,item:055703,0.099766,0.099766,55,175,1.0,KG
120,SDC-VD0505677A,M-1810,item:099439,8.313856,8.313856,23,143,1.0,KG
120,SDC-VD0901566A,M-1810,item:338928,10000.0,10000.0,43,163,1.0,UN
120,SDC-VD0914360C,M-1810,item:338929,4095.495448,4095.495448,47,167,1.0,UN
120,SDC-VD0989480A,M-1810,item:426331,45.05045,45.05045,31,151,1.0,UN
120,SDC-1450,M-1810,item:693055,1662.771152,1662.771152,91,211,1.0,G
120,M-1430,DC-1920,item:268967,0.0,0.0,2,122,1.0,UN
120,M-1810,DC-1920,item:268091,5884.828955,5884.828955,5,125,1.0,UN
120,DC-1920,C-XXXXX,item:268967,5e-06,5e-06,1,121,1.0,UN
120,DC-1920,C-XXXXX,item:268091,8833.482301,8833.482301,3,123,1.0,UN
120,SDC-VD0949099A,SDC-1450,item:021081,3.169221,3.336022,137,257,0.95,KG
120,SDC-VD0960508A,SDC-1450,item:021081,0.905492,0.905492,30,150,1.0,KG
120,SDC-VD0972460A,SDC-1450,item:021081,0.226373,0.226373,73,193,1.0,KG
120,SDC-VD0975221A,SDC-1450,item:021081,0.226373,0.226373,101,221,1.0,KG
120,SDC-1450,M-1810,item:007923,13302.169214,13302.169214,1,121,1.0,G
121,SDC-VD0914690A,M-1430,item:042342,0.0,0.0,10,131,1.0,UN
121,SDC-VD0525412A,M-1430,item:333362,0.0,0.0,67,188,1.0,UN
121,SDC-VD0993480A,M-1430,item:344135,0.0,0.0,45,166,1.0,UN
121,SDC-VD0508918A,M-1430,item:730384,0.0,0.0,55,176,1.0,M
121,SDC-1450,M-1430,item:773474,0.0,0.0,9,130,1.0,G
121,SDC-VD0951020A,M-1810,item:001757,6.878915,6.878915,66,187,1.0,KG
121,SDC-VD0519670A,M-1810,item:001848,3.61143,3.61143,28,149,1.0,KG
121,SDC-VD0951020A,M-1810,item:001848,1.547756,1.547756,61,182,1.0,KG
121,SDC-VD0910216A,M-1810,item:001893,22.872391,22.872391,56,177,1.0,KG
121,SDC-VD1091642A,M-1810,item:001893,6.534969,6.534969,19,140,1.0,KG
121,SDC-VD0518684A,M-1810,item:001893,3.267484,3.267484,41,162,1.0,KG
121,SDC-VD0910216A,M-1810,item:002612,6.01905,6.01905,34,155,1.0,KG
121,SDC-VD0990780A,M-1810,item:002612,1.719729,1.719729,13,134,1.0,KG
121,SDC-VD1091642A,M-1810,item:002612,0.429932,0.429932,35,156,1.0,KG
121,SDC-VD0500655A,M-1810,item:002612,0.429932,0.429932,8,129,1.0,KG
121,SDC-VD0514881A,M-1810,item:016332,2.063674,2.063674,57,178,1.0,KG
121,SDC-VD0519670A,M-1810,item:029313,0.171973,0.171973,27,148,1.0,KG
121,SDC-VD1096202A,M-1810,item:039668,0.171973,0.171973,46,167,1.0,KG
121,SDC-VD0520132A,M-1810,item:049371,6.362996,6.362996,165,286,1.0,KG
121,SDC-VD0914320A,M-1810,item:055703,0.240762,0.240762,18,139,1.0,KG
121,SDC-VD0964290A,M-1810,item:055703,0.103184,0.103184,20,141,1.0,KG
121,SDC-VD0505677A,M-1810,item:099439,8.598643,8.598643,31,152,1.0,KG
121,SDC-VD0901566A,M-1810,item:338928,10000.0,10000.0,34,155,1.0,UN
121,SDC-VD0914360C,M-1810,item:338929,4235.784804,4235.784804,73,194,1.0,UN
121,SDC-VD0989480A,M-1810,item:426331,46.593633,46.593633,14,135,1.0,UN
121,SDC-1450,M-1810,item:693055,1719.72863,1719.72863,34,155,1.0,G
121,M-1430,DC-1920,item:268967,0.0,0.0,3,124,1.0,UN
121,M-1810,DC-1920,item:268091,4235.784804,4235.784804,3,124,1.0,UN
121,DC-1920,C-XXXXX,item:268967,2.2e-05,2.2e-05,2,123,1.0,UN
121,SDC-VD0949099A,SDC-1450,item:021081,2.29327,2.413969,97,218,0.95,KG
121,SDC-VD0960508A,SDC-1450,item:021081,0.65522,0.65522,51,172,1.0,KG
121,SDC-VD0972460A,SDC-1450,item:021081,0.163805,0.163805,144,265,1.0,KG
121,SDC-VD0975221A,SDC-1450,item:021081,0.163805,0.163805,149,270,1.0,KG
121,SDC-1450,M-1810,item:007923,13757.829043,13757.829043,1,122,1.0,G
122,SDC-VD0914690A,M-1430,item:042342,0.0,0.0,14,136,1.0,UN
122,SDC-VD0525412A,M-1430,item:333362,0.0,0.0,22,144,1.0,UN
122,SDC-VD0993480A,M-1430,item:344135,0.0,0.0,30,152,1.0,UN
122,SDC-1450,M-1430,item:773474,0.0,0.0,18,140,1.0,G
122,SDC-VD0951020A,M-1810,item:001757,6.924481,6.924481,39,161,1.0,KG
122,SDC-VD0519670A,M-1810,item:001848,3.635352,3.635352,21,143,1.0,KG
122,SDC-VD0951020A,M-1810,item:001848,1.558008,1.558008,35,157,1.0,KG
122,SDC-VD0910216A,M-1810,item:001893,23.023898,23.023898,46,168,1.0,KG
122,SDC-VD1091642A,M-1810,item:001893,6.578256,6.578256,50,172,1.0,KG
122,SDC-VD0518684A,M-1810,item:001893,3.289128,3.289128,64,186,1.0,KG
122,SDC-VD0910216A,M-1810,item:002612,6.05892,6.05892,20,142,1.0,KG
122,SDC-VD0990780A,M-1810,item:002612,1.73112,1.73112,29,151,1.0,KG
122,SDC-VD1091642A,M-1810,item:002612,0.43278,0.43278,61,183,1.0,KG
122,SDC-VD0500655A,M-1810,item:002612,0.43278,0.43278,9,131,1.0,KG
122,SDC-VD0514881A,M-1810,item:016332,2.077344,2.077344,97,219,1.0,KG
122,SDC-VD0519670A,M-1810,item:029313,0.173112,0.173112,98,220,1.0,KG
122,SDC-VD1096202A,M-1810,item:039668,0.173112,0.173112,27,149,1.0,KG
122,SDC-VD0520132A,M-1810,item:049371,6.405144,6.405144,211,333,1.0,KG
122,SDC-VD0914320A,M-1810,item:055703,0.242357,0.242357,42,164,1.0,KG
122,SDC-VD0964290A,M-1810,item:055703,0.103867,0.103867,68,190,1.0,KG
122,SDC-VD0505677A,M-1810,item:099439,8.655601,8.655601,24,146,1.0,KG
122,SDC-VD0901566A,M-1810,item:338928,10000.0,10000.0,69,191,1.0,UN
122,SDC-VD0914360C,M-1810,item:338929,4263.842675,4263.842675,28,150,1.0,UN
122,SDC-VD0989480A,M-1810,item:426331,46.902269,46.902269,19,141,1.0,UN
122,SDC-1450,M-1810,item:693055,1731.120126,1731.120126,58,180,1.0,G
122,M-1430,DC-1920,item:268967,0.0,0.0,2,124,1.0,UN
122,M-1810,DC-1920,item:268091,4263.842675,4263.842675,2,124,1.0,UN
122,DC-1920,C-XXXXX,item:268967,0.0,0.0,2,124,1.0,UN
122,DC-1920,C-XXXXX,item:268091,3394.048667,3394.048667,2,124,1.0,UN
122,SDC-VD0949099A,SDC-1450,item:021081,1.659426,1.746764,113,235,0.95,KG
122,SDC-VD0960508A,SDC-1450,item:021081,0.474122,0.474122,138,260,1.0,KG
122,SDC-VD0972460A,SDC-1450,item:021081,0.11853,0.11853,44,166,1.0,KG
122,SDC-VD0975221A,SDC-1450,item:021081,0.11853,0.11853,91,213,1.0,KG
122,SDC-1450,M-1810,item:007923,13848.961009,13848.961009,1,123,1.0,G
123,SDC-VD0914690A,M-1430,item:042342,0.0,0.0,9,132,1.0,UN
123,SDC-1450,M-1430,item:773474,0.0,0.0,14,137,1.0,G
123,SDC-VD0951020A,M-1810,item:001757,6.933594,6.933594,85,208,1.0,KG
123,SDC-VD0519670A,M-1810,item:001848,3.640137,3.640137,31,154,1.0,KG
123,SDC-VD0951020A,M-1810,item:001848,1.560059,1.560059,34,157,1.0,KG
123,SDC-VD0910216A,M-1810,item:001893,23.054199,23.054199,12,135,1.0,KG
123,SDC-VD1091642A,M-1810,item:001893,6.586914,6.586914,27,150,1.0,KG
123,SDC-VD0518684A,M-1810,item:001893,3.293457,3.293457,49,172,1.0,KG
123,SDC-VD0910216A,M-1810,item:002612,6.066894,6.066894,33,156,1.0,KG
123,SDC-VD0990780A,M-1810,item:002612,1.733398,1.733398,46,169,1.0,KG
123,SDC-VD1091642A,M-1810,item:002612,0.43335,0.43335,27,150,1.0,KG
123,SDC-VD0500655A,M-1810,item:002612,0.43335,0.43335,22,145,1.0,KG
123,SDC-VD0514881A,M-1810,item:016332,2.080078,2.080078,17,140,1.0,KG
123,SDC-VD0519670A,M-1810,item:029313,0.17334,0.17334,112,235,1.0,KG
123,SDC-VD1096202A,M-1810,item:039668,0.17334,0.17334,45,168,1.0,KG
123,SDC-VD0520132A,M-1810,item:049371,6.413574,6.413574,42,165,1.0,KG
123,SDC-VD0914320A,M-1810,item:055703,0.242676,0.242676,8,131,1.0,KG
123,SDC-VD0964290A,M-1810,item:055703,0.104004,0.104004,38,161,1.0,KG
123,SDC-VD0505677A,M-1810,item:099439,8.666992,8.666992,45,168,1.0,KG
123,SDC-VD0901566A,M-1810,item:338928,10000.0,10000.0,54,177,1.0,UN
123,SDC-VD0914360C,M-1810,item:338929,4269.454249,4269.454249,23,146,1.0,UN
123,SDC-VD0989480A,M-1810,item:426331,46.963997,46.963997,12,135,1.0,UN
123,SDC-1450,M-1810,item:693055,1733.398425,1733.398425,19,142,1.0,G
123,M-1810,DC-1920,item:268091,4269.454249,4269.454249,1,124,1.0,UN
123,DC-1920,C-XXXXX,item:268967,0.0,0.0,2,125,1.0,UN
123,SDC-VD0949099A,SDC-1450,item:021081,1.200772,1.26397,133,256,0.95,KG
123,SDC-VD0960508A,SDC-1450,item:021081,0.343078,0.343078,179,302,1.0,KG
123,SDC-VD0972460A,SDC-1450,item:021081,0.085769,0.085769,60,183,1.0,KG
123,SDC-VD0975221A,SDC-1450,item:021081,0.085769,0.085769,36,159,1.0,KG
123,SDC-1450,M-1810,item:007923,13867.187402,13867.187402,1,124,1.0,G
124,SDC-VD0951020A,M-1810,item:001757,6.935416,6.935416,42,166,1.0,KG
124,SDC-VD0519670A,M-1810,item:001848,3.641094,3.641094,7,131,1.0,KG
124,SDC-VD0951020A,M-1810,item:001848,1.560469,1.560469,72,196,1.0,KG
124,SDC-VD0910216A,M-1810,item:001893,23.060259,23.060259,37,161,1.0,KG
124,SDC-VD1091642A,M-1810,item:001893,6.588646,6.588646,65,189,1.0,KG
124,SDC-VD0518684A,M-1810,item:001893,3.294323,3.294323,42,166,1.0,KG
124,SDC-VD0910216A,M-1810,item:002612,6.068489,6.068489,16,140,1.0,KG
124,SDC-VD0990780A,M-1810,item:002612,1.733854,1.733854,20,144,1.0,KG
124,SDC-VD1091642A,M-1810,item:002612,0.433464,0.433464,30,154,1.0,KG
124,SDC-VD0500655A,M-1810,item:002612,0.433464,0.433464,42,166,1.0,KG
124,SDC-VD0514881A,M-1810,item:016332,2.080625,2.080625,90,214,1.0,KG
124,SDC-VD0519670A,M-1810,item:029313,0.173385,0.173385,40,164,1.0,KG
124,SDC-VD1096202A,M-1810,item:039668,0.173385,0.173385,26,150,1.0,KG
124,SDC-VD0520132A,M-1810,item:049371,6.41526,6.41526,107,231,1.0,KG
124,SDC-VD0914320A,M-1810,item:055703,0.24274,0.24274,25,149,1.0,KG
124,SDC-VD0964290A,M-1810,item:055703,0.104031,0.104031,43,167,1.0,KG
124,SDC-VD0505677A,M-1810,item:099439,8.66927,8.66927,24,148,1.0,KG
124,SDC-VD0901566A,M-1810,item:338928,10000.0,10000.0,102,226,1.0,UN
124,SDC-VD0914360C,M-1810,item:338929,4270.576564,4270.576564,34,158,1.0,UN
124,SDC-VD0989480A,M-1810,item:426331,46.976342,46.976342,27,151,1.0,UN
124,SDC-1450,M-1810,item:693055,1733.854085,1733.854085,85,209,1.0,G
124,M-1810,DC-1920,item:268091,4270.576564,4270.576564,2,126,1.0,UN
124,DC-1920,C-XXXXX,item:268967,0.0,0.0,3,127,1.0,UN
124,DC-1920,C-XXXXX,item:268091,12769.081729,12769.081729,2,126,1.0,UN
124,SDC-VD0949099A,SDC-1450,item:021081,0.868887,0.914618,77,201,0.95,KG
124,SDC-VD0960508A,SDC-1450,item:021081,0.248253,0.248253,192,316,1.0,KG
124,SDC-VD0972460A,SDC-1450,item:021081,0.062063,0.062063,68,192,1.0,KG
124,SDC-VD0975221A,SDC-1450,item:021081,0.062063,0.062063,93,217,1.0,KG
124,SDC-1450,M-1810,item:007923,13870.832681,13870.832681,1,125,1.0,G
125,SDC-VD0951020A,M-1810,item:001757,6.935781,6.935781,71,196,1.0,KG
125,SDC-VD0519670A,M-1810,item:001848,3.641285,3.641285,35,160,1.0,KG
125,SDC-VD0951020A,M-1810,item:001848,1.560551,1.560551,57,182,1.0,KG
125,SDC-VD0910216A,M-1810,item:001893,23.061471,23.061471,25,150,1.0,KG
125,SDC-VD1091642A,M-1810,item:001893,6.588992,6.588992,29,154,1.0,KG
125,SDC-VD0518684A,M-1810,item:001893,3.294496,3.294496,46,171,1.0,KG
125,SDC-VD0910216A,M-1810,item:002612,6.068808,6.068808,68,193,1.0,KG
125,SDC-VD0990780A,M-1810,item:002612,1.733945,1.733945,19,144,1.0,KG
125,SDC-VD1091642A,M-1810,item:002612,0.433486,0.433486,57,182,1.0,KG
125,SDC-VD0500655A,M-1810,item:002612,0.433486,0.433486,40,165,1.0,KG
125,SDC-VD0514881A,M-1810,item:016332,2.080734,2.080734,39,164,1.0,KG
125,SDC-VD0519670A,M-1810,item:029313,0.173395,0.173395,77,202,1.0,KG
125,SDC-VD1096202A,M-1810,item:039668,0.173395,0.173395,31,156,1.0,KG
125,SDC-VD0520132A,M-1810,item:049371,6.415597,6.415597,294,419,1.0,KG
125,SDC-VD0914320A,M-1810,item:055703,0.242752,0.242752,42,167,1.0,KG
125,SDC-VD0964290A,M-1810,item:055703,0.104037,0.104037,23,148,1.0,KG
125,SDC-VD0505677A,M-1810,item:099439,8.669726,8.669726,70,195,1.0,KG
125,SDC-VD0901566A,M-1810,item:338928,10000.0,10000.0,59,184,1.0,UN
125,SDC-VD0914360C,M-1810,item:338929,4270.801027,4270.801027,22,147,1.0,UN
125,SDC-VD0989480A,M-1810,item:426331,46.978811,46.978811,27,152,1.0,UN
125,SDC-1450,M-1810,item:693055,1733.945217,1733.945217,66,191,1.0,G
125,M-1810,DC-1920,item:268091,4270.801027,4270.801027,7,132,1.0,UN
125,DC-1920,C-XXXXX,item:268091,5884.828955,5884.828955,3,128,1.0,UN
125,SDC-VD0949099A,SDC-1450,item:021081,0.628732,0.661824,76,201,0.95,KG
125,SDC-VD0960508A,SDC-1450,item:021081,0.179638,0.179638,130,255,1.0,KG
125,SDC-VD0972460A,SDC-1450,item:021081,0.044909,0.044909,108,233,1.0,KG
125,SDC-VD0975221A,SDC-1450,item:021081,0.044909,0.044909,31,156,1.0,KG
125,SDC-1450,M-1810,item:007923,13871.561737,13871.561737,1,126,1.0,G
126,SDC-VD0520132A,M-1430,item:038005,69.754715,69.754715,112,238,1.0,KG
126,SDC-VD0914690A,M-1430,item:042342,240533.556357,240533.556357,27,153,1.0,UN
126,SDC-VD0525412A,M-1430,item:333362,3986.171429,3986.171429,92,218,1.0,UN
126,SDC-VD0993480A,M-1430,item:344135,3986.171429,3986.171429,16,142,1.0,UN
126,SDC-VD0520115A,M-1430,item:708073,31.610339,31.610339,37,163,1.0,KG
126,SDC-VD0508918A,M-1430,item:730384,845.068343,845.068343,25,151,1.0,M
126,SDC-VD1095770A,M-1430,item:734545,31.889371,31.889371,22,148,1.0,UN
126,SDC-1450,M-1430,item:773474,38485.361045,38485.361045,10,136,1.0,G
126,SDC-VD0951020A,M-1810,item:001757,7.197921,7.197921,21,147,1.0,KG
126,SDC-VD0519670A,M-1810,item:001848,3.778909,3.778909,21,147,1.0,KG
126,SDC-VD0951020A,M-1810,item:001848,1.619532,1.619532,54,180,1.0,KG
126,SDC-VD0910216A,M-1810,item:001893,23.933087,23.933087,12,138,1.0,KG
126,SDC-VD1091642A,M-1810,item:001893,6.838025,6.838025,38,164,1.0,KG
126,SDC-VD0518684A,M-1810,item:001893,3.419012,3.419012,61,187,1.0,KG
126,SDC-VD0910216A,M-1810,item:002612,6.298181,6.298181,39,165,1.0,KG
126,SDC-VD0990780A,M-1810,item:002612,1.79948,1.79948,52,178,1.0,KG
126,SDC-VD1091642A,M-1810,item:002612,0.44987,0.44987,17,143,1.0,KG
126,SDC-VD0500655A,M-1810,item:002612,0.44987,0.44987,17,143,1.0,KG
126,SDC-VD0514881A,M-1810,item:016332,2.159376,2.159376,80,206,1.0,KG
126,SDC-VD0519670A,M-1810,item:029313,0.179948,0.179948,32,158,1.0,KG
126,SDC-VD1096202A,M-1810,item:039668,0.179948,0.179948,66,192,1.0,KG
126,SDC-VD0520132A,M-1810,item:049371,6.658077,6.658077,124,250,1.0,KG
126,SDC-VD0914320A,M-1810,item:055703,0.251927,0.251927,17,143,1.0,KG
126,SDC-VD0964290A,M-1810,item:055703,0.107969,0.107969,19,145,1.0,KG
126,SDC-VD0505677A,M-1810,item:099439,8.997401,8.997401,70,196,1.0,KG
126,SDC-VD0901566A,M-1810,item:338928,10000.0,10000.0,81,207,1.0,UN
126,SDC-VD0914360C,M-1810,item:338929,4432.217349,4432.217349,8,134,1.0,UN
126,SDC-VD0989480A,M-1810,item:426331,48.754391,48.754391,32,158,1.0,UN
126,SDC-1450,M-1810,item:693055,1799.480244,1799.480244,91,217,1.0,G
126,M-1430,DC-1920,item:268967,3986.171429,3986.171429,2,128,1.0,UN
126,M-1810,DC-1920,item:268091,4432.217349,4432.217349,4,130,1.0,UN
126,DC-1920,C-XXXXX,item:268091,4270.576564,4270.576564,2,128,1.0,UN
126,SDC-VD0949099A,SDC-1450,item:021081,0.454955,0.4789,145,271,0.95,KG
126,SDC-VD0960508A,SDC-1450,item:021081,0.129987,0.129987,158,284,1.0,KG
126,SDC-VD0972460A,SDC-1450,item:021081,0.032497,0.032497,92,218,1.0,KG
126,SDC-VD0975221A,SDC-1450,item:021081,0.032497,0.032497,34,160,1.0,KG
126,SDC-1450,M-1810,item:007923,14395.841948,14395.841948,1,127,1.0,G
127,SDC-VD0520132A,M-1430,item:038005,83.705658,83.705658,133,260,1.0,KG
127,SDC-VD0914690A,M-1430,item:042342,288640.267628,288640.267628,24,151,1.0,UN
127,SDC-VD0525412A,M-1430,item:333362,4783.405715,4783.405715,69,196,1.0,UN
127,SDC-VD0993480A,M-1430,item:344135,4783.405715,4783.405715,14,141,1.0,UN
127,SDC-VD0520115A,M-1430,item:708073,37.932407,37.932407,20,147,1.0,KG
127,SDC-VD0508918A,M-1430,item:730384,1014.082011,1014.082011,55,182,1.0,M
127,SDC-VD1095770A,M-1430,item:734545,38.267246,38.267246,39,166,1.0,UN
127,SDC-1450,M-1430,item:773474,46182.433254,46182.433254,6,133,1.0,G
127,SDC-VD0951020A,M-1810,item:001757,7.250349,7.250349,89,216,1.0,KG
127,SDC-VD0519670A,M-1810,item:001848,3.806433,3.806433,7,134,1.0,KG
127,SDC-VD0951020A,M-1810,item:001848,1.631329,1.631329,94,221,1.0,KG
127,SDC-VD0910216A,M-1810,item:001893,24.10741,24.10741,41,168,1.0,KG
127,SDC-VD1091642A,M-1810,item:001893,6.887832,6.887832,84,211,1.0,KG
127,SDC-VD0518684A,M-1810,item:001893,3.443916,3.443916,35,162,1.0,KG
127,SDC-VD0910216A,M-1810,item:002612,6.344055,6.344055,24,151,1.0,KG
127,SDC-VD0990780A,M-1810,item:002612,1.812587,1.812587,25,152,1.0,KG
127,SDC-VD1091642A,M-1810,item:002612,0.453147,0.453147,41,168,1.0,KG
127,SDC-VD0500655A,M-1810,item:002612,0.453147,0.453147,21,148,1.0,KG
127,SDC-VD0514881A,M-1810,item:016332,2.175105,2.175105,27,154,1.0,KG
127,SDC-VD0519670A,M-1810,item:029313,0.181259,0.181259,30,157,1.0,KG
127,SDC-VD1096202A,M-1810,item:039668,0.181259,0.181259,70,197,1.0,KG
127,SDC-VD0520132A,M-1810,item:049371,6.706573,6.706573,158,285,1.0,KG
127,SDC-VD0914320A,M-1810,item:055703,0.253762,0.253762,25,152,1.0,KG
127,SDC-VD0964290A,M-1810,item:055703,0.108755,0.108755,22,149,1.0,KG
127,SDC-VD0505677A,M-1810,item:099439,9.062936,9.062936,56,183,1.0,KG
127,SDC-VD0901566A,M-1810,item:338928,10000.0,10000.0,140,267,1.0,UN
127,SDC-VD0914360C,M-1810,item:338929,4464.500613,4464.500613,31,158,1.0,UN
127,SDC-VD0989480A,M-1810,item:426331,49.109507,49.109507,15,142,1.0,UN
127,SDC-1450,M-1810,item:693055,1812.587249,1812.587249,53,180,1.0,G
127,M-1430,DC-1920,item:268967,4783.405715,4783.405715,1,128,1.0,UN
127,M-1810,DC-1920,item:268091,4464.500613,4464.500613,5,132,1.0,UN
127,SDC-VD0949099A,SDC-1450,item:021081,48.497486,51.049986,53,180,0.95,KG
127,SDC-VD0960508A,SDC-1450,item:021081,13.856425,13.856425,101,228,1.0,KG
127,SDC-VD0972460A,SDC-1450,item:021081,3.464106,3.464106,166,293,1.0,KG
127,SDC-VD0975221A,SDC-1450,item:021081,3.464106,3.464106,120,247,1.0,KG
127,SDC-1450,M-1810,item:007923,14500.697991,14500.697991,1,128,1.0,G
128,SDC-VD0520132A,M-1430,item:038005,86.495847,86.495847,175,303,1.0,KG
128,SDC-VD0914690A,M-1430,item:042342,298261.609882,298261.609882,11,139,1.0,UN
128,SDC-VD0525412A,M-1430,item:333362,4942.852572,4942.852572,26,154,1.0,UN
128,SDC-VD0993480A,M-1430,item:344135,4942.852572,4942.852572,37,165,1.0,UN
128,SDC-VD0520115A,M-1430,item:708073,39.196821,39.196821,21,149,1.0,KG
128,SDC-VD0508918A,M-1430,item:730384,1047.884745,1047.884745,55,183,1.0,M
128,SDC-VD1095770A,M-1430,item:734545,39.542821,39.542821,34,162,1.0,UN
128,SDC-1450,M-1430,item:773474,47721.847695,47721.847695,11,139,1.0,G
128,SDC-VD0951020A,M-1810,item:001757,7.260835,7.260835,61,189,1.0,KG
128,SDC-VD0519670A,M-1810,item:001848,3.811938,3.811938,25,153,1.0,KG
128,SDC-VD0951020A,M-1810,item:001848,1.633688,1.633688,67,195,1.0,KG
128,SDC-VD0910216A,M-1810,item:001893,24.142275,24.142275,32,160,1.0,KG
128,SDC-VD1091642A,M-1810,item:001893,6.897793,6.897793,28,156,1.0,KG
128,SDC-VD0518684A,M-1810,item:001893,3.448896,3.448896,45,173,1.0,KG
128,SDC-VD0910216A,M-1810,item:002612,6.35323,6.35323,14,142,1.0,KG
128,SDC-VD0990780A,M-1810,item:002612,1.815209,1.815209,12,140,1.0,KG
128,SDC-VD1091642A,M-1810,item:002612,0.453802,0.453802,32,160,1.0,KG
128,SDC-VD0500655A,M-1810,item:002612,0.453802,0.453802,24,152,1.0,KG
128,SDC-VD0514881A,M-1810,item:016332,2.17825,2.17825,33,161,1.0,KG
128,SDC-VD0519670A,M-1810,item:029313,0.181521,0.181521,31,159,1.0,KG
128,SDC-VD1096202A,M-1810,item:039668,0.181521,0.181521,54,182,1.0,KG
128,SDC-VD0520132A,M-1810,item:049371,6.716272,6.716272,109,237,1.0,KG
128,SDC-VD0914320A,M-1810,item:055703,0.254129,0.254129,11,139,1.0,KG
128,SDC-VD0964290A,M-1810,item:055703,0.108913,0.108913,42,170,1.0,KG
128,SDC-VD0505677A,M-1810,item:099439,9.076043,9.076043,38,166,1.0,KG
128,SDC-VD0901566A,M-1810,item:338928,10000.0,10000.0,49,177,1.0,UN
128,SDC-VD0914360C,M-1810,item:338929,4470.957266,4470.957266,50,178,1.0,UN
128,SDC-VD0989480A,M-1810,item:426331,49.18053,49.18053,13,141,1.0,UN
128,SDC-1450,M-1810,item:693055,1815.20865,1815.20865,97,225,1.0,G
128,M-1430,DC-1920,item:268967,4942.852572,4942.852572,3,131,1.0,UN
128,M-1810,DC-1920,item:268091,4470.957266,4470.957266,3,131,1.0,UN
128,DC-1920,C-XXXXX,item:268967,8769.577143,8769.577143,5,133,1.0,UN
128,SDC-VD0949099A,SDC-1450,item:021081,106.208429,111.798346,69,197,0.95,KG
128,SDC-VD0960508A,SDC-1450,item:021081,30.345265,30.345265,50,178,1.0,KG
128,SDC-VD0972460A,SDC-1450,item:021081,7.586316,7.586316,104,232,1.0,KG
128,SDC-VD0975221A,SDC-1450,item:021081,7.586316,7.586316,97,225,1.0,KG
128,SDC-1450,M-1810,item:007923,14521.669199,14521.669199,1,129,1.0,G
129,SDC-VD0520132A,M-1430,item:038005,87.053885,87.053885,149,278,1.0,KG
129,SDC-VD0914690A,M-1430,item:042342,300185.878333,300185.878333,9,138,1.0,UN
129,SDC-VD0525412A,M-1430,item:333362,4974.741943,4974.741943,77,206,1.0,UN
129,SDC-VD0993480A,M-1430,item:344135,4974.741943,4974.741943,62,191,1.0,UN
129,SDC-VD0520115A,M-1430,item:708073,39.449704,39.449704,16,145,1.0,KG
129,SDC-VD0508918A,M-1430,item:730384,1054.645292,1054.645292,78,207,1.0,M
129,SDC-VD1095770A,M-1430,item:734545,39.797936,39.797936,37,166,1.0,UN
129,SDC-1450,M-1430,item:773474,48029.730584,48029.730584,2,131,1.0,G
129,SDC-VD0951020A,M-1810,item:001757,7.262932,7.262932,147,276,1.0,KG
129,SDC-VD0519670A,M-1810,item:001848,3.813039,3.813039,25,154,1.0,KG
129,SDC-VD0951020A,M-1810,item:001848,1.63416,1.63416,25,154,1.0,KG
129,SDC-VD0910216A,M-1810,item:001893,24.149248,24.149248,15,144,1.0,KG
129,SDC-VD1091642A,M-1810,item:001893,6.899785,6.899785,23,152,1.0,KG
129,SDC-VD0518684A,M-1810,item:001893,3.449893,3.449893,26,155,1.0,KG
129,SDC-VD0910216A,M-1810,item:002612,6.355065,6.355065,23,152,1.0,KG
129,SDC-VD0990780A,M-1810,item:002612,1.815733,1.815733,20,149,1.0,KG
129,SDC-VD1091642A,M-1810,item:002612,0.453933,0.453933,25,154,1.0,KG
129,SDC-VD0500655A,M-1810,item:002612,0.453933,0.453933,27,156,1.0,KG
129,SDC-VD0514881A,M-1810,item:016332,2.17888,2.17888,51,180,1.0,KG
129,SDC-VD0519670A,M-1810,item:029313,0.181573,0.181573,66,195,1.0,KG
129,SDC-VD1096202A,M-1810,item:039668,0.181573,0.181573,10,139,1.0,KG
129,SDC-VD0520132A,M-1810,item:049371,6.718212,6.718212,44,173,1.0,KG
129,SDC-VD0914320A,M-1810,item:055703,0.254203,0.254203,15,144,1.0,KG
129,SDC-VD0964290A,M-1810,item:055703,0.108944,0.108944,20,149,1.0,KG
129,SDC-VD0505677A,M-1810,item:099439,9.078665,9.078665,57,186,1.0,KG
129,SDC-VD0901566A,M-1810,item:338928,10000.0,10000.0,19,148,1.0,UN
129,SDC-VD0914360C,M-1810,item:338929,4472.248596,4472.248596,67,196,1.0,UN
129,SDC-VD0989480A,M-1810,item:426331,49.194735,49.194735,35,164,1.0,UN
129,SDC-1450,M-1810,item:693055,1815.73293,1815.73293,87,216,1.0,G
129,M-1430,DC-1920,item:268967,4974.741943,4974.741943,3,132,1.0,UN
129,M-1810,DC-1920,item:268091,4472.248596,4472.248596,3,132,1.0,UN
129,SDC-VD0949099A,SDC-1450,item:021081,156.237596,164.460628,59,188,0.95,KG
129,SDC-VD0960508A,SDC-1450,item:021081,44.639313,44.639313,88,217,1.0,KG
129,SDC-VD0972460A,SDC-1450,item:021081,11.159828,11.159828,240,369,1.0,KG
129,SDC-VD0975221A,SDC-1450,item:021081,11.159828,11.159828,92,221,1.0,KG
129,SDC-1450,M-1810,item:007923,14525.863441,14525.863441,2,131,1.0,G
130,SDC-VD0520132A,M-1430,item:038005,87.165492,87.165492,75,205,1.0,KG
130,SDC-VD0914690A,M-1430,item:042342,300570.732023,300570.732023,27,157,1.0,UN
130,SDC-VD0525412A,M-1430,item:333362,4981.119817,4981.119817,66,196,1.0,UN
130,SDC-VD0993480A,M-1430,item:344135,4981.119817,4981.119817,25,155,1.0,UN
130,SDC-VD0520115A,M-1430,item:708073,39.50028,39.50028,14,144,1.0,KG
130,SDC-VD0508918A,M-1430,item:730384,1055.997401,1055.997401,23,153,1.0,M
130,SDC-VD1095770A,M-1430,item:734545,39.848959,39.848959,23,153,1.0,UN
130,SDC-1450,M-1430,item:773474,48091.307161,48091.307161,3,133,1.0,G
130,SDC-VD0951020A,M-1810,item:001757,7.263351,7.263351,66,196,1.0,KG
130,SDC-VD0519670A,M-1810,item:001848,3.813259,3.813259,23,153,1.0,KG
130,SDC-VD0951020A,M-1810,item:001848,1.634254,1.634254,15,145,1.0,KG
130,SDC-VD0910216A,M-1810,item:001893,24.150643,24.150643,27,157,1.0,KG
130,SDC-VD1091642A,M-1810,item:001893,6.900184,6.900184,20,150,1.0,KG
130,SDC-VD0518684A,M-1810,item:001893,3.450092,3.450092,35,165,1.0,KG
130,SDC-VD0910216A,M-1810,item:002612,6.355432,6.355432,51,181,1.0,KG
130,SDC-VD0990780A,M-1810,item:002612,1.815838,1.815838,24,154,1.0,KG
130,SDC-VD1091642A,M-1810,item:002612,0.453959,0.453959,23,153,1.0,KG
130,SDC-VD0500655A,M-1810,item:002612,0.453959,0.453959,33,163,1.0,KG
130,SDC-VD0514881A,M-1810,item:016332,2.179005,2.179005,86,216,1.0,KG
130,SDC-VD0519670A,M-1810,item:029313,0.181584,0.181584,92,222,1.0,KG
130,SDC-VD1096202A,M-1810,item:039668,0.181584,0.181584,26,156,1.0,KG
130,SDC-VD0520132A,M-1810,item:049371,6.7186,6.7186,158,288,1.0,KG
130,SDC-VD0914320A,M-1810,item:055703,0.254217,0.254217,24,154,1.0,KG
130,SDC-VD0964290A,M-1810,item:055703,0.10895,0.10895,78,208,1.0,KG
130,SDC-VD0505677A,M-1810,item:099439,9.079189,9.079189,32,162,1.0,KG
130,SDC-VD0901566A,M-1810,item:338928,10000.0,10000.0,95,225,1.0,UN
130,SDC-VD0914360C,M-1810,item:338929,4472.506862,4472.506862,23,153,1.0,UN
130,SDC-VD0989480A,M-1810,item:426331,49.197575,49.197575,30,160,1.0,UN
130,SDC-1450,M-1810,item:693055,1815.837786,1815.837786,54,184,1.0,G
130,M-1430,DC-1920,item:268967,4981.119817,4981.119817,2,132,1.0,UN
130,M-1810,DC-1920,item:268091,4472.506862,4472.506862,3,133,1.0,UN
130,DC-1920,C-XXXXX,item:268091,4432.217349,4432.217349,1,131,1.0,UN
130,SDC-VD0949099A,SDC-1450,item:021081,195.109921,205.378864,111,241,0.95,KG
130,SDC-VD0960508A,SDC-1450,item:021081,55.745692,55.745692,75,205,1.0,KG
130,SDC-VD0972460A,SDC-1450,item:021081,13.936423,13.936423,45,175,1.0,KG
130,SDC-VD0975221A,SDC-1450,item:021081,13.936423,13.936423,130,260,1.0,KG
130,SDC-1450,M-1810,item:007923,14526.702289,14526.702289,1,131,1.0,G
131,SDC-VD0520132A,M-1430,item:038005,87.187814,87.187814,108,239,1.0,KG
131,SDC-VD0914690A,M-1430,item:042342,300647.702761,300647.702761,18,149,1.0,UN
131,SDC-VD0525412A,M-1430,item:333362,4982.395392,4982.395392,75,206,1.0,UN
131,SDC-VD0993480A,M-1430,item:344135,4982.395392,4982.395392,26,157,1.0,UN
131,SDC-VD0520115A,M-1430,item:708073,39.510395,39.510395,45,176,1.0,KG
131,SDC-VD0508918A,M-1430,item:730384,1056.267823,1056.267823,40,171,1.0,M
131,SDC-VD1095770A,M-1430,item:734545,39.859163,39.859163,32,163,1.0,UN
131,SDC-1450,M-1430,item:773474,48103.622477,48103.622477,6,137,1.0,G
131,SDC-VD0951020A,M-1810,item:001757,7.263435,7.263435,34,165,1.0,KG
131,SDC-VD0519670A,M-1810,item:001848,3.813303,3.813303,16,147,1.0,KG
131,SDC-VD0951020A,M-1810,item:001848,1.634273,1.634273,44,175,1.0,KG
131,SDC-VD0910216A,M-1810,item:001893,24.150921,24.150921,24,155,1.0,KG
131,SDC-VD1091642A,M-1810,item:001893,6.900263,6.900263,45,176,1.0,KG
131,SDC-VD0518684A,M-1810,item:001893,3.450132,3.450132,40,171,1.0,KG
131,SDC-VD0910216A,M-1810,item:002612,6.355506,6.355506,65,196,1.0,KG
131,SDC-VD0990780A,M-1810,item:002612,1.815859,1.815859,30,161,1.0,KG
131,SDC-VD1091642A,M-1810,item:002612,0.453965,0.453965,19,150,1.0,KG
131,SDC-VD0500655A,M-1810,item:002612,0.453965,0.453965,19,150,1.0,KG
131,SDC-VD0514881A,M-1810,item:016332,2.179031,2.179031,31,162,1.0,KG
131,SDC-VD0519670A,M-1810,item:029313,0.181586,0.181586,94,225,1.0,KG
131,SDC-VD1096202A,M-1810,item:039668,0.181586,0.181586,26,157,1.0,KG
131,SDC-VD0520132A,M-1810,item:049371,6.718677,6.718677,92,223,1.0,KG
131,SDC-VD0914320A,M-1810,item:055703,0.25422,0.25422,27,158,1.0,KG
131,SDC-VD0964290A,M-1810,item:055703,0.108952,0.108952,22,153,1.0,KG
131,SDC-VD0505677A,M-1810,item:099439,9.079294,9.079294,64,195,1.0,KG
131,SDC-VD0901566A,M-1810,item:338928,10000.0,10000.0,60,191,1.0,UN
131,SDC-VD0914360C,M-1810,item:338929,4472.558516,4472.558516,57,188,1.0,UN
131,SDC-VD0989480A,M-1810,item:426331,49.198144,49.198144,26,157,1.0,UN
131,SDC-1450,M-1810,item:693055,1815.858757,1815.858757,51,182,1.0,G
131,M-1430,DC-1920,item:268967,4982.395392,4982.395392,2,133,1.0,UN
131,M-1810,DC-1920,item:268091,4472.558516,4472.558516,2,133,1.0,UN
131,DC-1920,C-XXXXX,item:268967,4942.852572,4942.852572,3,134,1.0,UN
131,DC-1920,C-XXXXX,item:268091,4470.957266,4470.957266,2,133,1.0,UN
131,SDC-VD0949099A,SDC-1450,item:021081,224.053482,235.845771,104,235,0.95,KG
131,SDC-VD0960508A,SDC-1450,item:021081,64.015281,64.015281,116,247,1.0,KG
131,SDC-VD0972460A,SDC-1450,item:021081,16.00382,16.00382,58,189,1.0,KG
131,SDC-VD0975221A,SDC-1450,item:021081,16.00382,16.00382,34,165,1.0,KG
131,SDC-1450,M-1810,item:007923,14526.870059,14526.870059,2,133,1.0,G
132,SDC-VD0520132A,M-1430,item:038005,87.192278,87.192278,155,287,1.0,KG
132,SDC-VD0914690A,M-1430,item:042342,300663.096909,300663.096909,34,166,1.0,UN
132,SDC-VD0525412A,M-1430,item:333362,4982.650507,4982.650507,53,185,1.0,UN
132,SDC-VD0993480A,M-1430,item:344135,4982.650507,4982.650507,12,144,1.0,UN
132,SDC-VD0520115A,M-1430,item:708073,39.512419,39.512419,35,167,1.0,KG
132,SDC-VD0508918A,M-1430,item:730384,1056.321908,1056.321908,68,200,1.0,M
132,SDC-VD1095770A,M-1430,item:734545,39.861204,39.861204,21,153,1.0,UN
132,SDC-1450,M-1430,item:773474,48106.08554,48106.08554,1,133,1.0,G
132,SDC-VD0951020A,M-1810,item:001757,7.263452,7.263452,48,180,1.0,KG
132,SDC-VD0519670A,M-1810,item:001848,3.813312,3.813312,17,149,1.0,KG
132,SDC-VD0951020A,M-1810,item:001848,1.634277,1.634277,29,161,1.0,KG
132,SDC-VD0910216A,M-1810,item:001893,24.150977,24.150977,24,156,1.0,KG
132,SDC-VD1091642A,M-1810,item:001893,6.900279,6.900279,30,162,1.0,KG
132,SDC-VD0518684A,M-1810,item:001893,3.45014,3.45014,58,190,1.0,KG
132,SDC-VD0910216A,M-1810,item:002612,6.35552,6.35552,51,183,1.0,KG
132,SDC-VD0990780A,M-1810,item:002612,1.815863,1.815863,43,175,1.0,KG
132,SDC-VD1091642A,M-1810,item:002612,0.453966,0.453966,23,155,1.0,KG
132,SDC-VD0500655A,M-1810,item:002612,0.453966,0.453966,46,178,1.0,KG
132,SDC-VD0514881A,M-1810,item:016332,2.179036,2.179036,32,164,1.0,KG
132,SDC-VD0519670A,M-1810,item:029313,0.181586,0.181586,71,203,1.0,KG
132,SDC-VD1096202A,M-1810,item:039668,0.181586,0.181586,14,146,1.0,KG
132,SDC-VD0520132A,M-1810,item:049371,6.718693,6.718693,105,237,1.0,KG
132,SDC-VD0914320A,M-1810,item:055703,0.254221,0.254221,40,172,1.0,KG
132,SDC-VD0964290A,M-1810,item:055703,0.108952,0.108952,31,163,1.0,KG
132,SDC-VD0505677A,M-1810,item:099439,9.079315,9.079315,21,153,1.0,KG
132,SDC-VD0901566A,M-1810,item:338928,10000.0,10000.0,140,272,1.0,UN
132,SDC-VD0914360C,M-1810,item:338929,4472.568846,4472.568846,55,187,1.0,UN
132,SDC-VD0989480A,M-1810,item:426331,49.198257,49.198257,26,158,1.0,UN
132,SDC-1450,M-1810,item:693055,1815.862952,1815.862952,63,195,1.0,G
132,M-1430,DC-1920,item:268967,4982.650507,4982.650507,2,134,1.0,UN
132,M-1810,DC-1920,item:268091,4472.568846,4472.568846,2,134,1.0,UN
132,DC-1920,C-XXXXX,item:268967,9955.861761,9955.861761,2,134,1.0,UN
132,DC-1920,C-XXXXX,item:268091,13207.550237,13207.550237,3,135,1.0,UN
132,SDC-VD0949099A,SDC-1450,item:021081,245.237992,258.145254,129,261,0.95,KG
132,SDC-VD0960508A,SDC-1450,item:021081,70.067998,70.067998,47,179,1.0,KG
132,SDC-VD0972460A,SDC-1450,item:021081,17.516999,17.516999,43,175,1.0,KG
132,SDC-VD0975221A,SDC-1450,item:021081,17.516999,17.516999,45,177,1.0,KG
132,SDC-1450,M-1810,item:007923,14526.903613,14526.903613,1,133,1.0,G
133,SDC-VD0520132A,M-1430,item:038005,90.995715,90.995715,189,322,1.0,KG
133,SDC-VD0914690A,M-1430,item:042342,313778.4,313778.4,19,152,1.0,UN
133,SDC-VD0525412A,M-1430,item:333362,5200.0,5200.0,30,163,1.0,UN
133,SDC-VD0993480A,M-1430,item:344135,5200.0,5200.0,35,168,1.0,UN
133,SDC-VD0520115A,M-1430,item:708073,41.236,41.236,32,165,1.0,KG
133,SDC-VD0508918A,M-1430,item:730384,1102.4,1102.4,29,162,1.0,M
133,SDC-VD1095770A,M-1430,item:734545,41.6,41.6,22,155,1.0,UN
133,SDC-1450,M-1430,item:773474,50204.5336,50204.5336,11,144,1.0,G
133,SDC-VD0951020A,M-1810,item:001757,14.843359,14.843359,60,193,1.0,KG
133,SDC-VD0519670A,M-1810,item:001848,7.792764,7.792764,16,149,1.0,KG
133,SDC-VD0951020A,M-1810,item:001848,3.339756,3.339756,15,148,1.0,KG
133,SDC-VD0910216A,M-1810,item:001893,49.354169,49.354169,27,160,1.0,KG
133,SDC-VD1091642A,M-1810,item:001893,14.101191,14.101191,45,178,1.0,KG
133,SDC-VD0518684A,M-1810,item:001893,7.050596,7.050596,29,162,1.0,KG
133,SDC-VD0910216A,M-1810,item:002612,12.987939,12.987939,48,181,1.0,KG
133,SDC-VD0990780A,M-1810,item:002612,3.71084,3.71084,24,157,1.0,KG
133,SDC-VD1091642A,M-1810,item:002612,0.92771,0.92771,45,178,1.0,KG
133,SDC-VD0500655A,M-1810,item:002612,0.92771,0.92771,24,157,1.0,KG
133,SDC-VD0514881A,M-1810,item:016332,4.453008,4.453008,24,157,1.0,KG
133,SDC-VD0519670A,M-1810,item:029313,0.371084,0.371084,25,158,1.0,KG
133,SDC-VD1096202A,M-1810,item:039668,0.371084,0.371084,21,154,1.0,KG
133,SDC-VD0520132A,M-1810,item:049371,13.730107,13.730107,129,262,1.0,KG
133,SDC-VD0914320A,M-1810,item:055703,0.519518,0.519518,13,146,1.0,KG
133,SDC-VD0964290A,M-1810,item:055703,0.22265,0.22265,30,163,1.0,KG
133,SDC-VD0505677A,M-1810,item:099439,18.554199,18.554199,62,195,1.0,KG
133,SDC-VD0901566A,M-1810,item:338928,10000.0,10000.0,38,171,1.0,UN
133,SDC-VD0914360C,M-1810,item:338929,9139.999484,9139.999484,31,164,1.0,UN
133,SDC-VD0989480A,M-1810,item:426331,100.539994,100.539994,56,189,1.0,UN
133,SDC-1450,M-1810,item:693055,3710.83979,3710.83979,120,253,1.0,G
133,M-1430,DC-1920,item:268967,5200.0,5200.0,2,135,1.0,UN
133,M-1810,DC-1920,item:268091,9139.999484,9139.999484,5,138,1.0,UN
133,DC-1920,C-XXXXX,item:268967,4982.395392,4982.395392,2,135,1.0,UN
133,DC-1920,C-XXXXX,item:268091,8945.065378,8945.065378,3,136,1.0,UN
133,SDC-VD0949099A,SDC-1450,item:021081,260.636872,274.354602,81,214,0.95,KG
133,SDC-VD0960508A,SDC-1450,item:021081,74.467678,74.467678,87,220,1.0,KG
133,SDC-VD0972460A,SDC-1450,item:021081,18.616919,18.616919,65,198,1.0,KG
133,SDC-VD0975221A,SDC-1450,item:021081,18.616919,18.616919,136,269,1.0,KG
133,SDC-1450,M-1810,item:007923,29686.718323,29686.718323,1,134,1.0,G
134,SDC-VD0520132A,M-1430,item:038005,90.995715,90.995715,75,209,1.0,KG
134,SDC-VD0914690A,M-1430,item:042342,313778.4,313778.4,16,150,1.0,UN
134,SDC-VD0525412A,M-1430,item:333362,5200.0,5200.0,47,181,1.0,UN
134,SDC-VD0993480A,M-1430,item:344135,5200.0,5200.0,32,166,1.0,UN
134,SDC-VD0520115A,M-1430,item:708073,41.236,41.236,26,160,1.0,KG
134,SDC-VD0508918A,M-1430,item:730384,1102.4,1102.4,56,190,1.0,M
134,SDC-VD1095770A,M-1430,item:734545,41.6,41.6,14,148,1.0,UN
134,SDC-1450,M-1430,item:773474,50204.5336,50204.5336,3,137,1.0,G
134,SDC-VD0951020A,M-1810,item:001757,16.359341,16.359341,135,269,1.0,KG
134,SDC-VD0519670A,M-1810,item:001848,8.588654,8.588654,42,176,1.0,KG
134,SDC-VD0951020A,M-1810,item:001848,3.680852,3.680852,22,156,1.0,KG
134,SDC-VD0910216A,M-1810,item:001893,54.394808,54.394808,21,155,1.0,KG
134,SDC-VD1091642A,M-1810,item:001893,15.541374,15.541374,54,188,1.0,KG
134,SDC-VD0518684A,M-1810,item:001893,7.770687,7.770687,33,167,1.0,KG
134,SDC-VD0910216A,M-1810,item:002612,14.314423,14.314423,26,160,1.0,KG
134,SDC-VD0990780A,M-1810,item:002612,4.089835,4.089835,38,172,1.0,KG
134,SDC-VD1091642A,M-1810,item:002612,1.022459,1.022459,70,204,1.0,KG
134,SDC-VD0500655A,M-1810,item:002612,1.022459,1.022459,41,175,1.0,KG
134,SDC-VD0514881A,M-1810,item:016332,4.907802,4.907802,63,197,1.0,KG
134,SDC-VD0519670A,M-1810,item:029313,0.408984,0.408984,34,168,1.0,KG
134,SDC-VD1096202A,M-1810,item:039668,0.408984,0.408984,37,171,1.0,KG
134,SDC-VD0520132A,M-1810,item:049371,15.13239,15.13239,137,271,1.0,KG
134,SDC-VD0914320A,M-1810,item:055703,0.572577,0.572577,42,176,1.0,KG
134,SDC-VD0964290A,M-1810,item:055703,0.24539,0.24539,22,156,1.0,KG
134,SDC-VD0505677A,M-1810,item:099439,20.449176,20.449176,33,167,1.0,KG
134,SDC-VD0901566A,M-1810,item:338928,10000.0,10000.0,37,171,1.0,UN
134,SDC-VD0914360C,M-1810,item:338929,10073.485611,10073.485611,47,181,1.0,UN
134,SDC-VD0989480A,M-1810,item:426331,110.808342,110.808342,21,155,1.0,UN
134,SDC-1450,M-1810,item:693055,4089.835158,4089.835158,60,194,1.0,G
134,M-1430,DC-1920,item:268967,5200.0,5200.0,2,136,1.0,UN
134,M-1810,DC-1920,item:268091,10073.485611,10073.485611,4,138,1.0,UN
134,DC-1920,C-XXXXX,item:268967,4982.650507,4982.650507,4,138,1.0,UN
134,DC-1920,C-XXXXX,item:268091,4472.568846,4472.568846,2,136,1.0,UN
134,SDC-VD0949099A,SDC-1450,item:021081,274.425268,288.868703,45,179,0.95,KG
134,SDC-VD0960508A,SDC-1450,item:021081,78.407219,78.407219,214,348,1.0,KG
134,SDC-VD0972460A,SDC-1450,item:021081,19.601805,19.601805,240,374,1.0,KG
134,SDC-VD0975221A,SDC-1450,item:021081,19.601805,19.601805,124,258,1.0,KG
134,SDC-1450,M-1810,item:007923,32718.681265,32718.681265,1,135,1.0,G
135,SDC-VD0520132A,M-1430,item:038005,90.995715,90.995715,103,238,1.0,KG
135,SDC-VD0914690A,M-1430,item:042342,313778.4,313778.4,23,158,1.0,UN
135,SDC-VD0525412A,M-1430,item:333362,5200.0,5200.0,92,227,1.0,UN
135,SDC-VD0993480A,M-1430,item:344135,5200.0,5200.0,33,168,1.0,UN
135,SDC-VD0520115A,M-1430,item:708073,41.236,41.236,7,142,1.0,KG
135,SDC-VD0508918A,M-1430,item:730384,1102.4,1102.4,31,166,1.0,M
135,SDC-VD1095770A,M-1430,item:734545,41.6,41.6,23,158,1.0,UN
135,SDC-1450,M-1430,item:773474,50204.5336,50204.5336,15,150,1.0,G
135,SDC-VD0951020A,M-1810,item:001757,16.662537,16.662537,116,251,1.0,KG
135,SDC-VD0519670A,M-1810,item:001848,8.747832,8.747832,41,176,1.0,KG
135,SDC-VD0951020A,M-1810,item:001848,3.749071,3.749071,38,173,1.0,KG
135,SDC-VD0910216A,M-1810,item:001893,55.402935,55.402935,56,191,1.0,KG
135,SDC-VD1091642A,M-1810,item:001893,15.82941,15.82941,49,184,1.0,KG
135,SDC-VD0518684A,M-1810,item:001893,7.914705,7.914705,40,175,1.0,KG
135,SDC-VD0910216A,M-1810,item:002612,14.57972,14.57972,12,147,1.0,KG
135,SDC-VD0990780A,M-1810,item:002612,4.165634,4.165634,18,153,1.0,KG
135,SDC-VD1091642A,M-1810,item:002612,1.041409,1.041409,39,174,1.0,KG
135,SDC-VD0500655A,M-1810,item:002612,1.041409,1.041409,10,145,1.0,KG
135,SDC-VD0514881A,M-1810,item:016332,4.998761,4.998761,23,158,1.0,KG
135,SDC-VD0519670A,M-1810,item:029313,0.416563,0.416563,48,183,1.0,KG
135,SDC-VD1096202A,M-1810,item:039668,0.416563,0.416563,58,193,1.0,KG
135,SDC-VD0520132A,M-1810,item:049371,15.412847,15.412847,200,335,1.0,KG
135,SDC-VD0914320A,M-1810,item:055703,0.583189,0.583189,8,143,1.0,KG
135,SDC-VD0964290A,M-1810,item:055703,0.249938,0.249938,26,161,1.0,KG
135,SDC-VD0505677A,M-1810,item:099439,20.828171,20.828171,36,171,1.0,KG
135,SDC-VD0901566A,M-1810,item:338928,10000.0,10000.0,47,182,1.0,UN
135,SDC-VD0914360C,M-1810,item:338929,10260.182837,10260.182837,30,165,1.0,UN
135,SDC-VD0989480A,M-1810,item:426331,112.862011,112.862011,11,146,1.0,UN
135,SDC-1450,M-1810,item:693055,4165.634232,4165.634232,95,230,1.0,G
135,M-1430,DC-1920,item:268967,5200.0,5200.0,2,137,1.0,UN
135,M-1810,DC-1920,item:268091,10260.182837,10260.182837,2,137,1.0,UN
135,DC-1920,C-XXXXX,item:268967,5200.0,5200.0,2,137,1.0,UN
135,SDC-VD0949099A,SDC-1450,item:021081,285.133888,300.140934,91,226,0.95,KG
135,SDC-VD0960508A,SDC-1450,item:021081,81.466825,81.466825,71,206,1.0,KG
135,SDC-VD0972460A,SDC-1450,item:021081,20.366706,20.366706,23,158,1.0,KG
135,SDC-VD0975221A,SDC-1450,item:021081,20.366706,20.366706,123,258,1.0,KG
135,SDC-1450,M-1810,item:007923,33325.073853,33325.073853,1,136,1.0,G
136,SDC-VD0520132A,M-1430,item:038005,90.995715,90.995715,289,425,1.0,KG
136,SDC-VD0914690A,M-1430,item:042342,313778.4,313778.4,15,151,1.0,UN
136,SDC-VD0525412A,M-1430,item:333362,5200.0,5200.0,120,256,1.0,UN
136,SDC-VD0993480A,M-1430,item:344135,5200.0,5200.0,45,181,1.0,UN
136,SDC-VD0520115A,M-1430,item:708073,41.236,41.236,33,169,1.0,KG
136,SDC-VD0508918A,M-1430,item:730384,1102.4,1102.4,71,207,1.0,M
136,SDC-VD1095770A,M-1430,item:734545,41.6,41.6,30,166,1.0,UN
136,SDC-1450,M-1430,item:773474,50204.5336,50204.5336,5,141,1.0,G
136,SDC-VD0951020A,M-1810,item:001757,16.723176,16.723176,71,207,1.0,KG
136,SDC-VD0519670A,M-1810,item:001848,8.779667,8.779667,22,158,1.0,KG
136,SDC-VD0951020A,M-1810,item:001848,3.762715,3.762715,23,159,1.0,KG
136,SDC-VD0910216A,M-1810,item:001893,55.604561,55.604561,51,187,1.0,KG
136,SDC-VD1091642A,M-1810,item:001893,15.887017,15.887017,34,170,1.0,KG
136,SDC-VD0518684A,M-1810,item:001893,7.943509,7.943509,58,194,1.0,KG
136,SDC-VD0910216A,M-1810,item:002612,14.632779,14.632779,19,155,1.0,KG
136,SDC-VD0990780A,M-1810,item:002612,4.180794,4.180794,70,206,1.0,KG
136,SDC-VD1091642A,M-1810,item:002612,1.045199,1.045199,21,157,1.0,KG
136,SDC-VD0500655A,M-1810,item:002612,1.045199,1.045199,30,166,1.0,KG
136,SDC-VD0514881A,M-1810,item:016332,5.016953,5.016953,44,180,1.0,KG
136,SDC-VD0519670A,M-1810,item:029313,0.418079,0.418079,30,166,1.0,KG
136,SDC-VD1096202A,M-1810,item:039668,0.418079,0.418079,29,165,1.0,KG
136,SDC-VD0520132A,M-1810,item:049371,15.468938,15.468938,97,233,1.0,KG
136,SDC-VD0914320A,M-1810,item:055703,0.585311,0.585311,34,170,1.0,KG
136,SDC-VD0964290A,M-1810,item:055703,0.250848,0.250848,30,166,1.0,KG
136,SDC-VD0505677A,M-1810,item:099439,20.90397,20.90397,45,181,1.0,KG
136,SDC-VD0901566A,M-1810,item:338928,10000.0,10000.0,140,276,1.0,UN
136,SDC-VD0914360C,M-1810,item:338929,10297.522282,10297.522282,33,169,1.0,UN
136,SDC-VD0989480A,M-1810,item:426331,113.272745,113.272745,38,174,1.0,UN
136,SDC-1450,M-1810,item:693055,4180.794046,4180.794046,48,184,1.0,G
136,M-1430,DC-1920,item:268967,5200.0,5200.0,3,139,1.0,UN
136,M-1810,DC-1920,item:268091,10297.522282,10297.522282,2,138,1.0,UN
136,DC-1920,C-XXXXX,item:268967,5200.0,5200.0,4,140,1.0,UN
136,SDC-VD0949099A,SDC-1450,item:021081,293.084828,308.510346,64,200,0.95,KG
136,SDC-VD0960508A,SDC-1450,item:021081,83.738522,83.738522,68,204,1.0,KG
136,SDC-VD0972460A,SDC-1450,item:021081,20.934631,20.934631,108,244,1.0,KG
136,SDC-VD0975221A,SDC-1450,item:021081,20.934631,20.934631,151,287,1.0,KG
136,SDC-1450,M-1810,item:007923,33446.352371,33446.352371,1,137,1.0,G
137,SDC-VD0520132A,M-1430,item:038005,90.995715,90.995715,116,253,1.0,KG
137,SDC-VD0914690A,M-1430,item:042342,313778.4,313778.4,18,155,1.0,UN
137,SDC-VD0525412A,M-1430,item:333362,5200.0,5200.0,27,164,1.0,UN
137,SDC-VD0993480A,M-1430,item:344135,5200.0,5200.0,60,197,1.0,UN
137,SDC-VD0520115A,M-1430,item:708073,41.236,41.236,17,154,1.0,KG
137,SDC-VD0508918A,M-1430,item:730384,1102.4,1102.4,60,197,1.0,M
137,SDC-VD1095770A,M-1430,item:734545,41.6,41.6,21,158,1.0,UN
137,SDC-1450,M-1430,item:773474,50204.5336,50204.5336,19,156,1.0,G
137,SDC-VD0951020A,M-1810,item:001757,16.735304,16.735304,132,269,1.0,KG
137,SDC-VD0519670A,M-1810,item:001848,8.786035,8.786035,42,179,1.0,KG
137,SDC-VD0951020A,M-1810,item:001848,3.765443,3.765443,54,191,1.0,KG
137,SDC-VD0910216A,M-1810,item:001893,55.644886,55.644886,56,193,1.0,KG
137,SDC-VD1091642A,M-1810,item:001893,15.898539,15.898539,22,159,1.0,KG
137,SDC-VD0518684A,M-1810,item:001893,7.949269,7.949269,82,219,1.0,KG
137,SDC-VD0910216A,M-1810,item:002612,14.643391,14.643391,33,170,1.0,KG
137,SDC-VD0990780A,M-1810,item:002612,4.183826,4.183826,14,151,1.0,KG
137,SDC-VD1091642A,M-1810,item:002612,1.045957,1.045957,50,187,1.0,KG
137,SDC-VD0500655A,M-1810,item:002612,1.045957,1.045957,17,154,1.0,KG
137,SDC-VD0514881A,M-1810,item:016332,5.020591,5.020591,49,186,1.0,KG
137,SDC-VD0519670A,M-1810,item:029313,0.418383,0.418383,72,209,1.0,KG
137,SDC-VD1096202A,M-1810,item:039668,0.418383,0.418383,48,185,1.0,KG
137,SDC-VD0520132A,M-1810,item:049371,15.480156,15.480156,141,278,1.0,KG
137,SDC-VD0914320A,M-1810,item:055703,0.585736,0.585736,39,176,1.0,KG
137,SDC-VD0964290A,M-1810,item:055703,0.25103,0.25103,84,221,1.0,KG
137,SDC-VD0505677A,M-1810,item:099439,20.91913,20.91913,47,184,1.0,KG
137,SDC-VD0901566A,M-1810,item:338928,10000.0,10000.0,68,205,1.0,UN
137,SDC-VD0914360C,M-1810,item:338929,10304.990171,10304.990171,59,196,1.0,UN
137,SDC-VD0989480A,M-1810,item:426331,113.354892,113.354892,45,182,1.0,UN
137,SDC-1450,M-1810,item:693055,4183.826009,4183.826009,66,203,1.0,G
137,M-1430,DC-1920,item:268967,5200.0,5200.0,3,140,1.0,UN
137,M-1810,DC-1920,item:268091,10304.990171,10304.990171,3,140,1.0,UN
137,DC-1920,C-XXXXX,item:268967,5200.0,5200.0,2,139,1.0,UN
137,DC-1920,C-XXXXX,item:268091,10260.182837,10260.182837,1,138,1.0,UN
137,SDC-VD0949099A,SDC-1450,item:021081,298.894045,314.625311,98,235,0.95,KG
137,SDC-VD0960508A,SDC-1450,item:021081,85.398299,85.398299,216,353,1.0,KG
137,SDC-VD0972460A,SDC-1450,item:021081,21.349575,21.349575,61,198,1.0,KG
137,SDC-VD0975221A,SDC-1450,item:021081,21.349575,21.349575,161,298,1.0,KG
137,SDC-1450,M-1810,item:007923,33470.608075,33470.608075,2,139,1.0,G
138,SDC-VD0520132A,M-1430,item:038005,90.995715,90.995715,287,425,1.0,KG
138,SDC-VD0914690A,M-1430,item:042342,313778.4,313778.4,33,171,1.0,UN
138,SDC-VD0525412A,M-1430,item:333362,5200.0,5200.0,15,153,1.0,UN
138,SDC-VD0993480A,M-1430,item:344135,5200.0,5200.0,34,172,1.0,UN
138,SDC-VD0520115A,M-1430,item:708073,41.236,41.236,10,148,1.0,KG
138,SDC-VD0508918A,M-1430,item:730384,1102.4,1102.4,56,194,1.0,M
138,SDC-VD1095770A,M-1430,item:734545,41.6,41.6,10,148,1.0,UN
138,SDC-1450,M-1430,item:773474,50204.5336,50204.5336,8,146,1.0,G
138,SDC-VD0951020A,M-1810,item:001757,16.73773,16.73773,37,175,1.0,KG
138,SDC-VD0519670A,M-1810,item:001848,8.787308,8.787308,30,168,1.0,KG
138,SDC-VD0951020A,M-1810,item:001848,3.765989,3.765989,50,188,1.0,KG
138,SDC-VD0910216A,M-1810,item:001893,55.652951,55.652951,8,146,1.0,KG
138,SDC-VD1091642A,M-1810,item:001893,15.900843,15.900843,47,185,1.0,KG
138,SDC-VD0518684A,M-1810,item:001893,7.950422,7.950422,74,212,1.0,KG
138,SDC-VD0910216A,M-1810,item:002612,10.820523,10.820523,70,208,1.0,KG
138,SDC-VD0990780A,M-1810,item:002612,4.184432,4.184432,21,159,1.0,KG
138,SDC-VD1091642A,M-1810,item:002612,1.046108,1.046108,36,174,1.0,KG
138,SDC-VD0500655A,M-1810,item:002612,1.046108,1.046108,23,161,1.0,KG
138,SDC-VD0990780A,M-1810,item:002612,3.824991,3.824991,41,179,1.0,KG
138,SDC-VD0514881A,M-1810,item:016332,5.021319,5.021319,55,193,1.0,KG
138,SDC-VD0519670A,M-1810,item:029313,0.418443,0.418443,24,162,1.0,KG
138,SDC-VD1096202A,M-1810,item:039668,0.418443,0.418443,23,161,1.0,KG
138,SDC-VD0520132A,M-1810,item:049371,15.4824,15.4824,149,287,1.0,KG
138,SDC-VD0914320A,M-1810,item:055703,0.585821,0.585821,26,164,1.0,KG
138,SDC-VD0964290A,M-1810,item:055703,0.251066,0.251066,56,194,1.0,KG
138,SDC-VD0505677A,M-1810,item:099439,20.922162,20.922162,19,157,1.0,KG
138,SDC-VD0901566A,M-1810,item:338928,10000.0,10000.0,30,168,1.0,UN
138,SDC-VD0914360C,M-1810,item:338929,10306.483749,10306.483749,42,180,1.0,UN
138,SDC-VD0989480A,M-1810,item:426331,113.371321,113.371321,36,174,1.0,UN
138,SDC-1450,M-1810,item:693055,4184.432402,4184.432402,36,174,1.0,G
138,M-1430,DC-1920,item:268967,5200.0,5200.0,2,140,1.0,UN
138,M-1810,DC-1920,item:268091,10306.483749,10306.483749,2,140,1.0,UN
138,DC-1920,C-XXXXX,item:268091,29511.007377,29511.007377,5,143,1.0,UN
138,SDC-VD0949099A,SDC-1450,item:021081,303.113074,319.066393,120,258,0.95,KG
138,SDC-VD0960508A,SDC-1450,item:021081,86.603735,86.603735,13,151,1.0,KG
138,SDC-VD0972460A,SDC-1450,item:021081,21.650934,21.650934,163,301,1.0,KG
138,SDC-VD0975221A,SDC-1450,item:021081,21.650934,21.650934,102,240,1.0,KG
138,SDC-1450,M-1810,item:007923,33475.459215,33475.459215,1,139,1.0,G
139,SDC-VD0520132A,M-1430,item:038005,90.995715,90.995715,255,394,1.0,KG
139,SDC-VD0914690A,M-1430,item:042342,313778.4,313778.4,25,164,1.0,UN
139,SDC-VD0525412A,M-1430,item:333362,5200.0,5200.0,47,186,1.0,UN
139,SDC-VD0993480A,M-1430,item:344135,5200.0,5200.0,18,157,1.0,UN
139,SDC-VD0520115A,M-1430,item:708073,41.236,41.236,25,164,1.0,KG
139,SDC-VD0508918A,M-1430,item:730384,1102.4,1102.4,82,221,1.0,M
139,SDC-VD1095770A,M-1430,item:734545,41.6,41.6,29,168,1.0,UN
139,SDC-1450,M-1430,item:773474,50204.5336,50204.5336,7,146,1.0,G
139,SDC-VD0951020A,M-1810,item:001757,16.738215,16.738215,160,299,1.0,KG
139,SDC-VD0519670A,M-1810,item:001848,8.787563,8.787563,18,157,1.0,KG
139,SDC-VD0951020A,M-1810,item:001848,3.766098,3.766098,11,150,1.0,KG
139,SDC-VD0910216A,M-1810,item:001893,55.654564,55.654564,10,149,1.0,KG
139,SDC-VD1091642A,M-1810,item:001893,15.901304,15.901304,49,188,1.0,KG
139,SDC-VD0518684A,M-1810,item:001893,7.950652,7.950652,52,191,1.0,KG
139,SDC-VD0910216A,M-1810,item:002612,3.823136,3.823136,5,144,1.0,KG
139,SDC-VD0990780A,M-1810,item:002612,4.184554,4.184554,69,208,1.0,KG
139,SDC-VD1091642A,M-1810,item:002612,1.046138,1.046138,12,151,1.0,KG
139,SDC-VD0500655A,M-1810,item:002612,1.046138,1.046138,39,178,1.0,KG
139,SDC-VD0990780A,M-1810,item:002612,10.822802,10.822802,28,167,1.0,KG
139,SDC-VD0514881A,M-1810,item:016332,5.021464,5.021464,58,197,1.0,KG
139,SDC-VD0519670A,M-1810,item:029313,0.418455,0.418455,75,214,1.0,KG
139,SDC-VD1096202A,M-1810,item:039668,0.418455,0.418455,23,162,1.0,KG
139,SDC-VD0520132A,M-1810,item:049371,15.482849,15.482849,205,344,1.0,KG
139,SDC-VD0914320A,M-1810,item:055703,0.585838,0.585838,19,158,1.0,KG
139,SDC-VD0964290A,M-1810,item:055703,0.251073,0.251073,67,206,1.0,KG
139,SDC-VD0505677A,M-1810,item:099439,20.922768,20.922768,37,176,1.0,KG
139,SDC-VD0901566A,M-1810,item:338928,10000.0,10000.0,72,211,1.0,UN
139,SDC-VD0914360C,M-1810,item:338929,10306.782464,10306.782464,22,161,1.0,UN
139,SDC-VD0989480A,M-1810,item:426331,113.374607,113.374607,35,174,1.0,UN
139,SDC-1450,M-1810,item:693055,4184.55368,4184.55368,56,195,1.0,G
139,M-1430,DC-1920,item:268967,5200.0,5200.0,4,143,1.0,UN
139,M-1810,DC-1920,item:268091,10306.782464,10306.782464,3,142,1.0,UN
139,DC-1920,C-XXXXX,item:268967,5200.0,5200.0,2,141,1.0,UN
139,SDC-VD0949099A,SDC-1450,item:021081,306.170259,322.284483,171,310,0.95,KG
139,SDC-VD0960508A,SDC-1450,item:021081,87.477217,87.477217,218,357,1.0,KG
139,SDC-VD0972460A,SDC-1450,item:021081,21.869304,21.869304,35,174,1.0,KG
139,SDC-VD0975221A,SDC-1450,item:021081,21.869304,21.869304,130,269,1.0,KG
139,SDC-1450,M-1810,item:007923,33476.429443,33476.429443,2,141,1.0,G
140,SDC-VD0520132A,M-1430,item:038005,74.510356,74.510356,308,448,1.0,KG
140,SDC-VD0914690A,M-1430,item:042342,256932.321064,256932.321064,26,166,1.0,UN
140,SDC-VD0525412A,M-1430,item:333362,4257.935121,4257.935121,31,171,1.0,UN
140,SDC-VD0993480A,M-1430,item:344135,4257.935121,4257.935121,18,158,1.0,UN
140,SDC-VD0520115A,M-1430,item:708073,33.765426,33.765426,18,158,1.0,KG
140,SDC-VD0508918A,M-1430,item:730384,902.682246,902.682246,83,223,1.0,M
140,SDC-VD1095770A,M-1430,item:734545,34.063481,34.063481,6,146,1.0,UN
140,SDC-1450,M-1430,item:773474,41109.162854,41109.162854,9,149,1.0,G
140,SDC-VD0951020A,M-1810,item:001757,16.76411,16.76411,82,222,1.0,KG
140,SDC-VD0519670A,M-1810,item:001848,8.801158,8.801158,22,162,1.0,KG
140,SDC-VD0951020A,M-1810,item:001848,3.771925,3.771925,59,199,1.0,KG
140,SDC-VD0910216A,M-1810,item:001893,55.740666,55.740666,18,158,1.0,KG
140,SDC-VD1091642A,M-1810,item:001893,15.925905,15.925905,38,178,1.0,KG
140,SDC-VD0518684A,M-1810,item:001893,7.962952,7.962952,73,213,1.0,KG
140,SDC-VD0910216A,M-1810,item:002612,6.565393,6.565393,15,155,1.0,KG
140,SDC-VD0990780A,M-1810,item:002612,4.191028,4.191028,70,210,1.0,KG
140,SDC-VD1091642A,M-1810,item:002612,1.047757,1.047757,19,159,1.0,KG
140,SDC-VD0500655A,M-1810,item:002612,1.047757,1.047757,16,156,1.0,KG
140,SDC-VD0990780A,M-1810,item:002612,8.103204,8.103204,32,172,1.0,KG
140,SDC-VD0514881A,M-1810,item:016332,5.029233,5.029233,51,191,1.0,KG
140,SDC-VD0519670A,M-1810,item:029313,0.419103,0.419103,11,151,1.0,KG
140,SDC-VD1096202A,M-1810,item:039668,0.419103,0.419103,21,161,1.0,KG
140,SDC-VD0520132A,M-1810,item:049371,15.506802,15.506802,61,201,1.0,KG
140,SDC-VD0914320A,M-1810,item:055703,0.586744,0.586744,23,163,1.0,KG
140,SDC-VD0964290A,M-1810,item:055703,0.251462,0.251462,56,196,1.0,KG
140,SDC-VD0505677A,M-1810,item:099439,20.955138,20.955138,26,166,1.0,KG
140,SDC-VD0901566A,M-1810,item:338928,10000.0,10000.0,121,261,1.0,UN
140,SDC-VD0914360C,M-1810,item:338929,10322.727922,10322.727922,19,159,1.0,UN
140,SDC-VD0989480A,M-1810,item:426331,113.550007,113.550007,34,174,1.0,UN
140,SDC-1450,M-1810,item:693055,4191.027536,4191.027536,37,177,1.0,G
140,M-1430,DC-1920,item:268967,4257.935121,4257.935121,3,143,1.0,UN
140,M-1810,DC-1920,item:268091,10322.727922,10322.727922,2,142,1.0,UN
140,DC-1920,C-XXXXX,item:268967,10400.0,10400.0,2,142,1.0,UN
140,DC-1920,C-XXXXX,item:268091,20611.473919,20611.473919,2,142,1.0,UN
140,SDC-VD0949099A,SDC-1450,item:021081,308.383638,324.614356,240,380,0.95,KG
140,SDC-VD0960508A,SDC-1450,item:021081,88.109611,88.109611,86,226,1.0,KG
140,SDC-VD0972460A,SDC-1450,item:021081,22.027403,22.027403,55,195,1.0,KG
140,SDC-VD0975221A,SDC-1450,item:021081,22.027403,22.027403,101,241,1.0,KG
140,SDC-1450,M-1810,item:007923,33528.220289,33528.220289,2,142,1.0,G
141,SDC-VD0520132A,M-1430,item:038005,61.397882,61.397882,66,207,1.0,KG
141,SDC-VD0914690A,M-1430,item:042342,211716.882256,211716.882256,9,150,1.0,UN
141,SDC-VD0525412A,M-1430,item:333362,3508.615595,3508.615595,18,159,1.0,UN
141,SDC-VD0993480A,M-1430,item:344135,3508.615595,3508.615595,29,170,1.0,UN
141,SDC-VD0520115A,M-1430,item:708073,27.823322,27.823322,40,181,1.0,KG
141,SDC-VD0508918A,M-1430,item:730384,743.826506,743.826506,39,180,1.0,M
141,SDC-VD1095770A,M-1430,item:734545,28.068925,28.068925,12,153,1.0,UN
141,SDC-1450,M-1430,item:773474,33874.694144,33874.694144,11,152,1.0,G
141,SDC-VD0951020A,M-1810,item:001757,16.769289,16.769289,67,208,1.0,KG
141,SDC-VD0519670A,M-1810,item:001848,8.803877,8.803877,7,148,1.0,KG
141,SDC-VD0951020A,M-1810,item:001848,3.77309,3.77309,33,174,1.0,KG
141,SDC-VD0910216A,M-1810,item:001893,55.757887,55.757887,41,182,1.0,KG
141,SDC-VD1091642A,M-1810,item:001893,15.930825,15.930825,52,193,1.0,KG
141,SDC-VD0518684A,M-1810,item:001893,7.965412,7.965412,57,198,1.0,KG
141,SDC-VD0910216A,M-1810,item:002612,7.113844,7.113844,11,152,1.0,KG
141,SDC-VD0990780A,M-1810,item:002612,4.192322,4.192322,40,181,1.0,KG
141,SDC-VD1091642A,M-1810,item:002612,1.048081,1.048081,31,172,1.0,KG
141,SDC-VD0500655A,M-1810,item:002612,1.048081,1.048081,22,163,1.0,KG
141,SDC-VD0990780A,M-1810,item:002612,7.559284,7.559284,19,160,1.0,KG
141,SDC-VD0514881A,M-1810,item:016332,5.030787,5.030787,43,184,1.0,KG
141,SDC-VD0519670A,M-1810,item:029313,0.419232,0.419232,27,168,1.0,KG
141,SDC-VD1096202A,M-1810,item:039668,0.419232,0.419232,30,171,1.0,KG
141,SDC-VD0520132A,M-1810,item:049371,15.511593,15.511593,30,171,1.0,KG
141,SDC-VD0914320A,M-1810,item:055703,0.586925,0.586925,27,168,1.0,KG
141,SDC-VD0964290A,M-1810,item:055703,0.251539,0.251539,21,162,1.0,KG
141,SDC-VD0505677A,M-1810,item:099439,20.961612,20.961612,20,161,1.0,KG
141,SDC-VD0901566A,M-1810,item:338928,10000.0,10000.0,99,240,1.0,UN
141,SDC-VD0914360C,M-1810,item:338929,10325.917013,10325.917013,59,200,1.0,UN
141,SDC-VD0989480A,M-1810,item:426331,113.585087,113.585087,23,164,1.0,UN
141,SDC-1450,M-1810,item:693055,4192.322307,4192.322307,117,258,1.0,G
141,M-1430,DC-1920,item:268967,3508.615595,3508.615595,2,143,1.0,UN
141,M-1810,DC-1920,item:268091,10325.917013,10325.917013,4,145,1.0,UN
141,SDC-VD0949099A,SDC-1450,item:021081,298.601815,314.3177,187,328,0.95,KG
141,SDC-VD0960508A,SDC-1450,item:021081,85.314804,85.314804,240,381,1.0,KG
141,SDC-VD0972460A,SDC-1450,item:021081,21.328701,21.328701,98,239,1.0,KG
141,SDC-VD0975221A,SDC-1450,item:021081,21.328701,21.328701,193,334,1.0,KG
141,SDC-1450,M-1810,item:007923,33538.578459,33538.578459,1,142,1.0,G
142,SDC-VD0520132A,M-1430,item:038005,58.775387,58.775387,308,450,1.0,KG
142,SDC-VD0914690A,M-1430,item:042342,202673.794495,202673.794495,17,159,1.0,UN
142,SDC-VD0525412A,M-1430,item:333362,3358.75169,3358.75169,46,188,1.0,UN
142,SDC-VD0993480A,M-1430,item:344135,3358.75169,3358.75169,30,172,1.0,UN
142,SDC-VD0520115A,M-1430,item:708073,26.634901,26.634901,31,173,1.0,KG
142,SDC-VD0508918A,M-1430,item:730384,712.055358,712.055358,101,243,1.0,M
142,SDC-VD1095770A,M-1430,item:734545,26.870014,26.870014,32,174,1.0,UN
142,SDC-1450,M-1430,item:773474,32427.800402,32427.800402,6,148,1.0,G
142,SDC-VD0951020A,M-1810,item:001757,16.770325,16.770325,126,268,1.0,KG
142,SDC-VD0519670A,M-1810,item:001848,8.804421,8.804421,23,165,1.0,KG
142,SDC-VD0951020A,M-1810,item:001848,3.773323,3.773323,30,172,1.0,KG
142,SDC-VD0910216A,M-1810,item:001893,55.761331,55.761331,28,170,1.0,KG
142,SDC-VD1091642A,M-1810,item:001893,15.931809,15.931809,36,178,1.0,KG
142,SDC-VD0518684A,M-1810,item:001893,7.965904,7.965904,42,184,1.0,KG
142,SDC-VD0910216A,M-1810,item:002612,5.819699,5.819699,70,212,1.0,KG
142,SDC-VD0990780A,M-1810,item:002612,4.192581,4.192581,34,176,1.0,KG
142,SDC-VD1091642A,M-1810,item:002612,1.048145,1.048145,5,147,1.0,KG
142,SDC-VD0500655A,M-1810,item:002612,1.048145,1.048145,34,176,1.0,KG
142,SDC-VD0990780A,M-1810,item:002612,8.854335,8.854335,56,198,1.0,KG
142,SDC-VD0514881A,M-1810,item:016332,5.031098,5.031098,78,220,1.0,KG
142,SDC-VD0519670A,M-1810,item:029313,0.419258,0.419258,35,177,1.0,KG
142,SDC-VD1096202A,M-1810,item:039668,0.419258,0.419258,24,166,1.0,KG
142,SDC-VD0520132A,M-1810,item:049371,15.512551,15.512551,171,313,1.0,KG
142,SDC-VD0914320A,M-1810,item:055703,0.586961,0.586961,23,165,1.0,KG
142,SDC-VD0964290A,M-1810,item:055703,0.251555,0.251555,66,208,1.0,KG
142,SDC-VD0505677A,M-1810,item:099439,20.962906,20.962906,27,169,1.0,KG
142,SDC-VD0901566A,M-1810,item:338928,10000.0,10000.0,39,181,1.0,UN
142,SDC-VD0914360C,M-1810,item:338929,10326.554831,10326.554831,40,182,1.0,UN
142,SDC-VD0989480A,M-1810,item:426331,113.592103,113.592103,5,147,1.0,UN
142,SDC-1450,M-1810,item:693055,4192.581262,4192.581262,50,192,1.0,G
142,M-1430,DC-1920,item:268967,3358.75169,3358.75169,4,146,1.0,UN
142,M-1810,DC-1920,item:268091,10326.554831,10326.554831,3,145,1.0,UN
142,DC-1920,C-XXXXX,item:268091,20629.510386,20629.510386,2,144,1.0,UN
142,SDC-VD0949099A,SDC-1450,item:021081,279.322654,294.023847,119,261,0.95,KG
142,SDC-VD0960508A,SDC-1450,item:021081,79.806473,79.806473,148,290,1.0,KG
142,SDC-VD0972460A,SDC-1450,item:021081,19.951618,19.951618,157,299,1.0,KG
142,SDC-VD0975221A,SDC-1450,item:021081,19.951618,19.951618,16,158,1.0,KG
142,SDC-1450,M-1810,item:007923,33540.650092,33540.650092,1,143,1.0,G
143,SDC-VD0520132A,M-1430,item:038005,58.250888,58.250888,119,262,1.0,KG
143,SDC-VD0914690A,M-1430,item:042342,200865.176942,200865.176942,10,153,1.0,UN
143,SDC-VD0525412A,M-1430,item:333362,3328.778909,3328.778909,30,173,1.0,UN
143,SDC-VD0993480A,M-1430,item:344135,3328.778909,3328.778909,5,148,1.0,UN
143,SDC-VD0520115A,M-1430,item:708073,26.397217,26.397217,31,174,1.0,KG
143,SDC-VD0508918A,M-1430,item:730384,705.701129,705.701129,44,187,1.0,M
143,SDC-VD1095770A,M-1430,item:734545,26.630231,26.630231,11,154,1.0,UN
143,SDC-1450,M-1430,item:773474,32138.421653,32138.421653,7,150,1.0,G
143,SDC-VD0951020A,M-1810,item:001757,16.770532,16.770532,111,254,1.0,KG
143,SDC-VD0519670A,M-1810,item:001848,8.804529,8.804529,14,157,1.0,KG
143,SDC-VD0951020A,M-1810,item:001848,3.77337,3.77337,111,254,1.0,KG
143,SDC-VD0910216A,M-1810,item:001893,46.81512,46.81512,17,160,1.0,KG
143,SDC-VD1091642A,M-1810,item:001893,15.932006,15.932006,61,204,1.0,KG
143,SDC-VD0518684A,M-1810,item:001893,7.966003,7.966003,29,172,1.0,KG
143,SDC-VD1091642A,M-1810,item:001893,8.9469,8.9469,48,191,1.0,KG
143,SDC-VD0910216A,M-1810,item:002612,6.01905,6.01905,20,163,1.0,KG
143,SDC-VD0990780A,M-1810,item:002612,4.192633,4.192633,24,167,1.0,KG
143,SDC-VD1091642A,M-1810,item:002612,1.048158,1.048158,66,209,1.0,KG
143,SDC-VD0500655A,M-1810,item:002612,1.048158,1.048158,16,159,1.0,KG
143,SDC-VD0990780A,M-1810,item:002612,8.655165,8.655165,16,159,1.0,KG
143,SDC-VD0514881A,M-1810,item:016332,5.03116,5.03116,40,183,1.0,KG
143,SDC-VD0519670A,M-1810,item:029313,0.419263,0.419263,33,176,1.0,KG
143,SDC-VD1096202A,M-1810,item:039668,0.419263,0.419263,28,171,1.0,KG
143,SDC-VD0520132A,M-1810,item:049371,15.512742,15.512742,226,369,1.0,KG
143,SDC-VD0914320A,M-1810,item:055703,0.586969,0.586969,36,179,1.0,KG
143,SDC-VD0964290A,M-1810,item:055703,0.251558,0.251558,52,195,1.0,KG
143,SDC-VD0505677A,M-1810,item:099439,20.963165,20.963165,27,170,1.0,KG
143,SDC-VD0901566A,M-1810,item:338928,10000.0,10000.0,91,234,1.0,UN
143,SDC-VD0914360C,M-1810,item:338929,10326.682395,10326.682395,33,176,1.0,UN
143,SDC-VD0989480A,M-1810,item:426331,113.593506,113.593506,43,186,1.0,UN
143,SDC-1450,M-1810,item:693055,4192.633052,4192.633052,66,209,1.0,G
143,M-1430,DC-1920,item:268967,3328.778909,3328.778909,4,147,1.0,UN
143,M-1810,DC-1920,item:268091,10326.682395,10326.682395,2,145,1.0,UN
143,DC-1920,C-XXXXX,item:268967,12966.550716,12966.550716,2,145,1.0,UN
143,SDC-VD0949099A,SDC-1450,item:021081,260.188926,273.88308,110,253,0.95,KG
143,SDC-VD0960508A,SDC-1450,item:021081,74.339693,74.339693,50,193,1.0,KG
143,SDC-VD0972460A,SDC-1450,item:021081,18.584923,18.584923,116,259,1.0,KG
143,SDC-VD0975221A,SDC-1450,item:021081,18.584923,18.584923,172,315,1.0,KG
143,SDC-1450,M-1810,item:007923,33541.064419,33541.064419,2,145,1.0,G
144,SDC-VD0520132A,M-1430,item:038005,58.145988,58.145988,104,248,1.0,KG
144,SDC-VD0914690A,M-1430,item:042342,200503.453432,200503.453432,15,159,1.0,UN
144,SDC-VD0525412A,M-1430,item:333362,3322.784353,3322.784353,51,195,1.0,UN
144,SDC-VD0993480A,M-1430,item:344135,3322.784353,3322.784353,43,187,1.0,UN
144,SDC-VD0520115A,M-1430,item:708073,26.34968,26.34968,32,176,1.0,KG
144,SDC-VD0508918A,M-1430,item:730384,704.430283,704.430283,93,237,1.0,M
144,SDC-VD1095770A,M-1430,item:734545,26.582275,26.582275,26,170,1.0,UN
144,SDC-1450,M-1430,item:773474,32080.545904,32080.545904,4,148,1.0,G
144,SDC-VD0951020A,M-1810,item:001757,16.770574,16.770574,24,168,1.0,KG
144,SDC-VD0519670A,M-1810,item:001848,8.804551,8.804551,26,170,1.0,KG
144,SDC-VD0951020A,M-1810,item:001848,3.773379,3.773379,29,173,1.0,KG
144,SDC-VD0910216A,M-1810,item:001893,23.023898,23.023898,56,200,1.0,KG
144,SDC-VD1091642A,M-1810,item:001893,15.932045,15.932045,38,182,1.0,KG
144,SDC-VD0518684A,M-1810,item:001893,7.966022,7.966022,96,240,1.0,KG
144,SDC-VD1091642A,M-1810,item:001893,32.73826,32.73826,69,213,1.0,KG
144,SDC-VD0910216A,M-1810,item:002612,6.05892,6.05892,37,181,1.0,KG
144,SDC-VD0990780A,M-1810,item:002612,4.192643,4.192643,28,172,1.0,KG
144,SDC-VD1091642A,M-1810,item:002612,1.048161,1.048161,45,189,1.0,KG
144,SDC-VD0500655A,M-1810,item:002612,1.048161,1.048161,10,154,1.0,KG
144,SDC-VD0990780A,M-1810,item:002612,8.615331,8.615331,62,206,1.0,KG
144,SDC-VD0514881A,M-1810,item:016332,5.031172,5.031172,40,184,1.0,KG
144,SDC-VD0519670A,M-1810,item:029313,0.419264,0.419264,29,173,1.0,KG
144,SDC-VD1096202A,M-1810,item:039668,0.419264,0.419264,51,195,1.0,KG
144,SDC-VD0520132A,M-1810,item:049371,15.512781,15.512781,99,243,1.0,KG
144,SDC-VD0914320A,M-1810,item:055703,0.58697,0.58697,33,177,1.0,KG
144,SDC-VD0964290A,M-1810,item:055703,0.251559,0.251559,40,184,1.0,KG
144,SDC-VD0505677A,M-1810,item:099439,20.963217,20.963217,13,157,1.0,KG
144,SDC-VD0901566A,M-1810,item:338928,10000.0,10000.0,51,195,1.0,UN
144,SDC-VD0914360C,M-1810,item:338929,10326.707908,10326.707908,30,174,1.0,UN
144,SDC-VD0989480A,M-1810,item:426331,113.593787,113.593787,40,184,1.0,UN
144,SDC-1450,M-1810,item:693055,4192.643411,4192.643411,47,191,1.0,G
144,M-1430,DC-1920,item:268967,3322.784353,3322.784353,3,147,1.0,UN
144,M-1810,DC-1920,item:268091,10326.707908,10326.707908,4,148,1.0,UN
144,SDC-VD0949099A,SDC-1450,item:021081,244.548844,257.419836,57,201,0.95,KG
144,SDC-VD0960508A,SDC-1450,item:021081,69.871098,69.871098,91,235,1.0,KG
144,SDC-VD0972460A,SDC-1450,item:021081,17.467775,17.467775,161,305,1.0,KG
144,SDC-VD0975221A,SDC-1450,item:021081,17.467775,17.467775,158,302,1.0,KG
144,SDC-1450,M-1810,item:007923,33541.147285,33541.147285,1,145,1.0,G
145,SDC-VD0520132A,M-1430,item:038005,58.125008,58.125008,83,228,1.0,KG
145,SDC-VD0914690A,M-1430,item:042342,200431.10873,200431.10873,19,164,1.0,UN
145,SDC-VD0525412A,M-1430,item:333362,3321.585442,3321.585442,61,206,1.0,UN
145,SDC-VD0993480A,M-1430,item:344135,3321.585442,3321.585442,43,188,1.0,UN
145,SDC-VD0520115A,M-1430,item:708073,26.340173,26.340173,33,178,1.0,KG
145,SDC-VD0508918A,M-1430,item:730384,704.176114,704.176114,63,208,1.0,M
145,SDC-VD1095770A,M-1430,item:734545,26.572684,26.572684,16,161,1.0,UN
145,SDC-1450,M-1430,item:773474,32068.970754,32068.970754,10,155,1.0,G
145,SDC-VD0951020A,M-1810,item:001757,16.770582,16.770582,42,187,1.0,KG
145,SDC-VD0519670A,M-1810,item:001848,8.804556,8.804556,27,172,1.0,KG
145,SDC-VD0951020A,M-1810,item:001848,3.773381,3.773381,65,210,1.0,KG
145,SDC-VD0910216A,M-1810,item:001893,23.054199,23.054199,41,186,1.0,KG
145,SDC-VD1091642A,M-1810,item:001893,15.932053,15.932053,25,170,1.0,KG
145,SDC-VD0518684A,M-1810,item:001893,7.966026,7.966026,42,187,1.0,KG
145,SDC-VD1091642A,M-1810,item:001893,32.707986,32.707986,68,213,1.0,KG
145,SDC-VD0910216A,M-1810,item:002612,6.066894,6.066894,61,206,1.0,KG
145,SDC-VD0990780A,M-1810,item:002612,4.192645,4.192645,35,180,1.0,KG
145,SDC-VD1091642A,M-1810,item:002612,1.048161,1.048161,70,215,1.0,KG
145,SDC-VD0500655A,M-1810,item:002612,1.048161,1.048161,21,166,1.0,KG
145,SDC-VD0990780A,M-1810,item:002612,8.607365,8.607365,12,157,1.0,KG
145,SDC-VD0514881A,M-1810,item:016332,5.031175,5.031175,50,195,1.0,KG
145,SDC-VD0519670A,M-1810,item:029313,0.419265,0.419265,48,193,1.0,KG
145,SDC-VD1096202A,M-1810,item:039668,0.419265,0.419265,57,202,1.0,KG
145,SDC-VD0520132A,M-1810,item:049371,15.512788,15.512788,173,318,1.0,KG
145,SDC-VD0914320A,M-1810,item:055703,0.58697,0.58697,13,158,1.0,KG
145,SDC-VD0964290A,M-1810,item:055703,0.251559,0.251559,57,202,1.0,KG
145,SDC-VD0505677A,M-1810,item:099439,20.963227,20.963227,26,171,1.0,KG
145,SDC-VD0901566A,M-1810,item:338928,10000.0,10000.0,99,244,1.0,UN
145,SDC-VD0914360C,M-1810,item:338929,10326.71301,10326.71301,70,215,1.0,UN
145,SDC-VD0989480A,M-1810,item:426331,113.593843,113.593843,13,158,1.0,UN
145,SDC-1450,M-1810,item:693055,4192.645482,4192.645482,46,191,1.0,G
145,M-1430,DC-1920,item:268967,3321.585442,3321.585442,2,147,1.0,UN
145,M-1810,DC-1920,item:268091,10326.71301,10326.71301,1,146,1.0,UN
145,DC-1920,C-XXXXX,item:268091,30979.15424,30979.15424,1,146,1.0,UN
145,SDC-VD0949099A,SDC-1450,item:021081,232.66307,244.908495,99,244,0.95,KG
145,SDC-VD0960508A,SDC-1450,item:021081,66.475163,66.475163,89,234,1.0,KG
145,SDC-VD0972460A,SDC-1450,item:021081,16.618791,16.618791,52,197,1.0,KG
145,SDC-VD0975221A,SDC-1450,item:021081,16.618791,16.618791,129,274,1.0,KG
145,SDC-1450,M-1810,item:007923,33541.163858,33541.163858,1,146,1.0,G
146,SDC-VD0520132A,M-1430,item:038005,58.120812,58.120812,167,313,1.0,KG
146,SDC-VD0914690A,M-1430,item:042342,200416.639789,200416.639789,31,177,1.0,UN
146,SDC-VD0525412A,M-1430,item:333362,3321.34566,3321.34566,79,225,1.0,UN
146,SDC-VD0993480A,M-1430,item:344135,3321.34566,3321.34566,51,197,1.0,UN
146,SDC-VD0520115A,M-1430,item:708073,26.338271,26.338271,18,164,1.0,KG
146,SDC-VD0508918A,M-1430,item:730384,704.12528,704.12528,37,183,1.0,M
146,SDC-VD1095770A,M-1430,item:734545,26.570765,26.570765,28,174,1.0,UN
146,SDC-1450,M-1430,item:773474,32066.655724,32066.655724,7,153,1.0,G
146,SDC-VD0951020A,M-1810,item:001757,16.770584,16.770584,17,163,1.0,KG
146,SDC-VD0519670A,M-1810,item:001848,8.804556,8.804556,25,171,1.0,KG
146,SDC-VD0951020A,M-1810,item:001848,3.773381,3.773381,55,201,1.0,KG
146,SDC-VD0910216A,M-1810,item:001893,23.060259,23.060259,14,160,1.0,KG
146,SDC-VD1091642A,M-1810,item:001893,15.932054,15.932054,60,206,1.0,KG
146,SDC-VD0518684A,M-1810,item:001893,7.966027,7.966027,53,199,1.0,KG
146,SDC-VD1091642A,M-1810,item:001893,32.701931,32.701931,29,175,1.0,KG
146,SDC-VD0910216A,M-1810,item:002612,6.068489,6.068489,59,205,1.0,KG
146,SDC-VD0990780A,M-1810,item:002612,4.192646,4.192646,46,192,1.0,KG
146,SDC-VD1091642A,M-1810,item:002612,1.048161,1.048161,27,173,1.0,KG
146,SDC-VD0500655A,M-1810,item:002612,1.048161,1.048161,27,173,1.0,KG
146,SDC-VD0990780A,M-1810,item:002612,8.605771,8.605771,14,160,1.0,KG
146,SDC-VD0514881A,M-1810,item:016332,5.031175,5.031175,80,226,1.0,KG
146,SDC-VD0519670A,M-1810,item:029313,0.419265,0.419265,68,214,1.0,KG
146,SDC-VD1096202A,M-1810,item:039668,0.419265,0.419265,26,172,1.0,KG
146,SDC-VD0520132A,M-1810,item:049371,15.51279,15.51279,119,265,1.0,KG
146,SDC-VD0914320A,M-1810,item:055703,0.58697,0.58697,11,157,1.0,KG
146,SDC-VD0964290A,M-1810,item:055703,0.251559,0.251559,33,179,1.0,KG
146,SDC-VD0505677A,M-1810,item:099439,20.963229,20.963229,41,187,1.0,KG
146,SDC-VD0901566A,M-1810,item:338928,10000.0,10000.0,70,216,1.0,UN
146,SDC-VD0914360C,M-1810,item:338929,10326.714031,10326.714031,39,185,1.0,UN
146,SDC-VD0989480A,M-1810,item:426331,113.593854,113.593854,14,160,1.0,UN
146,SDC-1450,M-1810,item:693055,4192.645897,4192.645897,71,217,1.0,G
146,M-1430,DC-1920,item:268967,3321.34566,3321.34566,2,148,1.0,UN
146,M-1810,DC-1920,item:268091,10326.714031,10326.714031,3,149,1.0,UN
146,DC-1920,C-XXXXX,item:268967,3358.75169,3358.75169,1,147,1.0,UN
146,DC-1920,C-XXXXX,item:268091,10326.71301,10326.71301,4,150,1.0,UN
146,SDC-VD0949099A,SDC-1450,item:021081,223.890825,235.674553,110,256,0.95,KG
146,SDC-VD0960508A,SDC-1450,item:021081,63.968807,63.968807,31,177,1.0,KG
146,SDC-VD0972460A,SDC-1450,item:021081,15.992202,15.992202,73,219,1.0,KG
146,SDC-VD0975221A,SDC-1450,item:021081,15.992202,15.992202,129,275,1.0,KG
146,SDC-1450,M-1810,item:007923,33541.167172,33541.167172,1,147,1.0,G
147,SDC-VD0520132A,M-1430,item:038005,11.624162,11.624162,78,225,1.0,KG
147,SDC-VD0914690A,M-1430,item:042342,40083.327958,40083.327958,42,189,1.0,UN
147,SDC-VD0525412A,M-1430,item:333362,664.269132,664.269132,43,190,1.0,UN
147,SDC-VD0993480A,M-1430,item:344135,664.269132,664.269132,14,161,1.0,UN
147,SDC-VD0520115A,M-1430,item:708073,5.267654,5.267654,24,171,1.0,KG
147,SDC-VD0508918A,M-1430,item:730384,140.825056,140.825056,56,203,1.0,M
147,SDC-VD1095770A,M-1430,item:734545,5.314153,5.314153,13,160,1.0,UN
147,SDC-1450,M-1430,item:773474,6413.331145,6413.331145,14,161,1.0,G
147,SDC-VD0951020A,M-1810,item:001757,17.792126,17.792126,79,226,1.0,KG
147,SDC-VD0519670A,M-1810,item:001848,9.340866,9.340866,29,176,1.0,KG
147,SDC-VD0951020A,M-1810,item:001848,4.003228,4.003228,74,221,1.0,KG
147,SDC-VD0910216A,M-1810,item:001893,23.061471,23.061471,21,168,1.0,KG
147,SDC-VD1091642A,M-1810,item:001893,16.90252,16.90252,50,197,1.0,KG
147,SDC-VD0518684A,M-1810,item:001893,8.45126,8.45126,83,230,1.0,KG
147,SDC-VD1091642A,M-1810,item:001893,36.097349,36.097349,11,158,1.0,KG
147,SDC-VD0910216A,M-1810,item:002612,6.068808,6.068808,27,174,1.0,KG
147,SDC-VD0990780A,M-1810,item:002612,4.448032,4.448032,39,186,1.0,KG
147,SDC-VD1091642A,M-1810,item:002612,1.112008,1.112008,70,217,1.0,KG
147,SDC-VD0500655A,M-1810,item:002612,1.112008,1.112008,18,165,1.0,KG
147,SDC-VD0990780A,M-1810,item:002612,9.499302,9.499302,57,204,1.0,KG
147,SDC-VD0514881A,M-1810,item:016332,5.337638,5.337638,13,160,1.0,KG
147,SDC-VD0519670A,M-1810,item:029313,0.444803,0.444803,55,202,1.0,KG
147,SDC-VD1096202A,M-1810,item:039668,0.444803,0.444803,44,191,1.0,KG
147,SDC-VD0520132A,M-1810,item:049371,16.457717,16.457717,93,240,1.0,KG
147,SDC-VD0914320A,M-1810,item:055703,0.622724,0.622724,33,180,1.0,KG
147,SDC-VD0964290A,M-1810,item:055703,0.266882,0.266882,24,171,1.0,KG
147,SDC-VD0505677A,M-1810,item:099439,22.240158,22.240158,57,204,1.0,KG
147,SDC-VD0901566A,M-1810,item:338928,10000.0,10000.0,88,235,1.0,UN
147,SDC-VD0914360C,M-1810,item:338929,10955.742806,10955.742806,15,162,1.0,UN
147,SDC-VD0989480A,M-1810,item:426331,120.513171,120.513171,18,165,1.0,UN
147,SDC-1450,M-1810,item:693055,4448.031579,4448.031579,105,252,1.0,G
147,M-1430,DC-1920,item:268967,664.269132,664.269132,3,150,1.0,UN
147,M-1810,DC-1920,item:268091,10955.742806,10955.742806,3,150,1.0,UN
147,DC-1920,C-XXXXX,item:268967,9973.148704,9973.148704,2,149,1.0,UN
147,SDC-VD0949099A,SDC-1450,item:021081,217.492837,228.939829,124,271,0.95,KG
147,SDC-VD0960508A,SDC-1450,item:021081,62.140811,62.140811,127,274,1.0,KG
147,SDC-VD0972460A,SDC-1450,item:021081,15.535203,15.535203,137,284,1.0,KG
147,SDC-VD0975221A,SDC-1450,item:021081,15.535203,15.535203,104,251,1.0,KG
147,SDC-1450,M-1810,item:007923,35584.252634,35584.252634,2,149,1.0,G
148,SDC-VD0520132A,M-1430,item:038005,2.324832,2.324832,143,291,1.0,KG
148,SDC-VD0914690A,M-1430,item:042342,8016.665592,8016.665592,35,183,1.0,UN
148,SDC-VD0525412A,M-1430,item:333362,132.853826,132.853826,77,225,1.0,UN
148,SDC-VD0993480A,M-1430,item:344135,132.853826,132.853826,34,182,1.0,UN
148,SDC-VD0520115A,M-1430,item:708073,1.053531,1.053531,34,182,1.0,KG
148,SDC-VD0508918A,M-1430,item:730384,28.165011,28.165011,20,168,1.0,M
148,SDC-VD1095770A,M-1430,item:734545,1.062831,1.062831,11,159,1.0,UN
148,SDC-1450,M-1430,item:773474,1282.666229,1282.666229,20,168,1.0,G
148,SDC-VD0951020A,M-1810,item:001757,17.996435,17.996435,125,273,1.0,KG
148,SDC-VD0519670A,M-1810,item:001848,9.448128,9.448128,23,171,1.0,KG
148,SDC-VD0951020A,M-1810,item:001848,4.049198,4.049198,112,260,1.0,KG
148,SDC-VD0910216A,M-1810,item:001893,23.933087,23.933087,26,174,1.0,KG
148,SDC-VD1091642A,M-1810,item:001893,17.096613,17.096613,52,200,1.0,KG
148,SDC-VD0518684A,M-1810,item:001893,8.548307,8.548307,49,197,1.0,KG
148,SDC-VD1091642A,M-1810,item:001893,35.905059,35.905059,18,166,1.0,KG
148,SDC-VD0910216A,M-1810,item:002612,6.298181,6.298181,28,176,1.0,KG
148,SDC-VD0990780A,M-1810,item:002612,4.499109,4.499109,53,201,1.0,KG
148,SDC-VD1091642A,M-1810,item:002612,1.124777,1.124777,16,164,1.0,KG
148,SDC-VD0500655A,M-1810,item:002612,1.124777,1.124777,34,182,1.0,KG
148,SDC-VD0990780A,M-1810,item:002612,9.4487,9.4487,15,163,1.0,KG
148,SDC-VD0514881A,M-1810,item:016332,5.39893,5.39893,30,178,1.0,KG
148,SDC-VD0519670A,M-1810,item:029313,0.449911,0.449911,79,227,1.0,KG
148,SDC-VD1096202A,M-1810,item:039668,0.449911,0.449911,37,185,1.0,KG
148,SDC-VD0520132A,M-1810,item:049371,16.646702,16.646702,202,350,1.0,KG
148,SDC-VD0914320A,M-1810,item:055703,0.629875,0.629875,13,161,1.0,KG
148,SDC-VD0964290A,M-1810,item:055703,0.269947,0.269947,42,190,1.0,KG
148,SDC-VD0505677A,M-1810,item:099439,22.495544,22.495544,35,183,1.0,KG
148,SDC-VD0901566A,M-1810,item:338928,10000.0,10000.0,94,242,1.0,UN
148,SDC-VD0914360C,M-1810,item:338929,11081.548561,11081.548561,36,184,1.0,UN
148,SDC-VD0989480A,M-1810,item:426331,121.897034,121.897034,38,186,1.0,UN
148,SDC-1450,M-1810,item:693055,4499.108716,4499.108716,34,182,1.0,G
148,M-1430,DC-1920,item:268967,132.853826,132.853826,1,149,1.0,UN
148,M-1810,DC-1920,item:268091,11081.548561,11081.548561,3,151,1.0,UN
148,DC-1920,C-XXXXX,item:268967,3321.34566,3321.34566,1,149,1.0,UN
148,DC-1920,C-XXXXX,item:268091,10326.707908,10326.707908,2,150,1.0,UN
148,SDC-VD0949099A,SDC-1450,item:021081,180.741598,190.254313,42,190,0.95,KG
148,SDC-VD0960508A,SDC-1450,item:021081,51.640456,51.640456,65,213,1.0,KG
148,SDC-VD0972460A,SDC-1450,item:021081,12.910114,12.910114,87,235,1.0,KG
148,SDC-VD0975221A,SDC-1450,item:021081,12.910114,12.910114,93,241,1.0,KG
148,SDC-1450,M-1810,item:007923,35992.869727,35992.869727,2,150,1.0,G
149,SDC-VD0520132A,M-1430,item:038005,0.464966,0.464966,179,328,1.0,KG
149,SDC-VD0914690A,M-1430,item:042342,1603.333118,1603.333118,33,182,1.0,UN
149,SDC-VD0525412A,M-1430,item:333362,26.570765,26.570765,59,208,1.0,UN
149,SDC-VD0993480A,M-1430,item:344135,26.570765,26.570765,52,201,1.0,UN
149,SDC-VD0520115A,M-1430,item:708073,0.210706,0.210706,15,164,1.0,KG
149,SDC-VD0508918A,M-1430,item:730384,5.633002,5.633002,90,239,1.0,M
149,SDC-VD1095770A,M-1430,item:734545,0.212566,0.212566,10,159,1.0,UN
149,SDC-1450,M-1430,item:773474,256.533246,256.533246,4,153,1.0,G
149,SDC-VD0951020A,M-1810,item:001757,18.037297,18.037297,125,274,1.0,KG
149,SDC-VD0519670A,M-1810,item:001848,9.469581,9.469581,32,181,1.0,KG
149,SDC-VD0951020A,M-1810,item:001848,4.058392,4.058392,56,205,1.0,KG
149,SDC-VD0910216A,M-1810,item:001893,24.10741,24.10741,16,165,1.0,KG
149,SDC-VD1091642A,M-1810,item:001893,17.135432,17.135432,75,224,1.0,KG
149,SDC-VD0518684A,M-1810,item:001893,8.567716,8.567716,79,228,1.0,KG
149,SDC-VD1091642A,M-1810,item:001893,35.866601,35.866601,13,162,1.0,KG
149,SDC-VD0910216A,M-1810,item:002612,6.344055,6.344055,30,179,1.0,KG
149,SDC-VD0990780A,M-1810,item:002612,4.509324,4.509324,24,173,1.0,KG
149,SDC-VD1091642A,M-1810,item:002612,1.127331,1.127331,63,212,1.0,KG
149,SDC-VD0500655A,M-1810,item:002612,1.127331,1.127331,31,180,1.0,KG
149,SDC-VD0990780A,M-1810,item:002612,6.82237,6.82237,15,164,1.0,KG
149,SDC-VD1091642A,M-1810,item:002612,2.616209,2.616209,56,205,1.0,KG
149,SDC-VD0514881A,M-1810,item:016332,5.411189,5.411189,9,158,1.0,KG
149,SDC-VD0519670A,M-1810,item:029313,0.450932,0.450932,54,203,1.0,KG
149,SDC-VD1096202A,M-1810,item:039668,0.450932,0.450932,46,195,1.0,KG
149,SDC-VD0520132A,M-1810,item:049371,16.684499,16.684499,168,317,1.0,KG
149,SDC-VD0914320A,M-1810,item:055703,0.631305,0.631305,16,165,1.0,KG
149,SDC-VD0964290A,M-1810,item:055703,0.270559,0.270559,48,197,1.0,KG
149,SDC-VD0505677A,M-1810,item:099439,22.546621,22.546621,43,192,1.0,KG
149,SDC-VD0901566A,M-1810,item:338928,10000.0,10000.0,20,169,1.0,UN
149,SDC-VD0914360C,M-1810,item:338929,11106.709712,11106.709712,50,199,1.0,UN
149,SDC-VD0989480A,M-1810,item:426331,122.173807,122.173807,39,188,1.0,UN
149,SDC-1450,M-1810,item:693055,4509.324143,4509.324143,87,236,1.0,G
149,M-1430,DC-1920,item:268967,26.570765,26.570765,2,151,1.0,UN
149,M-1810,DC-1920,item:268091,11106.709712,11106.709712,3,152,1.0,UN
149,DC-1920,C-XXXXX,item:268967,132.853826,132.853826,2,151,1.0,UN
149,DC-1920,C-XXXXX,item:268091,10326.714031,10326.714031,2,151,1.0,UN
149,SDC-VD0949099A,SDC-1450,item:021081,138.848415,146.156226,112,261,0.95,KG
149,SDC-VD0960508A,SDC-1450,item:021081,39.670976,39.670976,60,209,1.0,KG
149,SDC-VD0972460A,SDC-1450,item:021081,9.917744,9.917744,76,225,1.0,KG
149,SDC-VD0975221A,SDC-1450,item:021081,9.917744,9.917744,23,172,1.0,KG
149,SDC-1450,M-1810,item:007923,36074.593145,36074.593145,1,150,1.0,G
150,SDC-VD0520132A,M-1430,item:038005,0.092993,0.092993,194,344,1.0,KG
150,SDC-VD0914690A,M-1430,item:042342,320.666624,320.666624,26,176,1.0,UN
150,SDC-VD0525412A,M-1430,item:333362,5.314153,5.314153,104,254,1.0,UN
150,SDC-VD0993480A,M-1430,item:344135,5.314153,5.314153,23,173,1.0,UN
150,SDC-VD0520115A,M-1430,item:708073,0.042141,0.042141,30,180,1.0,KG
150,SDC-VD0508918A,M-1430,item:730384,1.1266,1.1266,42,192,1.0,M
150,SDC-VD1095770A,M-1430,item:734545,0.042513,0.042513,16,166,1.0,UN
150,SDC-1450,M-1430,item:773474,51.306649,51.306649,14,164,1.0,G
150,SDC-VD0951020A,M-1810,item:001757,18.045469,18.045469,45,195,1.0,KG
150,SDC-VD0519670A,M-1810,item:001848,9.473871,9.473871,37,187,1.0,KG
150,SDC-VD0951020A,M-1810,item:001848,4.060231,4.060231,9,159,1.0,KG
150,SDC-VD0910216A,M-1810,item:001893,24.142275,24.142275,26,176,1.0,KG
150,SDC-VD1091642A,M-1810,item:001893,17.143195,17.143195,55,205,1.0,KG
150,SDC-VD0518684A,M-1810,item:001893,8.571598,8.571598,72,222,1.0,KG
150,SDC-VD1091642A,M-1810,item:001893,35.858909,35.858909,37,187,1.0,KG
150,SDC-VD0910216A,M-1810,item:002612,6.35323,6.35323,42,192,1.0,KG
150,SDC-VD0990780A,M-1810,item:002612,1.815209,1.815209,16,166,1.0,KG
150,SDC-VD1091642A,M-1810,item:002612,1.127842,1.127842,21,171,1.0,KG
150,SDC-VD0500655A,M-1810,item:002612,1.127842,1.127842,40,190,1.0,KG
150,SDC-VD1091642A,M-1810,item:002612,12.132714,12.132714,34,184,1.0,KG
150,SDC-VD0514881A,M-1810,item:016332,5.413641,5.413641,92,242,1.0,KG
150,SDC-VD0519670A,M-1810,item:029313,0.451137,0.451137,76,226,1.0,KG
150,SDC-VD1096202A,M-1810,item:039668,0.451137,0.451137,36,186,1.0,KG
150,SDC-VD0520132A,M-1810,item:049371,16.692059,16.692059,124,274,1.0,KG
150,SDC-VD0914320A,M-1810,item:055703,0.631591,0.631591,42,192,1.0,KG
150,SDC-VD0964290A,M-1810,item:055703,0.270682,0.270682,11,161,1.0,KG
150,SDC-VD0505677A,M-1810,item:099439,22.556836,22.556836,30,180,1.0,KG
150,SDC-VD0901566A,M-1810,item:338928,10000.0,10000.0,40,190,1.0,UN
150,SDC-VD0914360C,M-1810,item:338929,11111.741942,11111.741942,36,186,1.0,UN
150,SDC-VD0989480A,M-1810,item:426331,122.229161,122.229161,32,182,1.0,UN
150,SDC-1450,M-1810,item:693055,4511.367229,4511.367229,63,213,1.0,G
150,M-1430,DC-1920,item:268967,5.314153,5.314153,2,152,1.0,UN
150,M-1810,DC-1920,item:268091,11111.741942,11111.741942,2,152,1.0,UN
150,DC-1920,C-XXXXX,item:268967,664.269132,664.269132,3,153,1.0,UN
150,DC-1920,C-XXXXX,item:268091,10955.742806,10955.742806,1,151,1.0,UN
150,SDC-VD0949099A,SDC-1450,item:021081,103.021173,108.44334,195,345,0.95,KG
150,SDC-VD0960508A,SDC-1450,item:021081,29.434621,29.434621,159,309,1.0,KG
150,SDC-VD0972460A,SDC-1450,item:021081,7.358655,7.358655,200,350,1.0,KG
150,SDC-VD0975221A,SDC-1450,item:021081,7.358655,7.358655,88,238,1.0,KG
150,SDC-1450,M-1810,item:007923,36090.937829,36090.937829,2,152,1.0,G
151,SDC-VD0520132A,M-1430,item:038005,0.018599,0.018599,87,238,1.0,KG
151,SDC-VD0914690A,M-1430,item:042342,64.133325,64.133325,15,166,1.0,UN
151,SDC-VD0525412A,M-1430,item:333362,1.062831,1.062831,103,254,1.0,UN
151,SDC-VD0993480A,M-1430,item:344135,1.062831,1.062831,38,189,1.0,UN
151,SDC-VD0520115A,M-1430,item:708073,0.008428,0.008428,19,170,1.0,KG
151,SDC-VD0508918A,M-1430,item:730384,0.22532,0.22532,46,197,1.0,M
151,SDC-VD1095770A,M-1430,item:734545,0.008503,0.008503,32,183,1.0,UN
151,SDC-1450,M-1430,item:773474,10.26133,10.26133,3,154,1.0,G
151,SDC-VD0951020A,M-1810,item:001757,18.047103,18.047103,145,296,1.0,KG
151,SDC-VD0519670A,M-1810,item:001848,9.474729,9.474729,12,163,1.0,KG
151,SDC-VD0951020A,M-1810,item:001848,4.060598,4.060598,62,213,1.0,KG
151,SDC-VD0910216A,M-1810,item:001893,24.149248,24.149248,34,185,1.0,KG
151,SDC-VD1091642A,M-1810,item:001893,17.144748,17.144748,33,184,1.0,KG
151,SDC-VD0518684A,M-1810,item:001893,8.572374,8.572374,39,190,1.0,KG
151,SDC-VD1091642A,M-1810,item:001893,35.857371,35.857371,78,229,1.0,KG
151,SDC-VD0910216A,M-1810,item:002612,6.355065,6.355065,28,179,1.0,KG
151,SDC-VD0990780A,M-1810,item:002612,1.815733,1.815733,68,219,1.0,KG
151,SDC-VD1091642A,M-1810,item:002612,1.127944,1.127944,70,221,1.0,KG
151,SDC-VD0500655A,M-1810,item:002612,1.127944,1.127944,56,207,1.0,KG
151,SDC-VD1091642A,M-1810,item:002612,12.132193,12.132193,67,218,1.0,KG
151,SDC-VD0514881A,M-1810,item:016332,5.414131,5.414131,33,184,1.0,KG
151,SDC-VD0519670A,M-1810,item:029313,0.451178,0.451178,112,263,1.0,KG
151,SDC-VD1096202A,M-1810,item:039668,0.451178,0.451178,32,183,1.0,KG
151,SDC-VD0520132A,M-1810,item:049371,16.693571,16.693571,112,263,1.0,KG
151,SDC-VD0914320A,M-1810,item:055703,0.631649,0.631649,42,193,1.0,KG
151,SDC-VD0964290A,M-1810,item:055703,0.270707,0.270707,14,165,1.0,KG
151,SDC-VD0505677A,M-1810,item:099439,22.558879,22.558879,60,211,1.0,KG
151,SDC-VD0901566A,M-1810,item:338928,10000.0,10000.0,10,161,1.0,UN
151,SDC-VD0914360C,M-1810,item:338929,11112.748388,11112.748388,71,222,1.0,UN
151,SDC-VD0989480A,M-1810,item:426331,122.240232,122.240232,14,165,1.0,UN
151,SDC-1450,M-1810,item:693055,4511.775846,4511.775846,66,217,1.0,G
151,M-1430,DC-1920,item:268967,1.062831,1.062831,3,154,1.0,UN
151,M-1810,DC-1920,item:268091,11112.748388,11112.748388,3,154,1.0,UN
151,DC-1920,C-XXXXX,item:268967,26.570765,26.570765,2,153,1.0,UN
151,DC-1920,C-XXXXX,item:268091,11081.548561,11081.548561,3,154,1.0,UN
151,SDC-VD0949099A,SDC-1450,item:021081,75.315705,79.27969,26,177,0.95,KG
151,SDC-VD0960508A,SDC-1450,item:021081,21.518773,21.518773,113,264,1.0,KG
151,SDC-VD0972460A,SDC-1450,item:021081,5.379693,5.379693,150,301,1.0,KG
151,SDC-VD0975221A,SDC-1450,item:021081,5.379693,5.379693,240,391,1.0,KG
151,SDC-1450,M-1810,item:007923,36094.206766,36094.206766,1,152,1.0,G
152,SDC-VD0520132A,M-1430,item:038005,0.00372,0.00372,186,338,1.0,KG
152,SDC-VD0914690A,M-1430,item:042342,12.826665,12.826665,9,161,1.0,UN
152,SDC-VD0525412A,M-1430,item:333362,0.212566,0.212566,37,189,1.0,UN
152,SDC-VD0993480A,M-1430,item:344135,0.212566,0.212566,59,211,1.0,UN
152,SDC-VD0520115A,M-1430,item:708073,0.001686,0.001686,22,174,1.0,KG
152,SDC-VD0508918A,M-1430,item:730384,0.045064,0.045064,45,197,1.0,M
152,SDC-VD1095770A,M-1430,item:734545,0.001701,0.001701,16,168,1.0,UN
152,SDC-1450,M-1430,item:773474,2.052266,2.052266,4,156,1.0,G
152,SDC-VD0951020A,M-1810,item:001757,18.04743,18.04743,75,227,1.0,KG
152,SDC-VD0519670A,M-1810,item:001848,7.082042,7.082042,9,161,1.0,KG
152,SDC-VD0951020A,M-1810,item:001848,4.060672,4.060672,41,193,1.0,KG
152,SDC-VD0951020A,M-1810,item:001848,2.392859,2.392859,81,233,1.0,KG
152,SDC-VD0910216A,M-1810,item:001893,24.150643,24.150643,20,172,1.0,KG
152,SDC-VD1091642A,M-1810,item:001893,17.145059,17.145059,53,205,1.0,KG
152,SDC-VD0518684A,M-1810,item:001893,8.572529,8.572529,58,210,1.0,KG
152,SDC-VD1091642A,M-1810,item:001893,35.857063,35.857063,32,184,1.0,KG
152,SDC-VD0910216A,M-1810,item:002612,6.355432,6.355432,44,196,1.0,KG
152,SDC-VD0990780A,M-1810,item:002612,1.815838,1.815838,31,183,1.0,KG
152,SDC-VD1091642A,M-1810,item:002612,1.127964,1.127964,58,210,1.0,KG
152,SDC-VD0500655A,M-1810,item:002612,1.127964,1.127964,22,174,1.0,KG
152,SDC-VD1091642A,M-1810,item:002612,12.132089,12.132089,63,215,1.0,KG
152,SDC-VD0514881A,M-1810,item:016332,5.414229,5.414229,34,186,1.0,KG
152,SDC-VD0519670A,M-1810,item:029313,0.451186,0.451186,62,214,1.0,KG
152,SDC-VD1096202A,M-1810,item:039668,0.451186,0.451186,64,216,1.0,KG
152,SDC-VD0520132A,M-1810,item:049371,16.693873,16.693873,81,233,1.0,KG
152,SDC-VD0914320A,M-1810,item:055703,0.63166,0.63166,20,172,1.0,KG
152,SDC-VD0964290A,M-1810,item:055703,0.270711,0.270711,15,167,1.0,KG
152,SDC-VD0505677A,M-1810,item:099439,22.559288,22.559288,70,222,1.0,KG
152,SDC-VD0901566A,M-1810,item:338928,10000.0,10000.0,140,292,1.0,UN
152,SDC-VD0914360C,M-1810,item:338929,11112.949678,11112.949678,38,190,1.0,UN
152,SDC-VD0989480A,M-1810,item:426331,122.242446,122.242446,24,176,1.0,UN
152,SDC-1450,M-1810,item:693055,4511.857569,4511.857569,72,224,1.0,G
152,M-1430,DC-1920,item:268967,0.212566,0.212566,4,156,1.0,UN
152,M-1810,DC-1920,item:268091,11112.949678,11112.949678,2,154,1.0,UN
152,DC-1920,C-XXXXX,item:268967,5.314153,5.314153,3,155,1.0,UN
152,DC-1920,C-XXXXX,item:268091,22218.451655,22218.451655,2,154,1.0,UN
152,SDC-VD0949099A,SDC-1450,item:021081,54.724314,57.604541,40,192,0.95,KG
152,SDC-VD0960508A,SDC-1450,item:021081,15.635518,15.635518,91,243,1.0,KG
152,SDC-VD0972460A,SDC-1450,item:021081,3.90888,3.90888,27,179,1.0,KG
152,SDC-VD0975221A,SDC-1450,item:021081,3.90888,3.90888,188,340,1.0,KG
152,SDC-1450,M-1810,item:007923,36094.860553,36094.860553,2,154,1.0,G
153,SDC-VD0520132A,M-1430,item:038005,0.000744,0.000744,63,216,1.0,KG
153,SDC-VD0914690A,M-1430,item:042342,2.565333,2.565333,16,169,1.0,UN
153,SDC-VD0525412A,M-1430,item:333362,0.042513,0.042513,120,273,1.0,UN
153,SDC-VD0993480A,M-1430,item:344135,0.042513,0.042513,33,186,1.0,UN
153,SDC-VD0520115A,M-1430,item:708073,0.000337,0.000337,18,171,1.0,KG
153,SDC-VD0508918A,M-1430,item:730384,0.009013,0.009013,29,182,1.0,M
153,SDC-VD1095770A,M-1430,item:734545,0.00034,0.00034,32,185,1.0,UN
153,SDC-1450,M-1430,item:773474,0.410453,0.410453,8,161,1.0,G
153,SDC-VD0951020A,M-1810,item:001757,18.047496,18.047496,103,256,1.0,KG
153,SDC-VD0519670A,M-1810,item:001848,3.813312,3.813312,22,175,1.0,KG
153,SDC-VD0951020A,M-1810,item:001848,4.060687,4.060687,85,238,1.0,KG
153,SDC-VD0951020A,M-1810,item:001848,5.661623,5.661623,36,189,1.0,KG
153,SDC-VD0910216A,M-1810,item:001893,24.150921,24.150921,37,190,1.0,KG
153,SDC-VD1091642A,M-1810,item:001893,17.145121,17.145121,27,180,1.0,KG
153,SDC-VD0518684A,M-1810,item:001893,8.57256,8.57256,50,203,1.0,KG
153,SDC-VD1091642A,M-1810,item:001893,35.857002,35.857002,80,233,1.0,KG
153,SDC-VD0910216A,M-1810,item:002612,6.355506,6.355506,33,186,1.0,KG
153,SDC-VD0990780A,M-1810,item:002612,1.815859,1.815859,17,170,1.0,KG
153,SDC-VD1091642A,M-1810,item:002612,1.127968,1.127968,25,178,1.0,KG
153,SDC-VD0500655A,M-1810,item:002612,1.127968,1.127968,27,180,1.0,KG
153,SDC-VD1091642A,M-1810,item:002612,12.132068,12.132068,47,200,1.0,KG
153,SDC-VD0514881A,M-1810,item:016332,5.414249,5.414249,42,195,1.0,KG
153,SDC-VD0519670A,M-1810,item:029313,0.451187,0.451187,52,205,1.0,KG
153,SDC-VD1096202A,M-1810,item:039668,0.451187,0.451187,11,164,1.0,KG
153,SDC-VD0520132A,M-1810,item:049371,16.693933,16.693933,294,447,1.0,KG
153,SDC-VD0914320A,M-1810,item:055703,0.631662,0.631662,25,178,1.0,KG
153,SDC-VD0964290A,M-1810,item:055703,0.270712,0.270712,29,182,1.0,KG
153,SDC-VD0505677A,M-1810,item:099439,22.55937,22.55937,56,209,1.0,KG
153,SDC-VD0901566A,M-1810,item:338928,10000.0,10000.0,49,202,1.0,UN
153,SDC-VD0914360C,M-1810,item:338929,11112.989936,11112.989936,28,181,1.0,UN
153,SDC-VD0989480A,M-1810,item:426331,122.242889,122.242889,29,182,1.0,UN
153,SDC-1450,M-1810,item:693055,4511.873914,4511.873914,81,234,1.0,G
153,M-1430,DC-1920,item:268967,0.042513,0.042513,3,156,1.0,UN
153,M-1810,DC-1920,item:268091,11112.989936,11112.989936,2,155,1.0,UN
153,SDC-VD0949099A,SDC-1450,item:021081,39.663741,41.751307,32,185,0.95,KG
153,SDC-VD0960508A,SDC-1450,item:021081,11.332497,11.332497,78,231,1.0,KG
153,SDC-VD0972460A,SDC-1450,item:021081,2.833124,2.833124,107,260,1.0,KG
153,SDC-VD0975221A,SDC-1450,item:021081,2.833124,2.833124,31,184,1.0,KG
153,SDC-1450,M-1810,item:007923,36094.991311,36094.991311,1,154,1.0,G
154,SDC-VD0520132A,M-1430,item:038005,37.332391,37.332391,137,291,1.0,KG
154,SDC-VD0914690A,M-1430,item:042342,128732.411823,128732.411823,16,170,1.0,UN
154,SDC-VD0525412A,M-1430,item:333362,2133.379931,2133.379931,36,190,1.0,UN
154,SDC-VD0993480A,M-1430,item:344135,2133.379931,2133.379931,27,181,1.0,UN
154,SDC-VD0520115A,M-1430,item:708073,16.917703,16.917703,17,171,1.0,KG
154,SDC-VD0508918A,M-1430,item:730384,452.276545,452.276545,20,174,1.0,M
154,SDC-VD1095770A,M-1430,item:734545,17.067039,17.067039,35,189,1.0,UN
154,SDC-1450,M-1430,item:773474,20597.181625,20597.181625,4,158,1.0,G
154,SDC-VD0951020A,M-1810,item:001757,15.617262,15.617262,125,279,1.0,KG
154,SDC-VD0519670A,M-1810,item:001848,7.792764,7.792764,18,172,1.0,KG
154,SDC-VD0951020A,M-1810,item:001848,3.513884,3.513884,57,211,1.0,KG
154,SDC-VD0951020A,M-1810,item:001848,0.406299,0.406299,40,194,1.0,KG
154,SDC-VD0910216A,M-1810,item:001893,24.150977,24.150977,19,173,1.0,KG
154,SDC-VD1091642A,M-1810,item:001893,14.836399,14.836399,72,226,1.0,KG
154,SDC-VD0518684A,M-1810,item:001893,7.4182,7.4182,50,204,1.0,KG
154,SDC-VD1091642A,M-1810,item:001893,27.77642,27.77642,84,238,1.0,KG
154,SDC-VD0910216A,M-1810,item:002612,6.35552,6.35552,31,185,1.0,KG
154,SDC-VD0990780A,M-1810,item:002612,1.815863,1.815863,43,197,1.0,KG
154,SDC-VD1091642A,M-1810,item:002612,0.976079,0.976079,10,164,1.0,KG
154,SDC-VD0500655A,M-1810,item:002612,0.976079,0.976079,42,196,1.0,KG
154,SDC-VD1091642A,M-1810,item:002612,9.398037,9.398037,40,194,1.0,KG
154,SDC-VD0514881A,M-1810,item:016332,4.685179,4.685179,40,194,1.0,KG
154,SDC-VD0519670A,M-1810,item:029313,0.390432,0.390432,23,177,1.0,KG
154,SDC-VD1096202A,M-1810,item:039668,0.390432,0.390432,41,195,1.0,KG
154,SDC-VD0520132A,M-1810,item:049371,14.445968,14.445968,217,371,1.0,KG
154,SDC-VD0914320A,M-1810,item:055703,0.546604,0.546604,10,164,1.0,KG
154,SDC-VD0964290A,M-1810,item:055703,0.234259,0.234259,43,197,1.0,KG
154,SDC-VD0505677A,M-1810,item:099439,19.521578,19.521578,33,187,1.0,KG
154,SDC-VD0901566A,M-1810,item:338928,10000.0,10000.0,61,215,1.0,UN
154,SDC-VD0914360C,M-1810,item:338929,9616.540844,9616.540844,62,216,1.0,UN
154,SDC-VD0989480A,M-1810,item:426331,105.781949,105.781949,25,179,1.0,UN
154,SDC-1450,M-1810,item:693055,3904.315583,3904.315583,88,242,1.0,G
154,M-1430,DC-1920,item:268967,2133.379931,2133.379931,3,157,1.0,UN
154,M-1810,DC-1920,item:268091,9616.540844,9616.540844,2,156,1.0,UN
154,DC-1920,C-XXXXX,item:268967,1.062831,1.062831,3,157,1.0,UN
154,DC-1920,C-XXXXX,item:268091,22225.698066,22225.698066,3,157,1.0,UN
154,SDC-VD0949099A,SDC-1450,item:021081,28.719392,30.230939,101,255,0.95,KG
154,SDC-VD0960508A,SDC-1450,item:021081,8.205541,8.205541,99,253,1.0,KG
154,SDC-VD0972460A,SDC-1450,item:021081,2.051385,2.051385,104,258,1.0,KG
154,SDC-VD0975221A,SDC-1450,item:021081,2.051385,2.051385,137,291,1.0,KG
154,SDC-1450,M-1810,item:007923,31234.524661,31234.524661,2,156,1.0,G
155,SDC-VD0520132A,M-1430,item:038005,44.79872,44.79872,220,375,1.0,KG
155,SDC-VD0914690A,M-1430,item:042342,154478.381121,154478.381121,12,167,1.0,UN
155,SDC-VD0525412A,M-1430,item:333362,2560.047415,2560.047415,60,215,1.0,UN
155,SDC-VD0993480A,M-1430,item:344135,2560.047415,2560.047415,66,221,1.0,UN
155,SDC-VD0520115A,M-1430,item:708073,20.301176,20.301176,34,189,1.0,KG
155,SDC-VD0508918A,M-1430,item:730384,542.730052,542.730052,112,267,1.0,M
155,SDC-VD1095770A,M-1430,item:734545,20.480379,20.480379,18,173,1.0,UN
155,SDC-1450,M-1430,item:773474,24716.535859,24716.535859,8,163,1.0,G
155,SDC-VD0951020A,M-1810,item:001757,15.131216,15.131216,52,207,1.0,KG
155,SDC-VD0519670A,M-1810,item:001848,7.943888,7.943888,9,164,1.0,KG
155,SDC-VD0951020A,M-1810,item:001848,3.404524,3.404524,84,239,1.0,KG
155,SDC-VD0910216A,M-1810,item:001893,49.354169,49.354169,19,174,1.0,KG
155,SDC-VD1091642A,M-1810,item:001893,14.374655,14.374655,31,186,1.0,KG
155,SDC-VD0518684A,M-1810,item:001893,7.187327,7.187327,33,188,1.0,KG
155,SDC-VD1091642A,M-1810,item:001893,0.957123,0.957123,30,185,1.0,KG
155,SDC-VD0910216A,M-1810,item:002612,12.987939,12.987939,70,225,1.0,KG
155,SDC-VD0990780A,M-1810,item:002612,3.71084,3.71084,20,175,1.0,KG
155,SDC-VD1091642A,M-1810,item:002612,0.945701,0.945701,57,212,1.0,KG
155,SDC-VD0500655A,M-1810,item:002612,0.945701,0.945701,18,173,1.0,KG
155,SDC-VD1091642A,M-1810,item:002612,0.323839,0.323839,15,170,1.0,KG
155,SDC-VD0514881A,M-1810,item:016332,4.539365,4.539365,66,221,1.0,KG
155,SDC-VD0519670A,M-1810,item:029313,0.37828,0.37828,49,204,1.0,KG
155,SDC-VD1096202A,M-1810,item:039668,0.37828,0.37828,70,225,1.0,KG
155,SDC-VD0520132A,M-1810,item:049371,13.996374,13.996374,108,263,1.0,KG
155,SDC-VD0914320A,M-1810,item:055703,0.529593,0.529593,9,164,1.0,KG
155,SDC-VD0964290A,M-1810,item:055703,0.226968,0.226968,35,190,1.0,KG
155,SDC-VD0505677A,M-1810,item:099439,18.91402,18.91402,27,182,1.0,KG
155,SDC-VD0901566A,M-1810,item:338928,10000.0,10000.0,56,211,1.0,UN
155,SDC-VD0914360C,M-1810,item:338929,9317.251026,9317.251026,35,190,1.0,UN
155,SDC-VD0989480A,M-1810,item:426331,102.489761,102.489761,14,169,1.0,UN
155,SDC-1450,M-1810,item:693055,3782.803916,3782.803916,54,209,1.0,G
155,M-1430,DC-1920,item:268967,2560.047415,2560.047415,3,158,1.0,UN
155,M-1810,DC-1920,item:268091,9317.251026,9317.251026,6,161,1.0,UN
155,DC-1920,C-XXXXX,item:268091,11112.989936,11112.989936,1,156,1.0,UN
155,SDC-VD0949099A,SDC-1450,item:021081,46.566076,49.016923,92,247,0.95,KG
155,SDC-VD0960508A,SDC-1450,item:021081,13.304593,13.304593,225,380,1.0,KG
155,SDC-VD0972460A,SDC-1450,item:021081,3.326148,3.326148,55,210,1.0,KG
155,SDC-VD0975221A,SDC-1450,item:021081,3.326148,3.326148,185,340,1.0,KG
155,SDC-1450,M-1810,item:007923,30262.431331,30262.431331,2,157,1.0,G
156,SDC-VD0520132A,M-1430,item:038005,46.291986,46.291986,67,223,1.0,KG
156,SDC-VD0914690A,M-1430,item:042342,159627.574981,159627.574981,23,179,1.0,UN
156,SDC-VD0525412A,M-1430,item:333362,2645.380912,2645.380912,26,182,1.0,UN
156,SDC-VD0993480A,M-1430,item:344135,2645.380912,2645.380912,55,211,1.0,UN
156,SDC-VD0520115A,M-1430,item:708073,20.977871,20.977871,11,167,1.0,KG
156,SDC-VD0508918A,M-1430,item:730384,560.820753,560.820753,47,203,1.0,M
156,SDC-VD1095770A,M-1430,item:734545,21.163047,21.163047,30,186,1.0,UN
156,SDC-1450,M-1430,item:773474,25540.406706,25540.406706,6,162,1.0,G
156,SDC-VD0951020A,M-1810,item:001757,15.034006,15.034006,38,194,1.0,KG
156,SDC-VD0519670A,M-1810,item:001848,7.892853,7.892853,18,174,1.0,KG
156,SDC-VD0951020A,M-1810,item:001848,3.382651,3.382651,106,262,1.0,KG
156,SDC-VD0910216A,M-1810,item:001893,49.988071,49.988071,54,210,1.0,KG
156,SDC-VD1091642A,M-1810,item:001893,14.282306,14.282306,62,218,1.0,KG
156,SDC-VD0518684A,M-1810,item:001893,7.141153,7.141153,21,177,1.0,KG
156,SDC-VD0910216A,M-1810,item:002612,13.154756,13.154756,34,190,1.0,KG
156,SDC-VD0990780A,M-1810,item:002612,3.758502,3.758502,15,171,1.0,KG
156,SDC-VD1091642A,M-1810,item:002612,0.939625,0.939625,51,207,1.0,KG
156,SDC-VD0500655A,M-1810,item:002612,0.939625,0.939625,19,175,1.0,KG
156,SDC-VD0514881A,M-1810,item:016332,4.510202,4.510202,62,218,1.0,KG
156,SDC-VD0519670A,M-1810,item:029313,0.37585,0.37585,108,264,1.0,KG
156,SDC-VD1096202A,M-1810,item:039668,0.37585,0.37585,27,183,1.0,KG
156,SDC-VD0520132A,M-1810,item:049371,13.906456,13.906456,52,208,1.0,KG
156,SDC-VD0914320A,M-1810,item:055703,0.52619,0.52619,4,160,1.0,KG
156,SDC-VD0964290A,M-1810,item:055703,0.22551,0.22551,18,174,1.0,KG
156,SDC-VD0505677A,M-1810,item:099439,18.792508,18.792508,70,226,1.0,KG
156,SDC-VD0901566A,M-1810,item:338928,10000.0,10000.0,84,240,1.0,UN
156,SDC-VD0914360C,M-1810,item:338929,9257.393062,9257.393062,67,223,1.0,UN
156,SDC-VD0989480A,M-1810,item:426331,101.831324,101.831324,25,181,1.0,UN
156,SDC-1450,M-1810,item:693055,3758.501583,3758.501583,64,220,1.0,G
156,M-1430,DC-1920,item:268967,2645.380912,2645.380912,2,158,1.0,UN
156,M-1810,DC-1920,item:268091,9257.393062,9257.393062,2,158,1.0,UN
156,DC-1920,C-XXXXX,item:268967,0.255079,0.255079,3,159,1.0,UN
156,DC-1920,C-XXXXX,item:268091,9616.540844,9616.540844,3,159,1.0,UN
156,SDC-VD0949099A,SDC-1450,item:021081,71.757414,75.53412,240,396,0.95,KG
156,SDC-VD0960508A,SDC-1450,item:021081,20.502118,20.502118,140,296,1.0,KG
156,SDC-VD0972460A,SDC-1450,item:021081,5.12553,5.12553,41,197,1.0,KG
156,SDC-VD0975221A,SDC-1450,item:021081,5.12553,5.12553,49,205,1.0,KG
156,SDC-1450,M-1810,item:007923,30068.012665,30068.012665,2,158,1.0,G
157,SDC-VD0520132A,M-1430,item:038005,46.590639,46.590639,137,294,1.0,KG
157,SDC-VD0914690A,M-1430,item:042342,160657.413753,160657.413753,29,186,1.0,UN
157,SDC-VD0525412A,M-1430,item:333362,2662.447611,2662.447611,75,232,1.0,UN
157,SDC-VD0993480A,M-1430,item:344135,2662.447611,2662.447611,15,172,1.0,UN
157,SDC-VD0520115A,M-1430,item:708073,21.11321,21.11321,43,200,1.0,KG
157,SDC-VD0508918A,M-1430,item:730384,564.438894,564.438894,78,235,1.0,M
157,SDC-VD1095770A,M-1430,item:734545,21.299581,21.299581,11,168,1.0,UN
157,SDC-1450,M-1430,item:773474,25705.180876,25705.180876,5,162,1.0,G
157,SDC-VD0951020A,M-1810,item:001757,15.014564,15.014564,73,230,1.0,KG
157,SDC-VD0519670A,M-1810,item:001848,7.882646,7.882646,38,195,1.0,KG
157,SDC-VD0951020A,M-1810,item:001848,3.378277,3.378277,30,187,1.0,KG
157,SDC-VD0910216A,M-1810,item:001893,49.923427,49.923427,49,206,1.0,KG
157,SDC-VD1091642A,M-1810,item:001893,14.263836,14.263836,53,210,1.0,KG
157,SDC-VD0518684A,M-1810,item:001893,7.131918,7.131918,91,248,1.0,KG
157,SDC-VD0910216A,M-1810,item:002612,13.137744,13.137744,39,196,1.0,KG
157,SDC-VD0990780A,M-1810,item:002612,3.753641,3.753641,18,175,1.0,KG
157,SDC-VD1091642A,M-1810,item:002612,0.93841,0.93841,43,200,1.0,KG
157,SDC-VD0500655A,M-1810,item:002612,0.93841,0.93841,48,205,1.0,KG
157,SDC-VD0514881A,M-1810,item:016332,4.504369,4.504369,55,212,1.0,KG
157,SDC-VD0519670A,M-1810,item:029313,0.375364,0.375364,95,252,1.0,KG
157,SDC-VD1096202A,M-1810,item:039668,0.375364,0.375364,35,192,1.0,KG
157,SDC-VD0520132A,M-1810,item:049371,13.888472,13.888472,159,316,1.0,KG
157,SDC-VD0914320A,M-1810,item:055703,0.52551,0.52551,30,187,1.0,KG
157,SDC-VD0964290A,M-1810,item:055703,0.225218,0.225218,12,169,1.0,KG
157,SDC-VD0505677A,M-1810,item:099439,18.768206,18.768206,46,203,1.0,KG
157,SDC-VD0901566A,M-1810,item:338928,10000.0,10000.0,48,205,1.0,UN
157,SDC-VD0914360C,M-1810,item:338929,9245.421469,9245.421469,42,199,1.0,UN
157,SDC-VD0989480A,M-1810,item:426331,101.699636,101.699636,48,205,1.0,UN
157,SDC-1450,M-1810,item:693055,3753.641116,3753.641116,56,213,1.0,G
157,M-1430,DC-1920,item:268967,2662.447611,2662.447611,2,159,1.0,UN
157,M-1810,DC-1920,item:268091,9245.421469,9245.421469,1,158,1.0,UN
157,DC-1920,C-XXXXX,item:268967,2133.379931,2133.379931,3,160,1.0,UN
157,SDC-VD0949099A,SDC-1450,item:021081,94.410572,99.37955,150,307,0.95,KG
157,SDC-VD0960508A,SDC-1450,item:021081,26.974449,26.974449,62,219,1.0,KG
157,SDC-VD0972460A,SDC-1450,item:021081,6.743612,6.743612,123,280,1.0,KG
157,SDC-VD0975221A,SDC-1450,item:021081,6.743612,6.743612,100,257,1.0,KG
157,SDC-1450,M-1810,item:007923,30029.128932,30029.128932,1,158,1.0,G
158,SDC-VD0520132A,M-1430,item:038005,46.65037,46.65037,136,294,1.0,KG
158,SDC-VD0914690A,M-1430,item:042342,160863.381507,160863.381507,16,174,1.0,UN
158,SDC-VD0525412A,M-1430,item:333362,2665.860951,2665.860951,56,214,1.0,UN
158,SDC-VD0993480A,M-1430,item:344135,2665.860951,2665.860951,48,206,1.0,UN
158,SDC-VD0520115A,M-1430,item:708073,21.140277,21.140277,22,180,1.0,KG
158,SDC-VD0508918A,M-1430,item:730384,565.162522,565.162522,14,172,1.0,M
158,SDC-VD1095770A,M-1430,item:734545,21.326888,21.326888,26,184,1.0,UN
158,SDC-1450,M-1430,item:773474,25738.135709,25738.135709,12,170,1.0,G
158,SDC-VD0951020A,M-1810,item:001757,15.010676,15.010676,72,230,1.0,KG
158,SDC-VD0519670A,M-1810,item:001848,7.880605,7.880605,13,171,1.0,KG
158,SDC-VD0951020A,M-1810,item:001848,3.377402,3.377402,48,206,1.0,KG
158,SDC-VD0910216A,M-1810,item:001893,49.910498,49.910498,23,181,1.0,KG
158,SDC-VD1091642A,M-1810,item:001893,14.260142,14.260142,27,185,1.0,KG
158,SDC-VD0518684A,M-1810,item:001893,7.130071,7.130071,59,217,1.0,KG
158,SDC-VD0910216A,M-1810,item:002612,13.134342,13.134342,33,191,1.0,KG
158,SDC-VD0990780A,M-1810,item:002612,3.752669,3.752669,28,186,1.0,KG
158,SDC-VD1091642A,M-1810,item:002612,0.938167,0.938167,30,188,1.0,KG
158,SDC-VD0500655A,M-1810,item:002612,0.938167,0.938167,25,183,1.0,KG
158,SDC-VD0514881A,M-1810,item:016332,4.503203,4.503203,98,256,1.0,KG
158,SDC-VD0519670A,M-1810,item:029313,0.375267,0.375267,25,183,1.0,KG
158,SDC-VD1096202A,M-1810,item:039668,0.375267,0.375267,21,179,1.0,KG
158,SDC-VD0520132A,M-1810,item:049371,13.884875,13.884875,169,327,1.0,KG
158,SDC-VD0914320A,M-1810,item:055703,0.525374,0.525374,20,178,1.0,KG
158,SDC-VD0964290A,M-1810,item:055703,0.22516,0.22516,65,223,1.0,KG
158,SDC-VD0505677A,M-1810,item:099439,18.763345,18.763345,27,185,1.0,KG
158,SDC-VD0901566A,M-1810,item:338928,10000.0,10000.0,102,260,1.0,UN
158,SDC-VD0914360C,M-1810,item:338929,9243.027151,9243.027151,44,202,1.0,UN
158,SDC-VD0989480A,M-1810,item:426331,101.673299,101.673299,44,202,1.0,UN
158,SDC-1450,M-1810,item:693055,3752.669023,3752.669023,77,235,1.0,G
158,M-1430,DC-1920,item:268967,2665.860951,2665.860951,3,161,1.0,UN
158,M-1810,DC-1920,item:268091,9243.027151,9243.027151,3,161,1.0,UN
158,DC-1920,C-XXXXX,item:268967,5205.428327,5205.428327,2,160,1.0,UN
158,DC-1920,C-XXXXX,item:268091,18502.814531,18502.814531,3,161,1.0,UN
158,SDC-VD0949099A,SDC-1450,item:021081,112.231694,118.138625,77,235,0.95,KG
158,SDC-VD0960508A,SDC-1450,item:021081,32.066198,32.066198,132,290,1.0,KG
158,SDC-VD0972460A,SDC-1450,item:021081,8.01655,8.01655,240,398,1.0,KG
158,SDC-VD0975221A,SDC-1450,item:021081,8.01655,8.01655,105,263,1.0,KG
158,SDC-1450,M-1810,item:007923,30021.352185,30021.352185,1,159,1.0,G
159,SDC-VD0520132A,M-1430,item:038005,46.662316,46.662316,224,383,1.0,KG
159,SDC-VD0914690A,M-1430,item:042342,160904.575058,160904.575058,31,190,1.0,UN
159,SDC-VD0525412A,M-1430,item:333362,2666.543619,2666.543619,104,263,1.0,UN
159,SDC-VD0993480A,M-1430,item:344135,2666.543619,2666.543619,36,195,1.0,UN
159,SDC-VD0520115A,M-1430,item:708073,21.145691,21.145691,50,209,1.0,KG
159,SDC-VD0508918A,M-1430,item:730384,565.307247,565.307247,89,248,1.0,M
159,SDC-VD1095770A,M-1430,item:734545,21.332349,21.332349,17,176,1.0,UN
159,SDC-1450,M-1430,item:773474,25744.726676,25744.726676,6,165,1.0,G
159,SDC-VD0951020A,M-1810,item:001757,15.009898,15.009898,69,228,1.0,KG
159,SDC-VD0519670A,M-1810,item:001848,7.880197,7.880197,28,187,1.0,KG
159,SDC-VD0951020A,M-1810,item:001848,3.377227,3.377227,112,271,1.0,KG
159,SDC-VD0910216A,M-1810,item:001893,49.907912,49.907912,56,215,1.0,KG
159,SDC-VD1091642A,M-1810,item:001893,14.259403,14.259403,20,179,1.0,KG
159,SDC-VD0518684A,M-1810,item:001893,7.129702,7.129702,37,196,1.0,KG
159,SDC-VD0910216A,M-1810,item:002612,13.133661,13.133661,32,191,1.0,KG
159,SDC-VD0990780A,M-1810,item:002612,3.752475,3.752475,28,187,1.0,KG
159,SDC-VD1091642A,M-1810,item:002612,0.938119,0.938119,26,185,1.0,KG
159,SDC-VD0500655A,M-1810,item:002612,0.938119,0.938119,25,184,1.0,KG
159,SDC-VD0514881A,M-1810,item:016332,4.50297,4.50297,61,220,1.0,KG
159,SDC-VD0519670A,M-1810,item:029313,0.375247,0.375247,67,226,1.0,KG
159,SDC-VD1096202A,M-1810,item:039668,0.375247,0.375247,27,186,1.0,KG
159,SDC-VD0520132A,M-1810,item:049371,13.884156,13.884156,143,302,1.0,KG
159,SDC-VD0914320A,M-1810,item:055703,0.525346,0.525346,15,174,1.0,KG
159,SDC-VD0964290A,M-1810,item:055703,0.225148,0.225148,48,207,1.0,KG
159,SDC-VD0505677A,M-1810,item:099439,18.762373,18.762373,14,173,1.0,KG
159,SDC-VD0901566A,M-1810,item:338928,10000.0,10000.0,42,201,1.0,UN
159,SDC-VD0914360C,M-1810,item:338929,9242.548287,9242.548287,32,191,1.0,UN
159,SDC-VD0989480A,M-1810,item:426331,101.668031,101.668031,46,205,1.0,UN
159,SDC-1450,M-1810,item:693055,3752.474604,3752.474604,86,245,1.0,G
159,M-1430,DC-1920,item:268967,2666.543619,2666.543619,4,163,1.0,UN
159,M-1810,DC-1920,item:268091,9242.548287,9242.548287,3,162,1.0,UN
159,DC-1920,C-XXXXX,item:268967,2662.447611,2662.447611,2,161,1.0,UN
159,SDC-VD0949099A,SDC-1450,item:021081,125.56343,132.172031,44,203,0.95,KG
159,SDC-VD0960508A,SDC-1450,item:021081,35.875266,35.875266,240,399,1.0,KG
159,SDC-VD0972460A,SDC-1450,item:021081,8.968816,8.968816,108,267,1.0,KG
159,SDC-VD0975221A,SDC-1450,item:021081,8.968816,8.968816,57,216,1.0,KG
159,SDC-1450,M-1810,item:007923,30019.796836,30019.796836,1,160,1.0,G
160,SDC-VD0520132A,M-1430,item:038005,46.664705,46.664705,153,313,1.0,KG
160,SDC-VD0914690A,M-1430,item:042342,160912.813768,160912.813768,14,174,1.0,UN
160,SDC-VD0525412A,M-1430,item:333362,2666.680153,2666.680153,48,208,1.0,UN
160,SDC-VD0993480A,M-1430,item:344135,2666.680153,2666.680153,55,215,1.0,UN
160,SDC-VD0520115A,M-1430,item:708073,21.146774,21.146774,26,186,1.0,KG
160,SDC-VD0508918A,M-1430,item:730384,565.336192,565.336192,67,227,1.0,M
160,SDC-VD1095770A,M-1430,item:734545,21.333441,21.333441,25,185,1.0,UN
160,SDC-1450,M-1430,item:773474,25746.04487,25746.04487,15,175,1.0,G
160,SDC-VD0951020A,M-1810,item:001757,15.009743,15.009743,28,188,1.0,KG
160,SDC-VD0519670A,M-1810,item:001848,7.880115,7.880115,17,177,1.0,KG
160,SDC-VD0951020A,M-1810,item:001848,3.377192,3.377192,32,192,1.0,KG
160,SDC-VD0910216A,M-1810,item:001893,49.907395,49.907395,24,184,1.0,KG
160,SDC-VD1091642A,M-1810,item:001893,14.259256,14.259256,13,173,1.0,KG
160,SDC-VD0518684A,M-1810,item:001893,7.129628,7.129628,43,203,1.0,KG
160,SDC-VD0910216A,M-1810,item:002612,13.133525,13.133525,44,204,1.0,KG
160,SDC-VD0990780A,M-1810,item:002612,3.752436,3.752436,25,185,1.0,KG
160,SDC-VD1091642A,M-1810,item:002612,0.938109,0.938109,25,185,1.0,KG
160,SDC-VD0500655A,M-1810,item:002612,0.938109,0.938109,42,202,1.0,KG
160,SDC-VD0514881A,M-1810,item:016332,4.502923,4.502923,64,224,1.0,KG
160,SDC-VD0519670A,M-1810,item:029313,0.375244,0.375244,47,207,1.0,KG
160,SDC-VD1096202A,M-1810,item:039668,0.375244,0.375244,39,199,1.0,KG
160,SDC-VD0520132A,M-1810,item:049371,13.884012,13.884012,98,258,1.0,KG
160,SDC-VD0914320A,M-1810,item:055703,0.525341,0.525341,26,186,1.0,KG
160,SDC-VD0964290A,M-1810,item:055703,0.225146,0.225146,26,186,1.0,KG
160,SDC-VD0505677A,M-1810,item:099439,18.762179,18.762179,38,198,1.0,KG
160,SDC-VD0901566A,M-1810,item:338928,10000.0,10000.0,137,297,1.0,UN
160,SDC-VD0914360C,M-1810,item:338929,9242.452514,9242.452514,39,199,1.0,UN
160,SDC-VD0989480A,M-1810,item:426331,101.666978,101.666978,47,207,1.0,UN
160,SDC-1450,M-1810,item:693055,3752.435721,3752.435721,61,221,1.0,G
160,M-1430,DC-1920,item:268967,2666.680153,2666.680153,2,162,1.0,UN
160,M-1810,DC-1920,item:268091,9242.452514,9242.452514,2,162,1.0,UN
160,SDC-VD0949099A,SDC-1450,item:021081,135.339191,142.462306,64,224,0.95,KG
160,SDC-VD0960508A,SDC-1450,item:021081,38.66834,38.66834,144,304,1.0,KG
160,SDC-VD0972460A,SDC-1450,item:021081,9.667085,9.667085,236,396,1.0,KG
160,SDC-VD0975221A,SDC-1450,item:021081,9.667085,9.667085,216,376,1.0,KG
160,SDC-1450,M-1810,item:007923,30019.485766,30019.485766,2,162,1.0,G
161,SDC-VD0520132A,M-1430,item:038005,90.995715,90.995715,50,211,1.0,KG
161,SDC-VD0914690A,M-1430,item:042342,313778.4,313778.4,13,174,1.0,UN
161,SDC-VD0525412A,M-1430,item:333362,5200.0,5200.0,68,229,1.0,UN
161,SDC-VD0993480A,M-1430,item:344135,5200.0,5200.0,48,209,1.0,UN
161,SDC-VD0520115A,M-1430,item:708073,41.236,41.236,50,211,1.0,KG
161,SDC-VD0508918A,M-1430,item:730384,1102.4,1102.4,52,213,1.0,M
161,SDC-VD1095770A,M-1430,item:734545,41.6,41.6,29,190,1.0,UN
161,SDC-1450,M-1430,item:773474,50204.5336,50204.5336,9,170,1.0,G
161,SDC-VD0951020A,M-1810,item:001757,12.040297,12.040297,168,329,1.0,KG
161,SDC-VD0519670A,M-1810,item:001848,6.321156,6.321156,31,192,1.0,KG
161,SDC-VD0951020A,M-1810,item:001848,2.709067,2.709067,71,232,1.0,KG
161,SDC-VD0910216A,M-1810,item:001893,40.033989,40.033989,31,192,1.0,KG
161,SDC-VD1091642A,M-1810,item:001893,11.438283,11.438283,56,217,1.0,KG
161,SDC-VD0518684A,M-1810,item:001893,5.719141,5.719141,112,273,1.0,KG
161,SDC-VD0910216A,M-1810,item:002612,7.119945,7.119945,15,176,1.0,KG
161,SDC-VD0990780A,M-1810,item:002612,3.010074,3.010074,20,181,1.0,KG
161,SDC-VD1091642A,M-1810,item:002612,0.752519,0.752519,34,195,1.0,KG
161,SDC-VD0500655A,M-1810,item:002612,0.752519,0.752519,20,181,1.0,KG
161,SDC-VD0990780A,M-1810,item:002612,3.415315,3.415315,33,194,1.0,KG
161,SDC-VD0514881A,M-1810,item:016332,3.612089,3.612089,90,251,1.0,KG
161,SDC-VD0519670A,M-1810,item:029313,0.301007,0.301007,91,252,1.0,KG
161,SDC-VD1096202A,M-1810,item:039668,0.301007,0.301007,39,200,1.0,KG
161,SDC-VD0520132A,M-1810,item:049371,11.137275,11.137275,149,310,1.0,KG
161,SDC-VD0914320A,M-1810,item:055703,0.42141,0.42141,18,179,1.0,KG
161,SDC-VD0964290A,M-1810,item:055703,0.180604,0.180604,47,208,1.0,KG
161,SDC-VD0505677A,M-1810,item:099439,15.050372,15.050372,26,187,1.0,KG
161,SDC-VD0901566A,M-1810,item:338928,10000.0,10000.0,83,244,1.0,UN
161,SDC-VD0914360C,M-1810,item:338929,7413.976217,7413.976217,26,187,1.0,UN
161,SDC-VD0989480A,M-1810,item:426331,81.553738,81.553738,16,177,1.0,UN
161,SDC-1450,M-1810,item:693055,3010.074344,3010.074344,109,270,1.0,G
161,M-1430,DC-1920,item:268967,5200.0,5200.0,4,165,1.0,UN
161,M-1810,DC-1920,item:268091,7413.976217,7413.976217,3,164,1.0,UN
161,DC-1920,C-XXXXX,item:268967,2665.860951,2665.860951,2,163,1.0,UN
161,DC-1920,C-XXXXX,item:268091,18560.278176,18560.278176,2,163,1.0,UN
161,SDC-VD0949099A,SDC-1450,item:021081,142.450255,149.947637,117,278,0.95,KG
161,SDC-VD0960508A,SDC-1450,item:021081,40.700073,40.700073,88,249,1.0,KG
161,SDC-VD0972460A,SDC-1450,item:021081,10.175018,10.175018,152,313,1.0,KG
161,SDC-VD0975221A,SDC-1450,item:021081,10.175018,10.175018,149,310,1.0,KG
161,SDC-1450,M-1810,item:007923,24080.594754,24080.594754,1,162,1.0,G
162,SDC-VD0520132A,M-1430,item:038005,90.995715,90.995715,120,282,1.0,KG
162,SDC-VD0914690A,M-1430,item:042342,313778.4,313778.4,24,186,1.0,UN
162,SDC-VD0525412A,M-1430,item:333362,5200.0,5200.0,87,249,1.0,UN
162,SDC-VD0993480A,M-1430,item:344135,5200.0,5200.0,24,186,1.0,UN
162,SDC-VD0520115A,M-1430,item:708073,41.236,41.236,21,183,1.0,KG
162,SDC-VD0508918A,M-1430,item:730384,1102.4,1102.4,34,196,1.0,M
162,SDC-VD1095770A,M-1430,item:734545,41.6,41.6,20,182,1.0,UN
162,SDC-1450,M-1430,item:773474,50204.5336,50204.5336,13,175,1.0,G
162,SDC-VD0951020A,M-1810,item:001757,11.446408,11.446408,80,242,1.0,KG
162,SDC-VD0519670A,M-1810,item:001848,6.009364,6.009364,33,195,1.0,KG
162,SDC-VD0951020A,M-1810,item:001848,2.575442,2.575442,38,200,1.0,KG
162,SDC-VD0910216A,M-1810,item:001893,38.059308,38.059308,50,212,1.0,KG
162,SDC-VD1091642A,M-1810,item:001893,10.874088,10.874088,58,220,1.0,KG
162,SDC-VD0518684A,M-1810,item:001893,5.437044,5.437044,31,193,1.0,KG
162,SDC-VD0910216A,M-1810,item:002612,6.565393,6.565393,34,196,1.0,KG
162,SDC-VD0990780A,M-1810,item:002612,2.861602,2.861602,31,193,1.0,KG
162,SDC-VD1091642A,M-1810,item:002612,0.715401,0.715401,28,190,1.0,KG
162,SDC-VD0500655A,M-1810,item:002612,0.715401,0.715401,41,203,1.0,KG
162,SDC-VD0990780A,M-1810,item:002612,3.450214,3.450214,15,177,1.0,KG
162,SDC-VD0514881A,M-1810,item:016332,3.433922,3.433922,30,192,1.0,KG
162,SDC-VD0519670A,M-1810,item:029313,0.28616,0.28616,30,192,1.0,KG
162,SDC-VD1096202A,M-1810,item:039668,0.28616,0.28616,37,199,1.0,KG
162,SDC-VD0520132A,M-1810,item:049371,10.587928,10.587928,117,279,1.0,KG
162,SDC-VD0914320A,M-1810,item:055703,0.400624,0.400624,34,196,1.0,KG
162,SDC-VD0964290A,M-1810,item:055703,0.171696,0.171696,69,231,1.0,KG
162,SDC-VD0505677A,M-1810,item:099439,14.30801,14.30801,35,197,1.0,KG
162,SDC-VD0901566A,M-1810,item:338928,10000.0,10000.0,129,291,1.0,UN
162,SDC-VD0914360C,M-1810,item:338929,7048.280958,7048.280958,43,205,1.0,UN
162,SDC-VD0989480A,M-1810,item:426331,77.531091,77.531091,25,187,1.0,UN
162,SDC-1450,M-1810,item:693055,2861.602069,2861.602069,140,302,1.0,G
162,M-1430,DC-1920,item:268967,5200.0,5200.0,2,164,1.0,UN
162,M-1810,DC-1920,item:268091,7048.280958,7048.280958,2,164,1.0,UN
162,DC-1920,C-XXXXX,item:268967,2666.680153,2666.680153,3,165,1.0,UN
162,DC-1920,C-XXXXX,item:268091,18485.000801,18485.000801,3,165,1.0,UN
162,SDC-VD0949099A,SDC-1450,item:021081,178.218411,187.598327,88,250,0.95,KG
162,SDC-VD0960508A,SDC-1450,item:021081,50.919546,50.919546,80,242,1.0,KG
162,SDC-VD0972460A,SDC-1450,item:021081,12.729886,12.729886,171,333,1.0,KG
162,SDC-VD0975221A,SDC-1450,item:021081,12.729886,12.729886,119,281,1.0,KG
162,SDC-1450,M-1810,item:007923,22892.816551,22892.816551,2,164,1.0,G
163,SDC-VD0520132A,M-1430,item:038005,90.995715,90.995715,110,273,1.0,KG
163,SDC-VD0914690A,M-1430,item:042342,313778.4,313778.4,30,193,1.0,UN
163,SDC-VD0525412A,M-1430,item:333362,5200.0,5200.0,37,200,1.0,UN
163,SDC-VD0993480A,M-1430,item:344135,5200.0,5200.0,29,192,1.0,UN
163,SDC-VD0520115A,M-1430,item:708073,41.236,41.236,9,172,1.0,KG
163,SDC-VD0508918A,M-1430,item:730384,1102.4,1102.4,33,196,1.0,M
163,SDC-VD1095770A,M-1430,item:734545,41.6,41.6,10,173,1.0,UN
163,SDC-1450,M-1430,item:773474,50204.5336,50204.5336,8,171,1.0,G
163,SDC-VD0951020A,M-1810,item:001757,11.32763,11.32763,108,271,1.0,KG
163,SDC-VD0519670A,M-1810,item:001848,5.947006,5.947006,10,173,1.0,KG
163,SDC-VD0951020A,M-1810,item:001848,2.548717,2.548717,93,256,1.0,KG
163,SDC-VD0910216A,M-1810,item:001893,37.664371,37.664371,8,171,1.0,KG
163,SDC-VD1091642A,M-1810,item:001893,10.761249,10.761249,58,221,1.0,KG
163,SDC-VD0518684A,M-1810,item:001893,5.380624,5.380624,59,222,1.0,KG
163,SDC-VD0910216A,M-1810,item:002612,7.113844,7.113844,16,179,1.0,KG
163,SDC-VD0990780A,M-1810,item:002612,2.831908,2.831908,19,182,1.0,KG
163,SDC-VD1091642A,M-1810,item:002612,0.707977,0.707977,29,192,1.0,KG
163,SDC-VD0500655A,M-1810,item:002612,0.707977,0.707977,18,181,1.0,KG
163,SDC-VD0990780A,M-1810,item:002612,2.797832,2.797832,58,221,1.0,KG
163,SDC-VD0514881A,M-1810,item:016332,3.398289,3.398289,46,209,1.0,KG
163,SDC-VD0519670A,M-1810,item:029313,0.283191,0.283191,45,208,1.0,KG
163,SDC-VD1096202A,M-1810,item:039668,0.283191,0.283191,32,195,1.0,KG
163,SDC-VD0520132A,M-1810,item:049371,10.478058,10.478058,120,283,1.0,KG
163,SDC-VD0914320A,M-1810,item:055703,0.396467,0.396467,17,180,1.0,KG
163,SDC-VD0964290A,M-1810,item:055703,0.169914,0.169914,37,200,1.0,KG
163,SDC-VD0505677A,M-1810,item:099439,14.159538,14.159538,33,196,1.0,KG
163,SDC-VD0901566A,M-1810,item:338928,10000.0,10000.0,75,238,1.0,UN
163,SDC-VD0914360C,M-1810,item:338929,6975.141906,6975.141906,18,181,1.0,UN
163,SDC-VD0989480A,M-1810,item:426331,76.726561,76.726561,48,211,1.0,UN
163,SDC-1450,M-1810,item:693055,2831.907614,2831.907614,107,270,1.0,G
163,M-1430,DC-1920,item:268967,5200.0,5200.0,1,164,1.0,UN
163,M-1810,DC-1920,item:268091,6975.141906,6975.141906,3,166,1.0,UN
163,DC-1920,C-XXXXX,item:268967,2666.543619,2666.543619,2,165,1.0,UN
163,SDC-VD0949099A,SDC-1450,item:021081,212.564354,223.751952,89,252,0.95,KG
163,SDC-VD0960508A,SDC-1450,item:021081,60.732673,60.732673,109,272,1.0,KG
163,SDC-VD0972460A,SDC-1450,item:021081,15.183168,15.183168,170,333,1.0,KG
163,SDC-VD0975221A,SDC-1450,item:021081,15.183168,15.183168,106,269,1.0,KG
163,SDC-1450,M-1810,item:007923,22655.260911,22655.260911,3,166,1.0,G
164,SDC-VD0520132A,M-1430,item:038005,90.995715,90.995715,106,270,1.0,KG
164,SDC-VD0914690A,M-1430,item:042342,313778.4,313778.4,13,177,1.0,UN
164,SDC-VD0525412A,M-1430,item:333362,5200.0,5200.0,78,242,1.0,UN
164,SDC-VD0993480A,M-1430,item:344135,5200.0,5200.0,47,211,1.0,UN
164,SDC-VD0520115A,M-1430,item:708073,41.236,41.236,23,187,1.0,KG
164,SDC-VD0508918A,M-1430,item:730384,1102.4,1102.4,106,270,1.0,M
164,SDC-VD1095770A,M-1430,item:734545,41.6,41.6,12,176,1.0,UN
164,SDC-1450,M-1430,item:773474,50204.5336,50204.5336,11,175,1.0,G
164,SDC-VD0951020A,M-1810,item:001757,11.303875,11.303875,66,230,1.0,KG
164,SDC-VD0519670A,M-1810,item:001848,5.934534,5.934534,28,192,1.0,KG
164,SDC-VD0951020A,M-1810,item:001848,2.543372,2.543372,82,246,1.0,KG
164,SDC-VD0910216A,M-1810,item:001893,37.585384,37.585384,29,193,1.0,KG
164,SDC-VD1091642A,M-1810,item:001893,10.738681,10.738681,36,200,1.0,KG
164,SDC-VD0518684A,M-1810,item:001893,5.369341,5.369341,25,189,1.0,KG
164,SDC-VD0910216A,M-1810,item:002612,5.819699,5.819699,46,210,1.0,KG
164,SDC-VD0990780A,M-1810,item:002612,2.825969,2.825969,24,188,1.0,KG
164,SDC-VD1091642A,M-1810,item:002612,0.706492,0.706492,27,191,1.0,KG
164,SDC-VD0500655A,M-1810,item:002612,0.706492,0.706492,24,188,1.0,KG
164,SDC-VD0990780A,M-1810,item:002612,4.071191,4.071191,40,204,1.0,KG
164,SDC-VD0514881A,M-1810,item:016332,3.391162,3.391162,53,217,1.0,KG
164,SDC-VD0519670A,M-1810,item:029313,0.282597,0.282597,29,193,1.0,KG
164,SDC-VD1096202A,M-1810,item:039668,0.282597,0.282597,43,207,1.0,KG
164,SDC-VD0520132A,M-1810,item:049371,10.456084,10.456084,137,301,1.0,KG
164,SDC-VD0914320A,M-1810,item:055703,0.395636,0.395636,26,190,1.0,KG
164,SDC-VD0964290A,M-1810,item:055703,0.169558,0.169558,35,199,1.0,KG
164,SDC-VD0505677A,M-1810,item:099439,14.129844,14.129844,29,193,1.0,KG
164,SDC-VD0901566A,M-1810,item:338928,10000.0,10000.0,50,214,1.0,UN
164,SDC-VD0914360C,M-1810,item:338929,6960.514096,6960.514096,20,184,1.0,UN
164,SDC-VD0989480A,M-1810,item:426331,76.565655,76.565655,45,209,1.0,UN
164,SDC-1450,M-1810,item:693055,2825.968723,2825.968723,135,299,1.0,G
164,M-1430,DC-1920,item:268967,5200.0,5200.0,2,166,1.0,UN
164,M-1810,DC-1920,item:268091,6960.514096,6960.514096,2,166,1.0,UN
164,DC-1920,C-XXXXX,item:268967,10400.0,10400.0,4,168,1.0,UN
164,DC-1920,C-XXXXX,item:268091,14462.257175,14462.257175,1,165,1.0,UN
164,SDC-VD0949099A,SDC-1450,item:021081,239.756666,252.375438,111,275,0.95,KG
164,SDC-VD0960508A,SDC-1450,item:021081,68.501905,68.501905,108,272,1.0,KG
164,SDC-VD0972460A,SDC-1450,item:021081,17.125476,17.125476,53,217,1.0,KG
164,SDC-VD0975221A,SDC-1450,item:021081,17.125476,17.125476,84,248,1.0,KG
164,SDC-1450,M-1810,item:007923,22607.749782,22607.749782,1,165,1.0,G
165,SDC-VD0520132A,M-1430,item:038005,90.995715,90.995715,60,225,1.0,KG
165,SDC-VD0914690A,M-1430,item:042342,313778.4,313778.4,14,179,1.0,UN
165,SDC-VD0525412A,M-1430,item:333362,5200.0,5200.0,41,206,1.0,UN
165,SDC-VD0993480A,M-1430,item:344135,5200.0,5200.0,16,181,1.0,UN
165,SDC-VD0520115A,M-1430,item:708073,41.236,41.236,16,181,1.0,KG
165,SDC-VD0508918A,M-1430,item:730384,1102.4,1102.4,48,213,1.0,M
165,SDC-VD1095770A,M-1430,item:734545,41.6,41.6,22,187,1.0,UN
165,SDC-1450,M-1430,item:773474,50204.5336,50204.5336,9,174,1.0,G
165,SDC-VD0951020A,M-1810,item:001757,11.299124,11.299124,94,259,1.0,KG
165,SDC-VD0519670A,M-1810,item:001848,5.93204,5.93204,28,193,1.0,KG
165,SDC-VD0951020A,M-1810,item:001848,2.542303,2.542303,26,191,1.0,KG
165,SDC-VD0910216A,M-1810,item:001893,37.569587,37.569587,45,210,1.0,KG
165,SDC-VD1091642A,M-1810,item:001893,10.734168,10.734168,63,228,1.0,KG
165,SDC-VD0518684A,M-1810,item:001893,5.367084,5.367084,55,220,1.0,KG
165,SDC-VD0910216A,M-1810,item:002612,6.01905,6.01905,48,213,1.0,KG
165,SDC-VD0990780A,M-1810,item:002612,2.824781,2.824781,31,196,1.0,KG
165,SDC-VD1091642A,M-1810,item:002612,0.706195,0.706195,35,200,1.0,KG
165,SDC-VD0500655A,M-1810,item:002612,0.706195,0.706195,31,196,1.0,KG
165,SDC-VD0990780A,M-1810,item:002612,3.867683,3.867683,30,195,1.0,KG
165,SDC-VD0514881A,M-1810,item:016332,3.389737,3.389737,36,201,1.0,KG
165,SDC-VD0519670A,M-1810,item:029313,0.282478,0.282478,36,201,1.0,KG
165,SDC-VD1096202A,M-1810,item:039668,0.282478,0.282478,19,184,1.0,KG
165,SDC-VD0520132A,M-1810,item:049371,10.451689,10.451689,188,353,1.0,KG
165,SDC-VD0914320A,M-1810,item:055703,0.395469,0.395469,15,180,1.0,KG
165,SDC-VD0964290A,M-1810,item:055703,0.169487,0.169487,31,196,1.0,KG
165,SDC-VD0505677A,M-1810,item:099439,14.123905,14.123905,50,215,1.0,KG
165,SDC-VD0901566A,M-1810,item:338928,10000.0,10000.0,45,210,1.0,UN
165,SDC-VD0914360C,M-1810,item:338929,6957.588534,6957.588534,36,201,1.0,UN
165,SDC-VD0989480A,M-1810,item:426331,76.533474,76.533474,47,212,1.0,UN
165,SDC-1450,M-1810,item:693055,2824.780945,2824.780945,107,272,1.0,G
165,M-1430,DC-1920,item:268967,5200.0,5200.0,2,167,1.0,UN
165,M-1810,DC-1920,item:268091,6957.588534,6957.588534,5,170,1.0,UN
165,DC-1920,C-XXXXX,item:268967,5200.0,5200.0,3,168,1.0,UN
165,SDC-VD0949099A,SDC-1450,item:021081,260.07979,273.7682,161,326,0.95,KG
165,SDC-VD0960508A,SDC-1450,item:021081,74.308511,74.308511,45,210,1.0,KG
165,SDC-VD0972460A,SDC-1450,item:021081,18.577128,18.577128,132,297,1.0,KG
165,SDC-VD0975221A,SDC-1450,item:021081,18.577128,18.577128,103,268,1.0,KG
165,SDC-1450,M-1810,item:007923,22598.247557,22598.247557,2,167,1.0,G
166,SDC-VD0520132A,M-1430,item:038005,90.995715,90.995715,72,238,1.0,KG
166,SDC-VD0914690A,M-1430,item:042342,313778.4,313778.4,14,180,1.0,UN
166,SDC-VD0525412A,M-1430,item:333362,5200.0,5200.0,75,241,1.0,UN
166,SDC-VD0993480A,M-1430,item:344135,5200.0,5200.0,18,184,1.0,UN
166,SDC-VD0520115A,M-1430,item:708073,41.236,41.236,25,191,1.0,KG
166,SDC-VD0508918A,M-1430,item:730384,1102.4,1102.4,86,252,1.0,M
166,SDC-VD1095770A,M-1430,item:734545,41.6,41.6,22,188,1.0,UN
166,SDC-1450,M-1430,item:773474,50204.5336,50204.5336,21,187,1.0,G
166,SDC-VD0951020A,M-1810,item:001757,11.298174,11.298174,54,220,1.0,KG
166,SDC-VD0519670A,M-1810,item:001848,5.931541,5.931541,18,184,1.0,KG
166,SDC-VD0951020A,M-1810,item:001848,2.542089,2.542089,57,223,1.0,KG
166,SDC-VD0910216A,M-1810,item:001893,37.566427,37.566427,38,204,1.0,KG
166,SDC-VD1091642A,M-1810,item:001893,10.733265,10.733265,17,183,1.0,KG
166,SDC-VD0518684A,M-1810,item:001893,5.366632,5.366632,52,218,1.0,KG
166,SDC-VD0910216A,M-1810,item:002612,6.05892,6.05892,27,193,1.0,KG
166,SDC-VD0990780A,M-1810,item:002612,2.824543,2.824543,26,192,1.0,KG
166,SDC-VD1091642A,M-1810,item:002612,0.706136,0.706136,29,195,1.0,KG
166,SDC-VD0500655A,M-1810,item:002612,0.706136,0.706136,38,204,1.0,KG
166,SDC-VD0990780A,M-1810,item:002612,3.826981,3.826981,15,181,1.0,KG
166,SDC-VD0514881A,M-1810,item:016332,3.389452,3.389452,50,216,1.0,KG
166,SDC-VD0519670A,M-1810,item:029313,0.282454,0.282454,79,245,1.0,KG
166,SDC-VD1096202A,M-1810,item:039668,0.282454,0.282454,61,227,1.0,KG
166,SDC-VD0520132A,M-1810,item:049371,10.450811,10.450811,138,304,1.0,KG
166,SDC-VD0914320A,M-1810,item:055703,0.395436,0.395436,21,187,1.0,KG
166,SDC-VD0964290A,M-1810,item:055703,0.169473,0.169473,58,224,1.0,KG
166,SDC-VD0505677A,M-1810,item:099439,14.122717,14.122717,28,194,1.0,KG
166,SDC-VD0901566A,M-1810,item:338928,10000.0,10000.0,140,306,1.0,UN
166,SDC-VD0914360C,M-1810,item:338929,6957.003421,6957.003421,31,197,1.0,UN
166,SDC-VD0989480A,M-1810,item:426331,76.527038,76.527038,56,222,1.0,UN
166,SDC-1450,M-1810,item:693055,2824.543389,2824.543389,60,226,1.0,G
166,M-1430,DC-1920,item:268967,5200.0,5200.0,2,168,1.0,UN
166,M-1810,DC-1920,item:268091,6957.003421,6957.003421,3,169,1.0,UN
166,DC-1920,C-XXXXX,item:268967,5200.0,5200.0,2,168,1.0,UN
166,DC-1920,C-XXXXX,item:268091,13935.656002,13935.656002,2,168,1.0,UN
166,SDC-VD0949099A,SDC-1450,item:021081,274.964451,289.436264,112,278,0.95,KG
166,SDC-VD0960508A,SDC-1450,item:021081,78.561272,78.561272,113,279,1.0,KG
166,SDC-VD0972460A,SDC-1450,item:021081,19.640318,19.640318,109,275,1.0,KG
166,SDC-VD0975221A,SDC-1450,item:021081,19.640318,19.640318,101,267,1.0,KG
166,SDC-1450,M-1810,item:007923,22596.347112,22596.347112,1,167,1.0,G
167,SDC-VD0520132A,M-1430,item:038005,90.995715,90.995715,291,458,1.0,KG
167,SDC-VD0914690A,M-1430,item:042342,313778.4,313778.4,36,203,1.0,UN
167,SDC-VD0525412A,M-1430,item:333362,5200.0,5200.0,74,241,1.0,UN
167,SDC-VD0993480A,M-1430,item:344135,5200.0,5200.0,67,234,1.0,UN
167,SDC-VD0520115A,M-1430,item:708073,41.236,41.236,27,194,1.0,KG
167,SDC-VD0508918A,M-1430,item:730384,1102.4,1102.4,36,203,1.0,M
167,SDC-VD1095770A,M-1430,item:734545,41.6,41.6,24,191,1.0,UN
167,SDC-1450,M-1430,item:773474,50204.5336,50204.5336,19,186,1.0,G
167,SDC-VD0951020A,M-1810,item:001757,11.297984,11.297984,65,232,1.0,KG
167,SDC-VD0519670A,M-1810,item:001848,5.931441,5.931441,21,188,1.0,KG
167,SDC-VD0951020A,M-1810,item:001848,2.542046,2.542046,91,258,1.0,KG
167,SDC-VD0910216A,M-1810,item:001893,37.565795,37.565795,20,187,1.0,KG
167,SDC-VD1091642A,M-1810,item:001893,10.733084,10.733084,14,181,1.0,KG
167,SDC-VD0518684A,M-1810,item:001893,5.366542,5.366542,112,279,1.0,KG
167,SDC-VD0910216A,M-1810,item:002612,6.066894,6.066894,60,227,1.0,KG
167,SDC-VD0990780A,M-1810,item:002612,2.824496,2.824496,38,205,1.0,KG
167,SDC-VD1091642A,M-1810,item:002612,0.706124,0.706124,30,197,1.0,KG
167,SDC-VD0500655A,M-1810,item:002612,0.706124,0.706124,10,177,1.0,KG
167,SDC-VD0990780A,M-1810,item:002612,3.818841,3.818841,68,235,1.0,KG
167,SDC-VD0514881A,M-1810,item:016332,3.389395,3.389395,40,207,1.0,KG
167,SDC-VD0519670A,M-1810,item:029313,0.28245,0.28245,112,279,1.0,KG
167,SDC-VD1096202A,M-1810,item:039668,0.28245,0.28245,31,198,1.0,KG
167,SDC-VD0520132A,M-1810,item:049371,10.450635,10.450635,67,234,1.0,KG
167,SDC-VD0914320A,M-1810,item:055703,0.395429,0.395429,16,183,1.0,KG
167,SDC-VD0964290A,M-1810,item:055703,0.16947,0.16947,30,197,1.0,KG
167,SDC-VD0505677A,M-1810,item:099439,14.122479,14.122479,31,198,1.0,KG
167,SDC-VD0901566A,M-1810,item:338928,10000.0,10000.0,72,239,1.0,UN
167,SDC-VD0914360C,M-1810,item:338929,6956.886399,6956.886399,22,189,1.0,UN
167,SDC-VD0989480A,M-1810,item:426331,76.52575,76.52575,32,199,1.0,UN
167,SDC-1450,M-1810,item:693055,2824.495878,2824.495878,55,222,1.0,G
167,M-1430,DC-1920,item:268967,5200.0,5200.0,4,171,1.0,UN
167,M-1810,DC-1920,item:268091,6956.886399,6956.886399,3,170,1.0,UN
167,DC-1920,C-XXXXX,item:268967,5200.0,5200.0,2,169,1.0,UN
167,SDC-VD0949099A,SDC-1450,item:021081,285.784487,300.825776,126,293,0.95,KG
167,SDC-VD0960508A,SDC-1450,item:021081,81.652711,81.652711,106,273,1.0,KG
167,SDC-VD0972460A,SDC-1450,item:021081,20.413178,20.413178,100,267,1.0,KG
167,SDC-VD0975221A,SDC-1450,item:021081,20.413178,20.413178,140,307,1.0,KG
167,SDC-1450,M-1810,item:007923,22595.967023,22595.967023,1,168,1.0,G
168,SDC-VD0520132A,M-1430,item:038005,90.995715,90.995715,76,244,1.0,KG
168,SDC-VD0914690A,M-1430,item:042342,313778.4,313778.4,23,191,1.0,UN
168,SDC-VD0525412A,M-1430,item:333362,5200.0,5200.0,95,263,1.0,UN
168,SDC-VD0993480A,M-1430,item:344135,5200.0,5200.0,32,200,1.0,UN
168,SDC-VD0520115A,M-1430,item:708073,41.236,41.236,33,201,1.0,KG
168,SDC-VD0508918A,M-1430,item:730384,1102.4,1102.4,87,255,1.0,M
168,SDC-VD1095770A,M-1430,item:734545,41.6,41.6,24,192,1.0,UN
168,SDC-1450,M-1430,item:773474,50204.5336,50204.5336,6,174,1.0,G
168,SDC-VD0951020A,M-1810,item:001757,16.395078,16.395078,81,249,1.0,KG
168,SDC-VD0519670A,M-1810,item:001848,8.607416,8.607416,32,200,1.0,KG
168,SDC-VD0951020A,M-1810,item:001848,3.688893,3.688893,52,220,1.0,KG
168,SDC-VD0910216A,M-1810,item:001893,54.513635,54.513635,12,180,1.0,KG
168,SDC-VD1091642A,M-1810,item:001893,15.575324,15.575324,65,233,1.0,KG
168,SDC-VD0518684A,M-1810,item:001893,7.787662,7.787662,27,195,1.0,KG
168,SDC-VD0910216A,M-1810,item:002612,6.068489,6.068489,31,199,1.0,KG
168,SDC-VD0990780A,M-1810,item:002612,4.09877,4.09877,59,227,1.0,KG
168,SDC-VD1091642A,M-1810,item:002612,1.024692,1.024692,20,188,1.0,KG
168,SDC-VD0500655A,M-1810,item:002612,1.024692,1.024692,18,186,1.0,KG
168,SDC-VD0990780A,M-1810,item:002612,8.277204,8.277204,18,186,1.0,KG
168,SDC-VD0514881A,M-1810,item:016332,4.918523,4.918523,41,209,1.0,KG
168,SDC-VD0519670A,M-1810,item:029313,0.409877,0.409877,98,266,1.0,KG
168,SDC-VD1096202A,M-1810,item:039668,0.409877,0.409877,65,233,1.0,KG
168,SDC-VD0520132A,M-1810,item:049371,15.165447,15.165447,122,290,1.0,KG
168,SDC-VD0914320A,M-1810,item:055703,0.573828,0.573828,15,183,1.0,KG
168,SDC-VD0964290A,M-1810,item:055703,0.245926,0.245926,33,201,1.0,KG
168,SDC-VD0505677A,M-1810,item:099439,20.493848,20.493848,28,196,1.0,KG
168,SDC-VD0901566A,M-1810,item:338928,10000.0,10000.0,60,228,1.0,UN
168,SDC-VD0914360C,M-1810,item:338929,10095.491565,10095.491565,49,217,1.0,UN
168,SDC-VD0989480A,M-1810,item:426331,111.050407,111.050407,29,197,1.0,UN
168,SDC-1450,M-1810,item:693055,4098.769576,4098.769576,115,283,1.0,G
168,M-1430,DC-1920,item:268967,5200.0,5200.0,2,170,1.0,UN
168,M-1810,DC-1920,item:268091,10095.491565,10095.491565,5,173,1.0,UN
168,DC-1920,C-XXXXX,item:268967,5200.0,5200.0,3,171,1.0,UN
168,SDC-VD0949099A,SDC-1450,item:021081,293.627591,309.081675,94,262,0.95,KG
168,SDC-VD0960508A,SDC-1450,item:021081,83.893597,83.893597,188,356,1.0,KG
168,SDC-VD0972460A,SDC-1450,item:021081,20.973399,20.973399,95,263,1.0,KG
168,SDC-VD0975221A,SDC-1450,item:021081,20.973399,20.973399,62,230,1.0,KG
168,SDC-1450,M-1810,item:007923,32790.156604,32790.156604,1,169,1.0,G
169,SDC-VD0520132A,M-1430,item:038005,90.995715,90.995715,135,304,1.0,KG
169,SDC-VD0914690A,M-1430,item:042342,313778.4,313778.4,36,205,1.0,UN
169,SDC-VD0525412A,M-1430,item:333362,5200.0,5200.0,120,289,1.0,UN
169,SDC-VD0993480A,M-1430,item:344135,5200.0,5200.0,38,207,1.0,UN
169,SDC-VD0520115A,M-1430,item:708073,41.236,41.236,26,195,1.0,KG
169,SDC-VD0508918A,M-1430,item:730384,1102.4,1102.4,75,244,1.0,M
169,SDC-VD1095770A,M-1430,item:734545,41.6,41.6,31,200,1.0,UN
169,SDC-1450,M-1430,item:773474,50204.5336,50204.5336,6,175,1.0,G
169,SDC-VD0951020A,M-1810,item:001757,17.414497,17.414497,33,202,1.0,KG
169,SDC-VD0519670A,M-1810,item:001848,9.142611,9.142611,24,193,1.0,KG
169,SDC-VD0951020A,M-1810,item:001848,3.918262,3.918262,112,281,1.0,KG
169,SDC-VD0910216A,M-1810,item:001893,57.903203,57.903203,45,214,1.0,KG
169,SDC-VD1091642A,M-1810,item:001893,16.543772,16.543772,45,214,1.0,KG
169,SDC-VD0518684A,M-1810,item:001893,8.271886,8.271886,59,228,1.0,KG
169,SDC-VD0910216A,M-1810,item:002612,6.068808,6.068808,21,190,1.0,KG
169,SDC-VD0990780A,M-1810,item:002612,4.353624,4.353624,14,183,1.0,KG
169,SDC-VD1091642A,M-1810,item:002612,1.088406,1.088406,60,229,1.0,KG
169,SDC-VD0500655A,M-1810,item:002612,1.088406,1.088406,50,219,1.0,KG
169,SDC-VD0990780A,M-1810,item:002612,9.168877,9.168877,46,215,1.0,KG
169,SDC-VD0514881A,M-1810,item:016332,5.224349,5.224349,36,205,1.0,KG
169,SDC-VD0519670A,M-1810,item:029313,0.435362,0.435362,36,205,1.0,KG
169,SDC-VD1096202A,M-1810,item:039668,0.435362,0.435362,38,207,1.0,KG
169,SDC-VD0520132A,M-1810,item:049371,16.10841,16.10841,141,310,1.0,KG
169,SDC-VD0914320A,M-1810,item:055703,0.609507,0.609507,22,191,1.0,KG
169,SDC-VD0964290A,M-1810,item:055703,0.261217,0.261217,57,226,1.0,KG
169,SDC-VD0505677A,M-1810,item:099439,21.768122,21.768122,9,178,1.0,KG
169,SDC-VD0901566A,M-1810,item:338928,10000.0,10000.0,103,272,1.0,UN
169,SDC-VD0914360C,M-1810,item:338929,10723.212599,10723.212599,6,175,1.0,UN
169,SDC-VD0989480A,M-1810,item:426331,117.955339,117.955339,28,197,1.0,UN
169,SDC-1450,M-1810,item:693055,4353.624315,4353.624315,49,218,1.0,G
169,M-1430,DC-1920,item:268967,5200.0,5200.0,2,171,1.0,UN
169,M-1810,DC-1920,item:268091,10723.212599,10723.212599,1,170,1.0,UN
169,DC-1920,C-XXXXX,item:268091,6957.003421,6957.003421,2,171,1.0,UN
169,SDC-VD0949099A,SDC-1450,item:021081,299.306688,315.059672,179,348,0.95,KG
169,SDC-VD0960508A,SDC-1450,item:021081,85.516197,85.516197,96,265,1.0,KG
169,SDC-VD0972460A,SDC-1450,item:021081,21.379049,21.379049,160,329,1.0,KG
169,SDC-VD0975221A,SDC-1450,item:021081,21.379049,21.379049,84,253,1.0,KG
169,SDC-1450,M-1810,item:007923,34828.99452,34828.99452,1,170,1.0,G
170,SDC-VD0520132A,M-1430,item:038005,90.995715,90.995715,53,223,1.0,KG
170,SDC-VD0914690A,M-1430,item:042342,313778.4,313778.4,33,203,1.0,UN
170,SDC-VD0525412A,M-1430,item:333362,5200.0,5200.0,65,235,1.0,UN
170,SDC-VD0993480A,M-1430,item:344135,5200.0,5200.0,35,205,1.0,UN
170,SDC-VD0520115A,M-1430,item:708073,41.236,41.236,38,208,1.0,KG
170,SDC-VD0508918A,M-1430,item:730384,1102.4,1102.4,60,230,1.0,M
170,SDC-VD1095770A,M-1430,item:734545,41.6,41.6,19,189,1.0,UN
170,SDC-1450,M-1430,item:773474,50204.5336,50204.5336,5,175,1.0,G
170,SDC-VD0951020A,M-1810,item:001757,17.618381,17.618381,58,228,1.0,KG
170,SDC-VD0519670A,M-1810,item:001848,9.24965,9.24965,17,187,1.0,KG
170,SDC-VD0951020A,M-1810,item:001848,3.964136,3.964136,68,238,1.0,KG
170,SDC-VD0910216A,M-1810,item:001893,34.46362,34.46362,13,183,1.0,KG
170,SDC-VD1091642A,M-1810,item:001893,16.737462,16.737462,50,220,1.0,KG
170,SDC-VD0518684A,M-1810,item:001893,8.368731,8.368731,55,225,1.0,KG
170,SDC-VD1091642A,M-1810,item:001893,24.117497,24.117497,51,221,1.0,KG
170,SDC-VD0910216A,M-1810,item:002612,6.298181,6.298181,40,210,1.0,KG
170,SDC-VD0990780A,M-1810,item:002612,4.404595,4.404595,51,221,1.0,KG
170,SDC-VD1091642A,M-1810,item:002612,1.101149,1.101149,23,193,1.0,KG
170,SDC-VD0500655A,M-1810,item:002612,1.101149,1.101149,36,206,1.0,KG
170,SDC-VD0990780A,M-1810,item:002612,9.117903,9.117903,34,204,1.0,KG
170,SDC-VD0514881A,M-1810,item:016332,5.285514,5.285514,27,197,1.0,KG
170,SDC-VD0519670A,M-1810,item:029313,0.44046,0.44046,44,214,1.0,KG
170,SDC-VD1096202A,M-1810,item:039668,0.44046,0.44046,43,213,1.0,KG
170,SDC-VD0520132A,M-1810,item:049371,16.297002,16.297002,112,282,1.0,KG
170,SDC-VD0914320A,M-1810,item:055703,0.616643,0.616643,19,189,1.0,KG
170,SDC-VD0964290A,M-1810,item:055703,0.264276,0.264276,50,220,1.0,KG
170,SDC-VD0505677A,M-1810,item:099439,22.022976,22.022976,25,195,1.0,KG
170,SDC-VD0901566A,M-1810,item:338928,10000.0,10000.0,16,186,1.0,UN
170,SDC-VD0914360C,M-1810,item:338929,10848.756805,10848.756805,33,203,1.0,UN
170,SDC-VD0989480A,M-1810,item:426331,119.336325,119.336325,21,191,1.0,UN
170,SDC-1450,M-1810,item:693055,4404.595263,4404.595263,122,292,1.0,G
170,M-1430,DC-1920,item:268967,5200.0,5200.0,3,173,1.0,UN
170,M-1810,DC-1920,item:268091,10848.756805,10848.756805,2,172,1.0,UN
170,DC-1920,C-XXXXX,item:268967,5200.0,5200.0,3,173,1.0,UN
170,DC-1920,C-XXXXX,item:268091,24637.687531,24637.687531,3,173,1.0,UN
170,SDC-VD0949099A,SDC-1450,item:021081,303.417164,319.386488,153,323,0.95,KG
170,SDC-VD0960508A,SDC-1450,item:021081,86.690618,86.690618,174,344,1.0,KG
170,SDC-VD0972460A,SDC-1450,item:021081,21.672655,21.672655,198,368,1.0,KG
170,SDC-VD0975221A,SDC-1450,item:021081,21.672655,21.672655,70,240,1.0,KG
170,SDC-1450,M-1810,item:007923,35236.762104,35236.762104,2,172,1.0,G
171,SDC-VD0520132A,M-1430,item:038005,90.995715,90.995715,113,284,1.0,KG
171,SDC-VD0914690A,M-1430,item:042342,313778.4,313778.4,22,193,1.0,UN
171,SDC-VD0525412A,M-1430,item:333362,5200.0,5200.0,58,229,1.0,UN
171,SDC-VD0993480A,M-1430,item:344135,5200.0,5200.0,31,202,1.0,UN
171,SDC-VD0520115A,M-1430,item:708073,41.236,41.236,21,192,1.0,KG
171,SDC-VD0508918A,M-1430,item:730384,1102.4,1102.4,112,283,1.0,M
171,SDC-VD1095770A,M-1430,item:734545,41.6,41.6,39,210,1.0,UN
171,SDC-1450,M-1430,item:773474,50204.5336,50204.5336,12,183,1.0,G
171,SDC-VD0951020A,M-1810,item:001757,17.659158,17.659158,53,224,1.0,KG
171,SDC-VD0519670A,M-1810,item:001848,9.271058,9.271058,27,198,1.0,KG
171,SDC-VD0951020A,M-1810,item:001848,3.973311,3.973311,27,198,1.0,KG
171,SDC-VD0910216A,M-1810,item:001893,24.10741,24.10741,56,227,1.0,KG
171,SDC-VD1091642A,M-1810,item:001893,16.7762,16.7762,52,223,1.0,KG
171,SDC-VD0518684A,M-1810,item:001893,8.3881,8.3881,63,234,1.0,KG
171,SDC-VD1091642A,M-1810,item:001893,34.609289,34.609289,16,187,1.0,KG
171,SDC-VD0910216A,M-1810,item:002612,6.344055,6.344055,35,206,1.0,KG
171,SDC-VD0990780A,M-1810,item:002612,4.414789,4.414789,17,188,1.0,KG
171,SDC-VD1091642A,M-1810,item:002612,1.103697,1.103697,31,202,1.0,KG
171,SDC-VD0500655A,M-1810,item:002612,1.103697,1.103697,14,185,1.0,KG
171,SDC-VD0990780A,M-1810,item:002612,9.107708,9.107708,19,190,1.0,KG
171,SDC-VD0514881A,M-1810,item:016332,5.297747,5.297747,43,214,1.0,KG
171,SDC-VD0519670A,M-1810,item:029313,0.441479,0.441479,19,190,1.0,KG
171,SDC-VD1096202A,M-1810,item:039668,0.441479,0.441479,50,221,1.0,KG
171,SDC-VD0520132A,M-1810,item:049371,16.334721,16.334721,268,439,1.0,KG
171,SDC-VD0914320A,M-1810,item:055703,0.618071,0.618071,42,213,1.0,KG
171,SDC-VD0964290A,M-1810,item:055703,0.264887,0.264887,22,193,1.0,KG
171,SDC-VD0505677A,M-1810,item:099439,22.073947,22.073947,33,204,1.0,KG
171,SDC-VD0901566A,M-1810,item:338928,10000.0,10000.0,60,231,1.0,UN
171,SDC-VD0914360C,M-1810,item:338929,10873.865647,10873.865647,29,200,1.0,UN
171,SDC-VD0989480A,M-1810,item:426331,119.612522,119.612522,22,193,1.0,UN
171,SDC-1450,M-1810,item:693055,4414.789453,4414.789453,115,286,1.0,G
171,M-1430,DC-1920,item:268967,5200.0,5200.0,4,175,1.0,UN
171,M-1810,DC-1920,item:268091,10873.865647,10873.865647,2,173,1.0,UN
171,DC-1920,C-XXXXX,item:268967,10400.0,10400.0,2,173,1.0,UN
171,SDC-VD0949099A,SDC-1450,item:021081,306.391821,322.517706,143,314,0.95,KG
171,SDC-VD0960508A,SDC-1450,item:021081,87.54052,87.54052,83,254,1.0,KG
171,SDC-VD0972460A,SDC-1450,item:021081,21.88513,21.88513,65,236,1.0,KG
171,SDC-VD0975221A,SDC-1450,item:021081,21.88513,21.88513,149,320,1.0,KG
171,SDC-1450,M-1810,item:007923,35318.31562,35318.31562,1,172,1.0,G
172,SDC-VD0520132A,M-1430,item:038005,90.995715,90.995715,136,308,1.0,KG
172,SDC-VD0914690A,M-1430,item:042342,313778.4,313778.4,35,207,1.0,UN
172,SDC-VD0525412A,M-1430,item:333362,5200.0,5200.0,25,197,1.0,UN
172,SDC-VD0993480A,M-1430,item:344135,5200.0,5200.0,20,192,1.0,UN
172,SDC-VD0520115A,M-1430,item:708073,41.236,41.236,56,228,1.0,KG
172,SDC-VD0508918A,M-1430,item:730384,1102.4,1102.4,54,226,1.0,M
172,SDC-VD1095770A,M-1430,item:734545,41.6,41.6,19,191,1.0,UN
172,SDC-1450,M-1430,item:773474,50204.5336,50204.5336,15,187,1.0,G
172,SDC-VD0951020A,M-1810,item:001757,17.667313,17.667313,93,265,1.0,KG
172,SDC-VD0519670A,M-1810,item:001848,9.275339,9.275339,30,202,1.0,KG
172,SDC-VD0951020A,M-1810,item:001848,3.975145,3.975145,51,223,1.0,KG
172,SDC-VD0910216A,M-1810,item:001893,24.142275,24.142275,25,197,1.0,KG
172,SDC-VD1091642A,M-1810,item:001893,16.783948,16.783948,53,225,1.0,KG
172,SDC-VD0518684A,M-1810,item:001893,8.391974,8.391974,53,225,1.0,KG
172,SDC-VD1091642A,M-1810,item:001893,34.601541,34.601541,80,252,1.0,KG
172,SDC-VD0910216A,M-1810,item:002612,6.35323,6.35323,27,199,1.0,KG
172,SDC-VD0990780A,M-1810,item:002612,4.416828,4.416828,12,184,1.0,KG
172,SDC-VD1091642A,M-1810,item:002612,1.104207,1.104207,20,192,1.0,KG
172,SDC-VD0500655A,M-1810,item:002612,1.104207,1.104207,25,197,1.0,KG
172,SDC-VD0990780A,M-1810,item:002612,9.105669,9.105669,18,190,1.0,KG
172,SDC-VD0514881A,M-1810,item:016332,5.300194,5.300194,18,190,1.0,KG
172,SDC-VD0519670A,M-1810,item:029313,0.441683,0.441683,39,211,1.0,KG
172,SDC-VD1096202A,M-1810,item:039668,0.441683,0.441683,43,215,1.0,KG
172,SDC-VD0520132A,M-1810,item:049371,16.342265,16.342265,94,266,1.0,KG
172,SDC-VD0914320A,M-1810,item:055703,0.618356,0.618356,25,197,1.0,KG
172,SDC-VD0964290A,M-1810,item:055703,0.26501,0.26501,82,254,1.0,KG
172,SDC-VD0505677A,M-1810,item:099439,22.084141,22.084141,46,218,1.0,KG
172,SDC-VD0901566A,M-1810,item:338928,10000.0,10000.0,116,288,1.0,UN
172,SDC-VD0914360C,M-1810,item:338929,10878.887415,10878.887415,24,196,1.0,UN
172,SDC-VD0989480A,M-1810,item:426331,119.667762,119.667762,39,211,1.0,UN
172,SDC-1450,M-1810,item:693055,4416.82829,4416.82829,42,214,1.0,G
172,M-1430,DC-1920,item:268967,5200.0,5200.0,2,174,1.0,UN
172,M-1810,DC-1920,item:268091,10878.887415,10878.887415,3,175,1.0,UN
172,DC-1920,C-XXXXX,item:268091,10848.756805,10848.756805,2,174,1.0,UN
172,SDC-VD0949099A,SDC-1450,item:021081,308.544382,324.78356,160,332,0.95,KG
172,SDC-VD0960508A,SDC-1450,item:021081,88.155538,88.155538,53,225,1.0,KG
172,SDC-VD0972460A,SDC-1450,item:021081,22.038884,22.038884,87,259,1.0,KG
172,SDC-VD0975221A,SDC-1450,item:021081,22.038884,22.038884,80,252,1.0,KG
172,SDC-1450,M-1810,item:007923,35334.626324,35334.626324,2,174,1.0,G
173,SDC-VD0520132A,M-1430,item:038005,90.995715,90.995715,100,273,1.0,KG
173,SDC-VD0914690A,M-1430,item:042342,313778.4,313778.4,16,189,1.0,UN
173,SDC-VD0525412A,M-1430,item:333362,5200.0,5200.0,20,193,1.0,UN
173,SDC-VD0993480A,M-1430,item:344135,5200.0,5200.0,18,191,1.0,UN
173,SDC-VD0520115A,M-1430,item:708073,41.236,41.236,8,181,1.0,KG
173,SDC-VD0508918A,M-1430,item:730384,1102.4,1102.4,46,219,1.0,M
173,SDC-VD1095770A,M-1430,item:734545,41.6,41.6,23,196,1.0,UN
173,SDC-1450,M-1430,item:773474,50204.5336,50204.5336,18,191,1.0,G
173,SDC-VD0951020A,M-1810,item:001757,17.668944,17.668944,58,231,1.0,KG
173,SDC-VD0519670A,M-1810,item:001848,9.276196,9.276196,8,181,1.0,KG
173,SDC-VD0951020A,M-1810,item:001848,3.975512,3.975512,112,285,1.0,KG
173,SDC-VD0910216A,M-1810,item:001893,24.149248,24.149248,37,210,1.0,KG
173,SDC-VD1091642A,M-1810,item:001893,16.785497,16.785497,36,209,1.0,KG
173,SDC-VD0518684A,M-1810,item:001893,8.392749,8.392749,65,238,1.0,KG
173,SDC-VD1091642A,M-1810,item:001893,34.599992,34.599992,74,247,1.0,KG
173,SDC-VD0910216A,M-1810,item:002612,6.355065,6.355065,18,191,1.0,KG
173,SDC-VD0990780A,M-1810,item:002612,4.417236,4.417236,35,208,1.0,KG
173,SDC-VD1091642A,M-1810,item:002612,1.104309,1.104309,40,213,1.0,KG
173,SDC-VD0500655A,M-1810,item:002612,1.104309,1.104309,50,223,1.0,KG
173,SDC-VD0990780A,M-1810,item:002612,9.105261,9.105261,70,243,1.0,KG
173,SDC-VD0514881A,M-1810,item:016332,5.300683,5.300683,39,212,1.0,KG
173,SDC-VD0519670A,M-1810,item:029313,0.441724,0.441724,82,255,1.0,KG
173,SDC-VD1096202A,M-1810,item:039668,0.441724,0.441724,48,221,1.0,KG
173,SDC-VD0520132A,M-1810,item:049371,16.343773,16.343773,110,283,1.0,KG
173,SDC-VD0914320A,M-1810,item:055703,0.618413,0.618413,10,183,1.0,KG
173,SDC-VD0964290A,M-1810,item:055703,0.265034,0.265034,38,211,1.0,KG
173,SDC-VD0505677A,M-1810,item:099439,22.08618,22.08618,18,191,1.0,KG
173,SDC-VD0901566A,M-1810,item:338928,10000.0,10000.0,46,219,1.0,UN
173,SDC-VD0914360C,M-1810,item:338929,10879.891769,10879.891769,38,211,1.0,UN
173,SDC-VD0989480A,M-1810,item:426331,119.678809,119.678809,14,187,1.0,UN
173,SDC-1450,M-1810,item:693055,4417.236058,4417.236058,92,265,1.0,G
173,M-1430,DC-1920,item:268967,5200.0,5200.0,4,177,1.0,UN
173,M-1810,DC-1920,item:268091,10879.891769,10879.891769,4,177,1.0,UN
173,DC-1920,C-XXXXX,item:268967,5200.0,5200.0,1,174,1.0,UN
173,DC-1920,C-XXXXX,item:268091,20969.357212,20969.357212,2,175,1.0,UN
173,SDC-VD0949099A,SDC-1450,item:021081,310.102012,326.423171,132,305,0.95,KG
173,SDC-VD0960508A,SDC-1450,item:021081,88.600575,88.600575,207,380,1.0,KG
173,SDC-VD0972460A,SDC-1450,item:021081,22.150144,22.150144,107,280,1.0,KG
173,SDC-VD0975221A,SDC-1450,item:021081,22.150144,22.150144,162,335,1.0,KG
173,SDC-1450,M-1810,item:007923,35337.888464,35337.888464,1,174,1.0,G
174,SDC-VD0520132A,M-1430,item:038005,90.995715,90.995715,156,330,1.0,KG
174,SDC-VD0914690A,M-1430,item:042342,313778.4,313778.4,25,199,1.0,UN
174,SDC-VD0525412A,M-1430,item:333362,5200.0,5200.0,24,198,1.0,UN
174,SDC-VD0993480A,M-1430,item:344135,5200.0,5200.0,54,228,1.0,UN
174,SDC-VD0520115A,M-1430,item:708073,41.236,41.236,54,228,1.0,KG
174,SDC-VD0508918A,M-1430,item:730384,1102.4,1102.4,66,240,1.0,M
174,SDC-VD1095770A,M-1430,item:734545,41.6,41.6,22,196,1.0,UN
174,SDC-1450,M-1430,item:773474,50204.5336,50204.5336,5,179,1.0,G
174,SDC-VD0951020A,M-1810,item:001757,17.66927,17.66927,25,199,1.0,KG
174,SDC-VD0519670A,M-1810,item:001848,9.276367,9.276367,42,216,1.0,KG
174,SDC-VD0951020A,M-1810,item:001848,3.975586,3.975586,47,221,1.0,KG
174,SDC-VD0910216A,M-1810,item:001893,24.150643,24.150643,29,203,1.0,KG
174,SDC-VD1091642A,M-1810,item:001893,16.785807,16.785807,43,217,1.0,KG
174,SDC-VD0518684A,M-1810,item:001893,8.392903,8.392903,83,257,1.0,KG
174,SDC-VD1091642A,M-1810,item:001893,34.599682,34.599682,74,248,1.0,KG
174,SDC-VD0910216A,M-1810,item:002612,6.355432,6.355432,32,206,1.0,KG
174,SDC-VD0990780A,M-1810,item:002612,4.417318,4.417318,46,220,1.0,KG
174,SDC-VD1091642A,M-1810,item:002612,1.104329,1.104329,37,211,1.0,KG
174,SDC-VD0500655A,M-1810,item:002612,1.104329,1.104329,28,202,1.0,KG
174,SDC-VD0990780A,M-1810,item:002612,9.105179,9.105179,7,181,1.0,KG
174,SDC-VD0514881A,M-1810,item:016332,5.300781,5.300781,70,244,1.0,KG
174,SDC-VD0519670A,M-1810,item:029313,0.441732,0.441732,6,180,1.0,KG
174,SDC-VD1096202A,M-1810,item:039668,0.441732,0.441732,38,212,1.0,KG
174,SDC-VD0520132A,M-1810,item:049371,16.344075,16.344075,78,252,1.0,KG
174,SDC-VD0914320A,M-1810,item:055703,0.618424,0.618424,13,187,1.0,KG
174,SDC-VD0964290A,M-1810,item:055703,0.265039,0.265039,10,184,1.0,KG
174,SDC-VD0505677A,M-1810,item:099439,22.086588,22.086588,51,225,1.0,KG
174,SDC-VD0901566A,M-1810,item:338928,10000.0,10000.0,19,193,1.0,UN
174,SDC-VD0914360C,M-1810,item:338929,10880.092639,10880.092639,14,188,1.0,UN
174,SDC-VD0989480A,M-1810,item:426331,119.681019,119.681019,26,200,1.0,UN
174,SDC-1450,M-1810,item:693055,4417.317612,4417.317612,109,283,1.0,G
174,M-1430,DC-1920,item:268967,5200.0,5200.0,4,178,1.0,UN
174,M-1810,DC-1920,item:268091,10880.092639,10880.092639,2,176,1.0,UN
174,DC-1920,C-XXXXX,item:268967,5200.0,5200.0,2,176,1.0,UN
174,SDC-VD0949099A,SDC-1450,item:021081,311.22913,327.609611,81,255,0.95,KG
174,SDC-VD0960508A,SDC-1450,item:021081,88.922609,88.922609,133,307,1.0,KG
174,SDC-VD0972460A,SDC-1450,item:021081,22.230652,22.230652,100,274,1.0,KG
174,SDC-VD0975221A,SDC-1450,item:021081,22.230652,22.230652,106,280,1.0,KG
174,SDC-1450,M-1810,item:007923,35338.540893,35338.540893,1,175,1.0,G
175,SDC-VD0520132A,M-1430,item:038005,90.995715,90.995715,138,313,1.0,KG
175,SDC-VD0914690A,M-1430,item:042342,313778.4,313778.4,7,182,1.0,UN
175,SDC-VD0525412A,M-1430,item:333362,5200.0,5200.0,101,276,1.0,UN
175,SDC-VD0993480A,M-1430,item:344135,5200.0,5200.0,22,197,1.0,UN
175,SDC-VD0520115A,M-1430,item:708073,41.236,41.236,10,185,1.0,KG
175,SDC-VD0508918A,M-1430,item:730384,1102.4,1102.4,52,227,1.0,M
175,SDC-VD1095770A,M-1430,item:734545,41.6,41.6,11,186,1.0,UN
175,SDC-1450,M-1430,item:773474,50204.5336,50204.5336,5,180,1.0,G
175,SDC-VD0951020A,M-1810,item:001757,19.3256,19.3256,130,305,1.0,KG
175,SDC-VD0519670A,M-1810,item:001848,10.14594,10.14594,34,209,1.0,KG
175,SDC-VD0951020A,M-1810,item:001848,4.34826,4.34826,55,230,1.0,KG
175,SDC-VD0910216A,M-1810,item:001893,24.150921,24.150921,38,213,1.0,KG
175,SDC-VD1091642A,M-1810,item:001893,18.35932,18.35932,42,217,1.0,KG
175,SDC-VD0518684A,M-1810,item:001893,9.17966,9.17966,26,201,1.0,KG
175,SDC-VD1091642A,M-1810,item:001893,40.106699,40.106699,30,205,1.0,KG
175,SDC-VD0910216A,M-1810,item:002612,6.355506,6.355506,19,194,1.0,KG
175,SDC-VD0990780A,M-1810,item:002612,4.8314,4.8314,18,193,1.0,KG
175,SDC-VD1091642A,M-1810,item:002612,1.20785,1.20785,18,193,1.0,KG
175,SDC-VD0500655A,M-1810,item:002612,1.20785,1.20785,50,225,1.0,KG
175,SDC-VD0990780A,M-1810,item:002612,10.554394,10.554394,28,203,1.0,KG
175,SDC-VD0514881A,M-1810,item:016332,5.79768,5.79768,14,189,1.0,KG
175,SDC-VD0519670A,M-1810,item:029313,0.48314,0.48314,81,256,1.0,KG
175,SDC-VD1096202A,M-1810,item:039668,0.48314,0.48314,40,215,1.0,KG
175,SDC-VD0520132A,M-1810,item:049371,17.87618,17.87618,89,264,1.0,KG
175,SDC-VD0914320A,M-1810,item:055703,0.676396,0.676396,19,194,1.0,KG
175,SDC-VD0964290A,M-1810,item:055703,0.289884,0.289884,44,219,1.0,KG
175,SDC-VD0505677A,M-1810,item:099439,24.157,24.157,26,201,1.0,KG
175,SDC-VD0901566A,M-1810,item:338928,10000.0,10000.0,43,218,1.0,UN
175,SDC-VD0914360C,M-1810,item:338929,11900.0,11900.0,70,245,1.0,UN
175,SDC-VD0989480A,M-1810,item:426331,130.9,130.9,30,205,1.0,UN
175,SDC-1450,M-1810,item:693055,4831.4,4831.4,28,203,1.0,G
175,M-1430,DC-1920,item:268967,2340.000001,2340.000001,2,177,1.0,UN
175,M-1810,DC-1920,item:268091,11900.0,11900.0,7,182,1.0,UN
175,DC-1920,C-XXXXX,item:268967,5200.0,5200.0,2,177,1.0,UN
175,DC-1920,C-XXXXX,item:268091,10878.887415,10878.887415,2,177,1.0,UN
175,SDC-VD0949099A,SDC-1450,item:021081,312.044722,328.468128,134,309,0.95,KG
175,SDC-VD0960508A,SDC-1450,item:021081,89.155635,89.155635,106,281,1.0,KG
175,SDC-VD0972460A,SDC-1450,item:021081,22.288909,22.288909,106,281,1.0,KG
175,SDC-VD0975221A,SDC-1450,item:021081,22.288909,22.288909,123,298,1.0,KG
175,SDC-1450,M-1810,item:007923,38651.2,38651.2,1,176,1.0,G
176,SDC-VD0520132A,M-1430,item:038005,23.642637,23.642637,182,358,1.0,KG
176,SDC-VD0914690A,M-1430,item:042342,81526.352628,81526.352628,11,187,1.0,UN
176,SDC-VD0525412A,M-1430,item:333362,1351.071437,1351.071437,97,273,1.0,UN
176,SDC-VD0993480A,M-1430,item:344135,1351.071437,1351.071437,13,189,1.0,UN
176,SDC-VD0520115A,M-1430,item:708073,10.713996,10.713996,19,195,1.0,KG
176,SDC-VD0508918A,M-1430,item:730384,286.427145,286.427145,46,222,1.0,M
176,SDC-VD1095770A,M-1430,item:734545,10.808571,10.808571,20,196,1.0,UN
176,SDC-1450,M-1430,item:773474,13044.213718,13044.213718,4,180,1.0,G
176,SDC-VD0951020A,M-1810,item:001757,19.3256,19.3256,93,269,1.0,KG
176,SDC-VD0519670A,M-1810,item:001848,10.14594,10.14594,15,191,1.0,KG
176,SDC-VD0951020A,M-1810,item:001848,4.34826,4.34826,112,288,1.0,KG
176,SDC-VD0910216A,M-1810,item:001893,24.150977,24.150977,25,201,1.0,KG
176,SDC-VD1091642A,M-1810,item:001893,18.35932,18.35932,45,221,1.0,KG
176,SDC-VD0518684A,M-1810,item:001893,9.17966,9.17966,32,208,1.0,KG
176,SDC-VD1091642A,M-1810,item:001893,40.106643,40.106643,42,218,1.0,KG
176,SDC-VD0910216A,M-1810,item:002612,6.35552,6.35552,56,232,1.0,KG
176,SDC-VD0990780A,M-1810,item:002612,3.371251,3.371251,42,218,1.0,KG
176,SDC-VD1091642A,M-1810,item:002612,1.20785,1.20785,30,206,1.0,KG
176,SDC-VD0500655A,M-1810,item:002612,1.20785,1.20785,12,188,1.0,KG
176,SDC-VD1091642A,M-1810,item:002612,12.014529,12.014529,30,206,1.0,KG
176,SDC-VD0514881A,M-1810,item:016332,5.79768,5.79768,53,229,1.0,KG
176,SDC-VD0519670A,M-1810,item:029313,0.48314,0.48314,30,206,1.0,KG
176,SDC-VD1096202A,M-1810,item:039668,0.48314,0.48314,59,235,1.0,KG
176,SDC-VD0520132A,M-1810,item:049371,17.87618,17.87618,160,336,1.0,KG
176,SDC-VD0914320A,M-1810,item:055703,0.676396,0.676396,23,199,1.0,KG
176,SDC-VD0964290A,M-1810,item:055703,0.289884,0.289884,61,237,1.0,KG
176,SDC-VD0505677A,M-1810,item:099439,24.157,24.157,34,210,1.0,KG
176,SDC-VD0901566A,M-1810,item:338928,10000.0,10000.0,51,227,1.0,UN
176,SDC-VD0914360C,M-1810,item:338929,11900.0,11900.0,84,260,1.0,UN
176,SDC-VD0989480A,M-1810,item:426331,130.9,130.9,56,232,1.0,UN
176,SDC-1450,M-1810,item:693055,4831.4,4831.4,93,269,1.0,G
176,M-1430,DC-1920,item:268967,4211.071436,4211.071436,5,181,1.0,UN
176,M-1810,DC-1920,item:268091,11900.0,11900.0,5,181,1.0,UN
176,DC-1920,C-XXXXX,item:268091,10880.092639,10880.092639,2,178,1.0,UN
176,SDC-VD0949099A,SDC-1450,item:021081,312.63489,329.089358,82,258,0.95,KG
176,SDC-VD0960508A,SDC-1450,item:021081,89.324254,89.324254,198,374,1.0,KG
176,SDC-VD0972460A,SDC-1450,item:021081,22.331064,22.331064,134,310,1.0,KG
176,SDC-VD0975221A,SDC-1450,item:021081,22.331064,22.331064,219,395,1.0,KG
176,SDC-1450,M-1810,item:007923,38651.2,38651.2,2,178,1.0,G
177,SDC-VD0520132A,M-1430,item:038005,18.955857,18.955857,226,403,1.0,KG
177,SDC-VD0914690A,M-1430,item:042342,65365.040569,65365.040569,18,195,1.0,UN
177,SDC-VD0525412A,M-1430,item:333362,1083.242859,1083.242859,70,247,1.0,UN
177,SDC-VD0993480A,M-1430,item:344135,1083.242859,1083.242859,51,228,1.0,UN
177,SDC-VD0520115A,M-1430,item:708073,8.590116,8.590116,31,208,1.0,KG
177,SDC-VD0508918A,M-1430,item:730384,229.647486,229.647486,40,217,1.0,M
177,SDC-VD1095770A,M-1430,item:734545,8.665943,8.665943,14,191,1.0,UN
177,SDC-1450,M-1430,item:773474,10458.404325,10458.404325,5,182,1.0,G
177,SDC-VD0951020A,M-1810,item:001757,19.3256,19.3256,87,264,1.0,KG
177,SDC-VD0519670A,M-1810,item:001848,10.14594,10.14594,42,219,1.0,KG
177,SDC-VD0951020A,M-1810,item:001848,4.34826,4.34826,69,246,1.0,KG
177,SDC-VD0910216A,M-1810,item:001893,49.354169,49.354169,12,189,1.0,KG
177,SDC-VD1091642A,M-1810,item:001893,18.35932,18.35932,23,200,1.0,KG
177,SDC-VD0518684A,M-1810,item:001893,9.17966,9.17966,52,229,1.0,KG
177,SDC-VD1091642A,M-1810,item:001893,14.903451,14.903451,13,190,1.0,KG
177,SDC-VD0910216A,M-1810,item:002612,12.987939,12.987939,3,180,1.0,KG
177,SDC-VD0990780A,M-1810,item:002612,3.71084,3.71084,59,236,1.0,KG
177,SDC-VD1091642A,M-1810,item:002612,1.20785,1.20785,26,203,1.0,KG
177,SDC-VD0500655A,M-1810,item:002612,1.20785,1.20785,27,204,1.0,KG
177,SDC-VD1091642A,M-1810,item:002612,5.042521,5.042521,61,238,1.0,KG
177,SDC-VD0514881A,M-1810,item:016332,5.79768,5.79768,48,225,1.0,KG
177,SDC-VD0519670A,M-1810,item:029313,0.48314,0.48314,30,207,1.0,KG
177,SDC-VD1096202A,M-1810,item:039668,0.48314,0.48314,58,235,1.0,KG
177,SDC-VD0520132A,M-1810,item:049371,17.87618,17.87618,101,278,1.0,KG
177,SDC-VD0914320A,M-1810,item:055703,0.676396,0.676396,42,219,1.0,KG
177,SDC-VD0964290A,M-1810,item:055703,0.289884,0.289884,29,206,1.0,KG
177,SDC-VD0505677A,M-1810,item:099439,24.157,24.157,40,217,1.0,KG
177,SDC-VD0901566A,M-1810,item:338928,10000.0,10000.0,73,250,1.0,UN
177,SDC-VD0914360C,M-1810,item:338929,11900.0,11900.0,19,196,1.0,UN
177,SDC-VD0989480A,M-1810,item:426331,130.9,130.9,43,220,1.0,UN
177,SDC-1450,M-1810,item:693055,4831.4,4831.4,50,227,1.0,G
177,M-1430,DC-1920,item:268967,988.928564,988.928564,4,181,1.0,UN
177,M-1810,DC-1920,item:268091,11900.0,11900.0,1,178,1.0,UN
177,DC-1920,C-XXXXX,item:268967,7540.000001,7540.000001,4,181,1.0,UN
177,DC-1920,C-XXXXX,item:268091,10879.891769,10879.891769,2,179,1.0,UN
177,SDC-VD0949099A,SDC-1450,item:021081,266.552084,280.581141,151,328,0.95,KG
177,SDC-VD0960508A,SDC-1450,item:021081,76.157738,76.157738,119,296,1.0,KG
177,SDC-VD0972460A,SDC-1450,item:021081,19.039435,19.039435,78,255,1.0,KG
177,SDC-VD0975221A,SDC-1450,item:021081,19.039435,19.039435,127,304,1.0,KG
177,SDC-1450,M-1810,item:007923,38651.2,38651.2,1,178,1.0,G
178,SDC-VD0520132A,M-1430,item:038005,17.688417,17.688417,66,244,1.0,KG
178,SDC-VD0914690A,M-1430,item:042342,60994.55553,60994.55553,18,196,1.0,UN
178,SDC-VD0525412A,M-1430,item:333362,1010.814284,1010.814284,43,221,1.0,UN
178,SDC-VD0993480A,M-1430,item:344135,1010.814284,1010.814284,32,210,1.0,UN
178,SDC-VD0520115A,M-1430,item:708073,8.015757,8.015757,25,203,1.0,KG
178,SDC-VD0508918A,M-1430,item:730384,214.292628,214.292628,70,248,1.0,M
178,SDC-VD1095770A,M-1430,item:734545,8.086514,8.086514,22,200,1.0,UN
178,SDC-1450,M-1430,item:773474,9759.126863,9759.126863,7,185,1.0,G
178,SDC-VD0951020A,M-1810,item:001757,19.3256,19.3256,16,194,1.0,KG
178,SDC-VD0519670A,M-1810,item:001848,10.14594,10.14594,19,197,1.0,KG
178,SDC-VD0951020A,M-1810,item:001848,4.34826,4.34826,53,231,1.0,KG
178,SDC-VD0910216A,M-1810,item:001893,49.988071,49.988071,43,221,1.0,KG
178,SDC-VD1091642A,M-1810,item:001893,18.35932,18.35932,27,205,1.0,KG
178,SDC-VD0518684A,M-1810,item:001893,9.17966,9.17966,63,241,1.0,KG
178,SDC-VD1091642A,M-1810,item:001893,14.269549,14.269549,25,203,1.0,KG
178,SDC-VD0910216A,M-1810,item:002612,13.154756,13.154756,37,215,1.0,KG
178,SDC-VD0990780A,M-1810,item:002612,3.758502,3.758502,40,218,1.0,KG
178,SDC-VD1091642A,M-1810,item:002612,1.20785,1.20785,65,243,1.0,KG
178,SDC-VD0500655A,M-1810,item:002612,1.20785,1.20785,20,198,1.0,KG
178,SDC-VD1091642A,M-1810,item:002612,4.828043,4.828043,26,204,1.0,KG
178,SDC-VD0514881A,M-1810,item:016332,5.79768,5.79768,85,263,1.0,KG
178,SDC-VD0519670A,M-1810,item:029313,0.48314,0.48314,65,243,1.0,KG
178,SDC-VD1096202A,M-1810,item:039668,0.48314,0.48314,23,201,1.0,KG
178,SDC-VD0520132A,M-1810,item:049371,17.87618,17.87618,190,368,1.0,KG
178,SDC-VD0914320A,M-1810,item:055703,0.676396,0.676396,24,202,1.0,KG
178,SDC-VD0964290A,M-1810,item:055703,0.289884,0.289884,58,236,1.0,KG
178,SDC-VD0505677A,M-1810,item:099439,24.157,24.157,47,225,1.0,KG
178,SDC-VD0901566A,M-1810,item:338928,10000.0,10000.0,102,280,1.0,UN
178,SDC-VD0914360C,M-1810,item:338929,11900.0,11900.0,84,262,1.0,UN
178,SDC-VD0989480A,M-1810,item:426331,130.9,130.9,44,222,1.0,UN
178,SDC-1450,M-1810,item:693055,4831.4,4831.4,96,274,1.0,G
178,M-1430,DC-1920,item:268967,1105.128578,1105.128578,2,180,1.0,UN
178,M-1810,DC-1920,item:268091,11900.0,11900.0,3,181,1.0,UN
178,DC-1920,C-XXXXX,item:268967,5200.0,5200.0,3,181,1.0,UN
178,DC-1920,C-XXXXX,item:268091,11900.0,11900.0,3,181,1.0,UN
178,SDC-VD0949099A,SDC-1450,item:021081,217.114844,228.541942,108,286,0.95,KG
178,SDC-VD0960508A,SDC-1450,item:021081,62.032813,62.032813,83,261,1.0,KG
178,SDC-VD0972460A,SDC-1450,item:021081,15.508203,15.508203,173,351,1.0,KG
178,SDC-VD0975221A,SDC-1450,item:021081,15.508203,15.508203,71,249,1.0,KG
178,SDC-1450,M-1810,item:007923,38651.2,38651.2,2,180,1.0,G
179,SDC-VD0520132A,M-1430,item:038005,17.765013,17.765013,161,340,1.0,KG
179,SDC-VD0914690A,M-1430,item:042342,61258.681149,61258.681149,26,205,1.0,UN
179,SDC-VD0525412A,M-1430,item:333362,1015.191428,1015.191428,77,256,1.0,UN
179,SDC-VD0993480A,M-1430,item:344135,1015.191428,1015.191428,33,212,1.0,UN
179,SDC-VD0520115A,M-1430,item:708073,8.050468,8.050468,39,218,1.0,KG
179,SDC-VD0508918A,M-1430,item:730384,215.220583,215.220583,34,213,1.0,M
179,SDC-VD1095770A,M-1430,item:734545,8.121531,8.121531,33,212,1.0,UN
179,SDC-1450,M-1430,item:773474,9801.386954,9801.386954,9,188,1.0,G
179,SDC-VD0951020A,M-1810,item:001757,19.3256,19.3256,76,255,1.0,KG
179,SDC-VD0519670A,M-1810,item:001848,10.14594,10.14594,23,202,1.0,KG
179,SDC-VD0951020A,M-1810,item:001848,4.34826,4.34826,112,291,1.0,KG
179,SDC-VD0910216A,M-1810,item:001893,49.923427,49.923427,27,206,1.0,KG
179,SDC-VD1091642A,M-1810,item:001893,18.35932,18.35932,58,237,1.0,KG
179,SDC-VD0518684A,M-1810,item:001893,9.17966,9.17966,67,246,1.0,KG
179,SDC-VD1091642A,M-1810,item:001893,14.334193,14.334193,35,214,1.0,KG
179,SDC-VD0910216A,M-1810,item:002612,13.137744,13.137744,26,205,1.0,KG
179,SDC-VD0990780A,M-1810,item:002612,3.753641,3.753641,41,220,1.0,KG
179,SDC-VD1091642A,M-1810,item:002612,1.20785,1.20785,33,212,1.0,KG
179,SDC-VD0500655A,M-1810,item:002612,1.20785,1.20785,21,200,1.0,KG
179,SDC-VD1091642A,M-1810,item:002612,4.849915,4.849915,44,223,1.0,KG
179,SDC-VD0514881A,M-1810,item:016332,5.79768,5.79768,7,186,1.0,KG
179,SDC-VD0519670A,M-1810,item:029313,0.48314,0.48314,66,245,1.0,KG
179,SDC-VD1096202A,M-1810,item:039668,0.48314,0.48314,46,225,1.0,KG
179,SDC-VD0520132A,M-1810,item:049371,17.87618,17.87618,157,336,1.0,KG
179,SDC-VD0914320A,M-1810,item:055703,0.676396,0.676396,11,190,1.0,KG
179,SDC-VD0964290A,M-1810,item:055703,0.289884,0.289884,50,229,1.0,KG
179,SDC-VD0505677A,M-1810,item:099439,24.157,24.157,14,193,1.0,KG
179,SDC-VD0901566A,M-1810,item:338928,10000.0,10000.0,124,303,1.0,UN
179,SDC-VD0914360C,M-1810,item:338929,11900.0,11900.0,32,211,1.0,UN
179,SDC-VD0989480A,M-1810,item:426331,130.9,130.9,11,190,1.0,UN
179,SDC-1450,M-1810,item:693055,4831.4,4831.4,41,220,1.0,G
179,M-1430,DC-1920,item:268967,1015.191428,1015.191428,2,181,1.0,UN
179,M-1810,DC-1920,item:268091,11900.0,11900.0,4,183,1.0,UN
179,SDC-VD0949099A,SDC-1450,item:021081,176.018951,185.283106,61,240,0.95,KG
179,SDC-VD0960508A,SDC-1450,item:021081,50.291129,50.291129,77,256,1.0,KG
179,SDC-VD0972460A,SDC-1450,item:021081,12.572782,12.572782,179,358,1.0,KG
179,SDC-VD0975221A,SDC-1450,item:021081,12.572782,12.572782,153,332,1.0,KG
179,SDC-1450,M-1810,item:007923,38651.2,38651.2,2,181,1.0,G
180,SDC-VD0520132A,M-1430,item:038005,17.780333,17.780333,128,308,1.0,KG
180,SDC-VD0914690A,M-1430,item:042342,61311.506273,61311.506273,7,187,1.0,UN
180,SDC-VD0525412A,M-1430,item:333362,1016.066857,1016.066857,120,300,1.0,UN
180,SDC-VD0993480A,M-1430,item:344135,1016.066857,1016.066857,63,243,1.0,UN
180,SDC-VD0520115A,M-1430,item:708073,8.05741,8.05741,28,208,1.0,KG
180,SDC-VD0508918A,M-1430,item:730384,215.406174,215.406174,38,218,1.0,M
180,SDC-VD1095770A,M-1430,item:734545,8.128535,8.128535,11,191,1.0,UN
180,SDC-1450,M-1430,item:773474,9809.838972,9809.838972,13,193,1.0,G
180,SDC-VD0951020A,M-1810,item:001757,19.3256,19.3256,74,254,1.0,KG
180,SDC-VD0519670A,M-1810,item:001848,10.14594,10.14594,17,197,1.0,KG
180,SDC-VD0951020A,M-1810,item:001848,4.34826,4.34826,50,230,1.0,KG
180,SDC-VD0910216A,M-1810,item:001893,49.910498,49.910498,14,194,1.0,KG
180,SDC-VD1091642A,M-1810,item:001893,18.35932,18.35932,26,206,1.0,KG
180,SDC-VD0518684A,M-1810,item:001893,9.17966,9.17966,82,262,1.0,KG
180,SDC-VD1091642A,M-1810,item:001893,14.347122,14.347122,30,210,1.0,KG
180,SDC-VD0910216A,M-1810,item:002612,13.134342,13.134342,13,193,1.0,KG
180,SDC-VD0990780A,M-1810,item:002612,3.752669,3.752669,10,190,1.0,KG
180,SDC-VD1091642A,M-1810,item:002612,1.20785,1.20785,24,204,1.0,KG
180,SDC-VD0500655A,M-1810,item:002612,1.20785,1.20785,35,215,1.0,KG
180,SDC-VD1091642A,M-1810,item:002612,4.854289,4.854289,32,212,1.0,KG
180,SDC-VD0514881A,M-1810,item:016332,5.79768,5.79768,19,199,1.0,KG
180,SDC-VD0519670A,M-1810,item:029313,0.48314,0.48314,51,231,1.0,KG
180,SDC-VD1096202A,M-1810,item:039668,0.48314,0.48314,23,203,1.0,KG
180,SDC-VD0520132A,M-1810,item:049371,17.87618,17.87618,166,346,1.0,KG
180,SDC-VD0914320A,M-1810,item:055703,0.676396,0.676396,24,204,1.0,KG
180,SDC-VD0964290A,M-1810,item:055703,0.289884,0.289884,24,204,1.0,KG
180,SDC-VD0505677A,M-1810,item:099439,24.157,24.157,58,238,1.0,KG
180,SDC-VD0901566A,M-1810,item:338928,10000.0,10000.0,140,320,1.0,UN
180,SDC-VD0914360C,M-1810,item:338929,11900.0,11900.0,37,217,1.0,UN
180,SDC-VD0989480A,M-1810,item:426331,130.9,130.9,13,193,1.0,UN
180,SDC-1450,M-1810,item:693055,4831.4,4831.4,82,262,1.0,G
180,M-1430,DC-1920,item:268967,1016.066857,1016.066857,2,182,1.0,UN
180,M-1810,DC-1920,item:268091,11900.0,11900.0,3,183,1.0,UN
180,DC-1920,C-XXXXX,item:268967,1105.128578,1105.128578,2,182,1.0,UN
180,SDC-VD0949099A,SDC-1450,item:021081,144.863398,152.487787,69,249,0.95,KG
180,SDC-VD0960508A,SDC-1450,item:021081,41.389542,41.389542,187,367,1.0,KG
180,SDC-VD0972460A,SDC-1450,item:021081,10.347386,10.347386,161,341,1.0,KG
180,SDC-VD0975221A,SDC-1450,item:021081,10.347386,10.347386,181,361,1.0,KG
180,SDC-1450,M-1810,item:007923,38651.2,38651.2,2,182,1.0,G
181,SDC-VD0520132A,M-1430,item:038005,17.783397,17.783397,156,337,1.0,KG
181,SDC-VD0914690A,M-1430,item:042342,61322.071298,61322.071298,35,216,1.0,UN
181,SDC-VD0525412A,M-1430,item:333362,1016.241943,1016.241943,20,201,1.0,UN
181,SDC-VD0993480A,M-1430,item:344135,1016.241943,1016.241943,42,223,1.0,UN
181,SDC-VD0520115A,M-1430,item:708073,8.058799,8.058799,22,203,1.0,KG
181,SDC-VD0508918A,M-1430,item:730384,215.443292,215.443292,23,204,1.0,M
181,SDC-VD1095770A,M-1430,item:734545,8.129936,8.129936,30,211,1.0,UN
181,SDC-1450,M-1430,item:773474,9811.529375,9811.529375,13,194,1.0,G
181,SDC-VD0951020A,M-1810,item:001757,19.3256,19.3256,133,314,1.0,KG
181,SDC-VD0519670A,M-1810,item:001848,10.14594,10.14594,29,210,1.0,KG
181,SDC-VD0951020A,M-1810,item:001848,4.34826,4.34826,55,236,1.0,KG
181,SDC-VD0910216A,M-1810,item:001893,49.907912,49.907912,34,215,1.0,KG
181,SDC-VD1091642A,M-1810,item:001893,18.35932,18.35932,34,215,1.0,KG
181,SDC-VD0518684A,M-1810,item:001893,9.17966,9.17966,30,211,1.0,KG
181,SDC-VD1091642A,M-1810,item:001893,14.349708,14.349708,29,210,1.0,KG
181,SDC-VD0910216A,M-1810,item:002612,13.133661,13.133661,23,204,1.0,KG
181,SDC-VD0990780A,M-1810,item:002612,3.752475,3.752475,31,212,1.0,KG
181,SDC-VD1091642A,M-1810,item:002612,1.20785,1.20785,27,208,1.0,KG
181,SDC-VD0500655A,M-1810,item:002612,1.20785,1.20785,30,211,1.0,KG
181,SDC-VD1091642A,M-1810,item:002612,4.855164,4.855164,43,224,1.0,KG
181,SDC-VD0514881A,M-1810,item:016332,5.79768,5.79768,59,240,1.0,KG
181,SDC-VD0519670A,M-1810,item:029313,0.48314,0.48314,56,237,1.0,KG
181,SDC-VD1096202A,M-1810,item:039668,0.48314,0.48314,51,232,1.0,KG
181,SDC-VD0520132A,M-1810,item:049371,17.87618,17.87618,247,428,1.0,KG
181,SDC-VD0914320A,M-1810,item:055703,0.676396,0.676396,39,220,1.0,KG
181,SDC-VD0964290A,M-1810,item:055703,0.289884,0.289884,34,215,1.0,KG
181,SDC-VD0505677A,M-1810,item:099439,24.157,24.157,44,225,1.0,KG
181,SDC-VD0901566A,M-1810,item:338928,10000.0,10000.0,100,281,1.0,UN
181,SDC-VD0914360C,M-1810,item:338929,11900.0,11900.0,18,199,1.0,UN
181,SDC-VD0989480A,M-1810,item:426331,130.9,130.9,37,218,1.0,UN
181,SDC-1450,M-1810,item:693055,4831.4,4831.4,44,225,1.0,G
181,M-1430,DC-1920,item:268967,1016.241943,1016.241943,2,183,1.0,UN
181,M-1810,DC-1920,item:268091,11900.0,11900.0,3,184,1.0,UN
181,DC-1920,C-XXXXX,item:268967,6215.191428,6215.191428,2,183,1.0,UN
181,DC-1920,C-XXXXX,item:268091,23800.0,23800.0,3,184,1.0,UN
181,SDC-VD0949099A,SDC-1450,item:021081,121.937602,128.355371,73,254,0.95,KG
181,SDC-VD0960508A,SDC-1450,item:021081,34.839315,34.839315,129,310,1.0,KG
181,SDC-VD0972460A,SDC-1450,item:021081,8.709829,8.709829,136,317,1.0,KG
181,SDC-VD0975221A,SDC-1450,item:021081,8.709829,8.709829,80,261,1.0,KG
181,SDC-1450,M-1810,item:007923,38651.2,38651.2,1,182,1.0,G
182,SDC-VD0520132A,M-1430,item:038005,10.55035,10.55035,85,267,1.0,KG
182,SDC-VD0914690A,M-1430,item:042342,36380.525595,36380.525595,42,224,1.0,UN
182,SDC-VD0525412A,M-1430,item:333362,602.905532,602.905532,63,245,1.0,UN
182,SDC-VD0993480A,M-1430,item:344135,602.905532,602.905532,20,202,1.0,UN
182,SDC-VD0520115A,M-1430,item:708073,4.781041,4.781041,40,222,1.0,KG
182,SDC-VD0508918A,M-1430,item:730384,127.815973,127.815973,88,270,1.0,M
182,SDC-VD1095770A,M-1430,item:734545,4.823244,4.823244,17,199,1.0,UN
182,SDC-1450,M-1430,item:773474,5820.882889,5820.882889,10,192,1.0,G
182,SDC-VD0951020A,M-1810,item:001757,15.871898,15.871898,101,283,1.0,KG
182,SDC-VD0519670A,M-1810,item:001848,8.332747,8.332747,23,205,1.0,KG
182,SDC-VD0951020A,M-1810,item:001848,3.571177,3.571177,54,236,1.0,KG
182,SDC-VD0910216A,M-1810,item:001893,49.907395,49.907395,11,193,1.0,KG
182,SDC-VD1091642A,M-1810,item:001893,15.078303,15.078303,23,205,1.0,KG
182,SDC-VD0518684A,M-1810,item:001893,7.539152,7.539152,51,233,1.0,KG
182,SDC-VD1091642A,M-1810,item:001893,2.866667,2.866667,52,234,1.0,KG
182,SDC-VD0910216A,M-1810,item:002612,13.133525,13.133525,19,201,1.0,KG
182,SDC-VD0990780A,M-1810,item:002612,3.752436,3.752436,27,209,1.0,KG
182,SDC-VD1091642A,M-1810,item:002612,0.991994,0.991994,26,208,1.0,KG
182,SDC-VD0500655A,M-1810,item:002612,0.991994,0.991994,19,201,1.0,KG
182,SDC-VD1091642A,M-1810,item:002612,0.969925,0.969925,32,214,1.0,KG
182,SDC-VD0514881A,M-1810,item:016332,4.761569,4.761569,44,226,1.0,KG
182,SDC-VD0519670A,M-1810,item:029313,0.396797,0.396797,28,210,1.0,KG
182,SDC-VD1096202A,M-1810,item:039668,0.396797,0.396797,11,193,1.0,KG
182,SDC-VD0520132A,M-1810,item:049371,14.681506,14.681506,154,336,1.0,KG
182,SDC-VD0914320A,M-1810,item:055703,0.555516,0.555516,42,224,1.0,KG
182,SDC-VD0964290A,M-1810,item:055703,0.238078,0.238078,57,239,1.0,KG
182,SDC-VD0505677A,M-1810,item:099439,19.839873,19.839873,44,226,1.0,KG
182,SDC-VD0901566A,M-1810,item:338928,10000.0,10000.0,66,248,1.0,UN
182,SDC-VD0914360C,M-1810,item:338929,9773.336375,9773.336375,48,230,1.0,UN
182,SDC-VD0989480A,M-1810,item:426331,107.5067,107.5067,44,226,1.0,UN
182,SDC-1450,M-1810,item:693055,3967.974568,3967.974568,83,265,1.0,G
182,M-1430,DC-1920,item:268967,602.905532,602.905532,4,186,1.0,UN
182,M-1810,DC-1920,item:268091,9773.336375,9773.336375,3,185,1.0,UN
182,DC-1920,C-XXXXX,item:268967,1016.066857,1016.066857,2,184,1.0,UN
182,DC-1920,C-XXXXX,item:268091,11900.0,11900.0,3,185,1.0,UN
182,SDC-VD0949099A,SDC-1450,item:021081,105.245033,110.784245,88,270,0.95,KG
182,SDC-VD0960508A,SDC-1450,item:021081,30.070009,30.070009,84,266,1.0,KG
182,SDC-VD0972460A,SDC-1450,item:021081,7.517502,7.517502,109,291,1.0,KG
182,SDC-VD0975221A,SDC-1450,item:021081,7.517502,7.517502,114,296,1.0,KG
182,SDC-1450,M-1810,item:007923,31743.796545,31743.796545,2,184,1.0,G
183,SDC-VD0520132A,M-1430,item:038005,9.103741,9.103741,227,410,1.0,KG
183,SDC-VD0914690A,M-1430,item:042342,31392.216454,31392.216454,10,193,1.0,UN
183,SDC-VD0525412A,M-1430,item:333362,520.23825,520.23825,26,209,1.0,UN
183,SDC-VD0993480A,M-1430,item:344135,520.23825,520.23825,18,201,1.0,UN
183,SDC-VD0520115A,M-1430,item:708073,4.125489,4.125489,12,195,1.0,KG
183,SDC-VD0508918A,M-1430,item:730384,110.290509,110.290509,42,225,1.0,M
183,SDC-VD1095770A,M-1430,item:734545,4.161906,4.161906,25,208,1.0,UN
183,SDC-1450,M-1430,item:773474,5022.753592,5022.753592,12,195,1.0,G
183,SDC-VD0951020A,M-1810,item:001757,14.689932,14.689932,74,257,1.0,KG
183,SDC-VD0519670A,M-1810,item:001848,6.870473,6.870473,39,222,1.0,KG
183,SDC-VD0951020A,M-1810,item:001848,3.305235,3.305235,46,229,1.0,KG
183,SDC-VD0951020A,M-1810,item:001848,0.841741,0.841741,77,260,1.0,KG
183,SDC-VD0910216A,M-1810,item:001893,40.033989,40.033989,47,230,1.0,KG
183,SDC-VD1091642A,M-1810,item:001893,13.955435,13.955435,14,197,1.0,KG
183,SDC-VD0518684A,M-1810,item:001893,6.977718,6.977718,61,244,1.0,KG
183,SDC-VD1091642A,M-1810,item:001893,8.810034,8.810034,53,236,1.0,KG
183,SDC-VD0910216A,M-1810,item:002612,7.119945,7.119945,23,206,1.0,KG
183,SDC-VD0990780A,M-1810,item:002612,3.672483,3.672483,52,235,1.0,KG
183,SDC-VD1091642A,M-1810,item:002612,0.918121,0.918121,28,211,1.0,KG
183,SDC-VD0500655A,M-1810,item:002612,0.918121,0.918121,17,200,1.0,KG
183,SDC-VD0990780A,M-1810,item:002612,2.752907,2.752907,70,253,1.0,KG
183,SDC-VD1091642A,M-1810,item:002612,2.980839,2.980839,62,245,1.0,KG
183,SDC-VD0514881A,M-1810,item:016332,4.406979,4.406979,66,249,1.0,KG
183,SDC-VD0519670A,M-1810,item:029313,0.367248,0.367248,53,236,1.0,KG
183,SDC-VD1096202A,M-1810,item:039668,0.367248,0.367248,38,221,1.0,KG
183,SDC-VD0520132A,M-1810,item:049371,13.588187,13.588187,136,319,1.0,KG
183,SDC-VD0914320A,M-1810,item:055703,0.514148,0.514148,5,188,1.0,KG
183,SDC-VD0964290A,M-1810,item:055703,0.220349,0.220349,28,211,1.0,KG
183,SDC-VD0505677A,M-1810,item:099439,18.362415,18.362415,60,243,1.0,KG
183,SDC-VD0901566A,M-1810,item:338928,10000.0,10000.0,109,292,1.0,UN
183,SDC-VD0914360C,M-1810,item:338929,9045.524418,9045.524418,78,261,1.0,UN
183,SDC-VD0989480A,M-1810,item:426331,99.500769,99.500769,48,231,1.0,UN
183,SDC-1450,M-1810,item:693055,3672.482914,3672.482914,52,235,1.0,G
183,M-1430,DC-1920,item:268967,520.23825,520.23825,2,185,1.0,UN
183,M-1810,DC-1920,item:268091,9045.524418,9045.524418,2,185,1.0,UN
183,DC-1920,C-XXXXX,item:268967,1016.241943,1016.241943,2,185,1.0,UN
183,DC-1920,C-XXXXX,item:268091,23800.0,23800.0,2,185,1.0,UN
183,SDC-VD0949099A,SDC-1450,item:021081,88.142929,92.782031,140,323,0.95,KG
183,SDC-VD0960508A,SDC-1450,item:021081,25.183694,25.183694,92,275,1.0,KG
183,SDC-VD0972460A,SDC-1450,item:021081,6.295924,6.295924,133,316,1.0,KG
183,SDC-VD0975221A,SDC-1450,item:021081,6.295924,6.295924,111,294,1.0,KG
183,SDC-1450,M-1810,item:007923,29379.86331,29379.86331,2,185,1.0,G
184,SDC-VD0520132A,M-1430,item:038005,8.814419,8.814419,97,281,1.0,KG
184,SDC-VD0914690A,M-1430,item:042342,30394.554626,30394.554626,33,217,1.0,UN
184,SDC-VD0525412A,M-1430,item:333362,503.704793,503.704793,40,224,1.0,UN
184,SDC-VD0993480A,M-1430,item:344135,503.704793,503.704793,47,231,1.0,UN
184,SDC-VD0520115A,M-1430,item:708073,3.994379,3.994379,24,208,1.0,KG
184,SDC-VD0508918A,M-1430,item:730384,106.785416,106.785416,86,270,1.0,M
184,SDC-VD1095770A,M-1430,item:734545,4.029638,4.029638,27,211,1.0,UN
184,SDC-1450,M-1430,item:773474,4863.127733,4863.127733,6,190,1.0,G
184,SDC-VD0951020A,M-1810,item:001757,14.453538,14.453538,50,234,1.0,KG
184,SDC-VD0519670A,M-1810,item:001848,5.947006,5.947006,25,209,1.0,KG
184,SDC-VD0951020A,M-1810,item:001848,3.252046,3.252046,9,193,1.0,KG
184,SDC-VD0951020A,M-1810,item:001848,1.641102,1.641102,39,223,1.0,KG
184,SDC-VD0910216A,M-1810,item:001893,38.059308,38.059308,43,227,1.0,KG
184,SDC-VD1091642A,M-1810,item:001893,13.730861,13.730861,43,227,1.0,KG
184,SDC-VD0518684A,M-1810,item:001893,6.865431,6.865431,58,242,1.0,KG
184,SDC-VD1091642A,M-1810,item:001893,9.998707,9.998707,27,211,1.0,KG
184,SDC-VD0910216A,M-1810,item:002612,6.565393,6.565393,70,254,1.0,KG
184,SDC-VD0990780A,M-1810,item:002612,3.613385,3.613385,53,237,1.0,KG
184,SDC-VD1091642A,M-1810,item:002612,0.903346,0.903346,40,224,1.0,KG
184,SDC-VD0500655A,M-1810,item:002612,0.903346,0.903346,28,212,1.0,KG
184,SDC-VD0990780A,M-1810,item:002612,2.698432,2.698432,16,200,1.0,KG
184,SDC-VD1091642A,M-1810,item:002612,3.383021,3.383021,27,211,1.0,KG
184,SDC-VD0514881A,M-1810,item:016332,4.336061,4.336061,16,200,1.0,KG
184,SDC-VD0519670A,M-1810,item:029313,0.361338,0.361338,75,259,1.0,KG
184,SDC-VD1096202A,M-1810,item:039668,0.361338,0.361338,70,254,1.0,KG
184,SDC-VD0520132A,M-1810,item:049371,13.369523,13.369523,120,304,1.0,KG
184,SDC-VD0914320A,M-1810,item:055703,0.505874,0.505874,42,226,1.0,KG
184,SDC-VD0964290A,M-1810,item:055703,0.216803,0.216803,43,227,1.0,KG
184,SDC-VD0505677A,M-1810,item:099439,18.066923,18.066923,16,200,1.0,KG
184,SDC-VD0901566A,M-1810,item:338928,10000.0,10000.0,47,231,1.0,UN
184,SDC-VD0914360C,M-1810,item:338929,8899.962027,8899.962027,48,232,1.0,UN
184,SDC-VD0989480A,M-1810,item:426331,97.899582,97.899582,19,203,1.0,UN
184,SDC-1450,M-1810,item:693055,3613.384583,3613.384583,80,264,1.0,G
184,M-1430,DC-1920,item:268967,503.704793,503.704793,2,186,1.0,UN
184,M-1810,DC-1920,item:268091,8899.962027,8899.962027,3,187,1.0,UN
184,DC-1920,C-XXXXX,item:268091,11900.0,11900.0,3,187,1.0,UN
184,SDC-VD0949099A,SDC-1450,item:021081,73.380401,77.242528,89,273,0.95,KG
184,SDC-VD0960508A,SDC-1450,item:021081,20.965829,20.965829,136,320,1.0,KG
184,SDC-VD0972460A,SDC-1450,item:021081,5.241457,5.241457,180,364,1.0,KG
184,SDC-VD0975221A,SDC-1450,item:021081,5.241457,5.241457,150,334,1.0,KG
184,SDC-1450,M-1810,item:007923,28907.076663,28907.076663,1,185,1.0,G
185,SDC-VD0520132A,M-1430,item:038005,8.756554,8.756554,243,428,1.0,KG
185,SDC-VD0914690A,M-1430,item:042342,30195.02226,30195.02226,18,203,1.0,UN
185,SDC-VD0525412A,M-1430,item:333362,500.398102,500.398102,88,273,1.0,UN
185,SDC-VD0993480A,M-1430,item:344135,500.398102,500.398102,40,225,1.0,UN
185,SDC-VD0520115A,M-1430,item:708073,3.968157,3.968157,17,202,1.0,KG
185,SDC-VD0508918A,M-1430,item:730384,106.084398,106.084398,43,228,1.0,M
185,SDC-VD1095770A,M-1430,item:734545,4.003185,4.003185,30,215,1.0,UN
185,SDC-1450,M-1430,item:773474,4831.202561,4831.202561,4,189,1.0,G
185,SDC-VD0951020A,M-1810,item:001757,14.40626,14.40626,117,302,1.0,KG
185,SDC-VD0519670A,M-1810,item:001848,5.934534,5.934534,19,204,1.0,KG
185,SDC-VD0951020A,M-1810,item:001848,3.241408,3.241408,42,227,1.0,KG
185,SDC-VD0951020A,M-1810,item:001848,1.628752,1.628752,35,220,1.0,KG
185,SDC-VD0910216A,M-1810,item:001893,37.664371,37.664371,22,207,1.0,KG
185,SDC-VD1091642A,M-1810,item:001893,13.685947,13.685947,41,226,1.0,KG
185,SDC-VD0518684A,M-1810,item:001893,6.842973,6.842973,101,286,1.0,KG
185,SDC-VD1091642A,M-1810,item:001893,10.236442,10.236442,56,241,1.0,KG
185,SDC-VD0910216A,M-1810,item:002612,7.113844,7.113844,16,201,1.0,KG
185,SDC-VD0990780A,M-1810,item:002612,3.601565,3.601565,34,219,1.0,KG
185,SDC-VD1091642A,M-1810,item:002612,0.900391,0.900391,15,200,1.0,KG
185,SDC-VD0500655A,M-1810,item:002612,0.900391,0.900391,35,220,1.0,KG
185,SDC-VD0990780A,M-1810,item:002612,2.028175,2.028175,45,230,1.0,KG
185,SDC-VD1091642A,M-1810,item:002612,3.463458,3.463458,22,207,1.0,KG
185,SDC-VD0514881A,M-1810,item:016332,4.321878,4.321878,26,211,1.0,KG
185,SDC-VD0519670A,M-1810,item:029313,0.360156,0.360156,79,264,1.0,KG
185,SDC-VD1096202A,M-1810,item:039668,0.360156,0.360156,7,192,1.0,KG
185,SDC-VD0520132A,M-1810,item:049371,13.32579,13.32579,128,313,1.0,KG
185,SDC-VD0914320A,M-1810,item:055703,0.504219,0.504219,17,202,1.0,KG
185,SDC-VD0964290A,M-1810,item:055703,0.216094,0.216094,33,218,1.0,KG
185,SDC-VD0505677A,M-1810,item:099439,18.007825,18.007825,51,236,1.0,KG
185,SDC-VD0901566A,M-1810,item:338928,10000.0,10000.0,110,295,1.0,UN
185,SDC-VD0914360C,M-1810,item:338929,8870.849549,8870.849549,36,221,1.0,UN
185,SDC-VD0989480A,M-1810,item:426331,97.579345,97.579345,27,212,1.0,UN
185,SDC-1450,M-1810,item:693055,3601.564917,3601.564917,92,277,1.0,G
185,M-1430,DC-1920,item:268967,500.398102,500.398102,2,187,1.0,UN
185,M-1810,DC-1920,item:268091,8870.849549,8870.849549,2,187,1.0,UN
185,DC-1920,C-XXXXX,item:268967,520.23825,520.23825,1,186,1.0,UN
185,DC-1920,C-XXXXX,item:268091,18818.860793,18818.860793,1,186,1.0,UN
185,SDC-VD0949099A,SDC-1450,item:021081,61.838506,65.093164,118,303,0.95,KG
185,SDC-VD0960508A,SDC-1450,item:021081,17.668145,17.668145,200,385,1.0,KG
185,SDC-VD0972460A,SDC-1450,item:021081,4.417036,4.417036,34,219,1.0,KG
185,SDC-VD0975221A,SDC-1450,item:021081,4.417036,4.417036,97,282,1.0,KG
185,SDC-1450,M-1810,item:007923,28812.519334,28812.519334,2,187,1.0,G
186,SDC-VD0520132A,M-1430,item:038005,8.744982,8.744982,48,234,1.0,KG
186,SDC-VD0914690A,M-1430,item:042342,30155.115787,30155.115787,7,193,1.0,UN
186,SDC-VD0525412A,M-1430,item:333362,499.736764,499.736764,58,244,1.0,UN
186,SDC-VD0993480A,M-1430,item:344135,499.736764,499.736764,31,217,1.0,UN
186,SDC-VD0520115A,M-1430,item:708073,3.962913,3.962913,56,242,1.0,KG
186,SDC-VD0508918A,M-1430,item:730384,105.944194,105.944194,62,248,1.0,M
186,SDC-VD1095770A,M-1430,item:734545,3.997894,3.997894,12,198,1.0,UN
186,SDC-1450,M-1430,item:773474,4824.817526,4824.817526,7,193,1.0,G
186,SDC-VD0951020A,M-1810,item:001757,14.396804,14.396804,36,222,1.0,KG
186,SDC-VD0519670A,M-1810,item:001848,5.93204,5.93204,21,207,1.0,KG
186,SDC-VD0951020A,M-1810,item:001848,3.239281,3.239281,92,278,1.0,KG
186,SDC-VD0951020A,M-1810,item:001848,1.626282,1.626282,43,229,1.0,KG
186,SDC-VD0910216A,M-1810,item:001893,37.585384,37.585384,25,211,1.0,KG
186,SDC-VD1091642A,M-1810,item:001893,13.676964,13.676964,23,209,1.0,KG
186,SDC-VD0518684A,M-1810,item:001893,6.838482,6.838482,72,258,1.0,KG
186,SDC-VD1091642A,M-1810,item:001893,10.283989,10.283989,35,221,1.0,KG
186,SDC-VD0910216A,M-1810,item:002612,5.819699,5.819699,31,217,1.0,KG
186,SDC-VD0990780A,M-1810,item:002612,3.599201,3.599201,24,210,1.0,KG
186,SDC-VD1091642A,M-1810,item:002612,0.8998,0.8998,61,247,1.0,KG
186,SDC-VD0500655A,M-1810,item:002612,0.8998,0.8998,22,208,1.0,KG
186,SDC-VD0990780A,M-1810,item:002612,3.297959,3.297959,31,217,1.0,KG
186,SDC-VD1091642A,M-1810,item:002612,3.479545,3.479545,32,218,1.0,KG
186,SDC-VD0514881A,M-1810,item:016332,4.319041,4.319041,49,235,1.0,KG
186,SDC-VD0519670A,M-1810,item:029313,0.35992,0.35992,96,282,1.0,KG
186,SDC-VD1096202A,M-1810,item:039668,0.35992,0.35992,59,245,1.0,KG
186,SDC-VD0520132A,M-1810,item:049371,13.317044,13.317044,74,260,1.0,KG
186,SDC-VD0914320A,M-1810,item:055703,0.503888,0.503888,25,211,1.0,KG
186,SDC-VD0964290A,M-1810,item:055703,0.215952,0.215952,44,230,1.0,KG
186,SDC-VD0505677A,M-1810,item:099439,17.996005,17.996005,63,249,1.0,KG
186,SDC-VD0901566A,M-1810,item:338928,10000.0,10000.0,58,244,1.0,UN
186,SDC-VD0914360C,M-1810,item:338929,8865.027053,8865.027053,47,233,1.0,UN
186,SDC-VD0989480A,M-1810,item:426331,97.515298,97.515298,38,224,1.0,UN
186,SDC-1450,M-1810,item:693055,3599.200983,3599.200983,78,264,1.0,G
186,M-1430,DC-1920,item:268967,499.736764,499.736764,2,188,1.0,UN
186,M-1810,DC-1920,item:268091,8865.027053,8865.027053,2,188,1.0,UN
186,DC-1920,C-XXXXX,item:268967,1106.610325,1106.610325,1,187,1.0,UN
186,SDC-VD0949099A,SDC-1450,item:021081,53.209159,56.009641,172,358,0.95,KG
186,SDC-VD0960508A,SDC-1450,item:021081,15.202617,15.202617,160,346,1.0,KG
186,SDC-VD0972460A,SDC-1450,item:021081,3.800654,3.800654,42,228,1.0,KG
186,SDC-VD0975221A,SDC-1450,item:021081,3.800654,3.800654,73,259,1.0,KG
186,SDC-1450,M-1810,item:007923,28793.607868,28793.607868,1,187,1.0,G
187,SDC-VD0520132A,M-1430,item:038005,8.742667,8.742667,149,336,1.0,KG
187,SDC-VD0914690A,M-1430,item:042342,30147.134492,30147.134492,10,197,1.0,UN
187,SDC-VD0525412A,M-1430,item:333362,499.604496,499.604496,24,211,1.0,UN
187,SDC-VD0993480A,M-1430,item:344135,499.604496,499.604496,48,235,1.0,UN
187,SDC-VD0520115A,M-1430,item:708073,3.961864,3.961864,50,237,1.0,KG
187,SDC-VD0508918A,M-1430,item:730384,105.916153,105.916153,70,257,1.0,M
187,SDC-VD1095770A,M-1430,item:734545,3.996836,3.996836,32,219,1.0,UN
187,SDC-1450,M-1430,item:773474,4823.54052,4823.54052,24,211,1.0,G
187,SDC-VD0951020A,M-1810,item:001757,14.394913,14.394913,100,287,1.0,KG
187,SDC-VD0519670A,M-1810,item:001848,5.931541,5.931541,21,208,1.0,KG
187,SDC-VD0951020A,M-1810,item:001848,3.238855,3.238855,20,207,1.0,KG
187,SDC-VD0951020A,M-1810,item:001848,1.625788,1.625788,112,299,1.0,KG
187,SDC-VD0910216A,M-1810,item:001893,37.569587,37.569587,36,223,1.0,KG
187,SDC-VD1091642A,M-1810,item:001893,13.675167,13.675167,30,217,1.0,KG
187,SDC-VD0518684A,M-1810,item:001893,6.837584,6.837584,19,206,1.0,KG
187,SDC-VD1091642A,M-1810,item:001893,10.293498,10.293498,46,233,1.0,KG
187,SDC-VD0910216A,M-1810,item:002612,6.01905,6.01905,38,225,1.0,KG
187,SDC-VD0990780A,M-1810,item:002612,3.598728,3.598728,58,245,1.0,KG
187,SDC-VD1091642A,M-1810,item:002612,0.899682,0.899682,21,208,1.0,KG
187,SDC-VD0500655A,M-1810,item:002612,0.899682,0.899682,36,223,1.0,KG
187,SDC-VD0990780A,M-1810,item:002612,3.093736,3.093736,14,201,1.0,KG
187,SDC-VD1091642A,M-1810,item:002612,3.482763,3.482763,32,219,1.0,KG
187,SDC-VD0514881A,M-1810,item:016332,4.318474,4.318474,17,204,1.0,KG
187,SDC-VD0519670A,M-1810,item:029313,0.359873,0.359873,50,237,1.0,KG
187,SDC-VD1096202A,M-1810,item:039668,0.359873,0.359873,36,223,1.0,KG
187,SDC-VD0520132A,M-1810,item:049371,13.315294,13.315294,219,406,1.0,KG
187,SDC-VD0914320A,M-1810,item:055703,0.503822,0.503822,19,206,1.0,KG
187,SDC-VD0964290A,M-1810,item:055703,0.215924,0.215924,38,225,1.0,KG
187,SDC-VD0505677A,M-1810,item:099439,17.993641,17.993641,8,195,1.0,KG
187,SDC-VD0901566A,M-1810,item:338928,10000.0,10000.0,37,224,1.0,UN
187,SDC-VD0914360C,M-1810,item:338929,8863.862554,8863.862554,84,271,1.0,UN
187,SDC-VD0989480A,M-1810,item:426331,97.502488,97.502488,16,203,1.0,UN
187,SDC-1450,M-1810,item:693055,3598.728197,3598.728197,66,253,1.0,G
187,M-1430,DC-1920,item:268967,499.604496,499.604496,2,189,1.0,UN
187,M-1810,DC-1920,item:268091,8863.862554,8863.862554,3,190,1.0,UN
187,DC-1920,C-XXXXX,item:268967,500.398102,500.398102,3,190,1.0,UN
187,DC-1920,C-XXXXX,item:268091,17770.811575,17770.811575,2,189,1.0,UN
187,SDC-VD0949099A,SDC-1450,item:021081,46.880199,49.347578,109,296,0.95,KG
187,SDC-VD0960508A,SDC-1450,item:021081,13.394343,13.394343,144,331,1.0,KG
187,SDC-VD0972460A,SDC-1450,item:021081,3.348586,3.348586,112,299,1.0,KG
187,SDC-VD0975221A,SDC-1450,item:021081,3.348586,3.348586,129,316,1.0,KG
187,SDC-1450,M-1810,item:007923,28789.825575,28789.825575,2,189,1.0,G
188,SDC-VD0520132A,M-1430,item:038005,8.742204,8.742204,77,265,1.0,KG
188,SDC-VD0914690A,M-1430,item:042342,30145.538233,30145.538233,11,199,1.0,UN
188,SDC-VD0525412A,M-1430,item:333362,499.578042,499.578042,86,274,1.0,UN
188,SDC-VD0993480A,M-1430,item:344135,499.578042,499.578042,54,242,1.0,UN
188,SDC-VD0520115A,M-1430,item:708073,3.961654,3.961654,17,205,1.0,KG
188,SDC-VD0508918A,M-1430,item:730384,105.910545,105.910545,71,259,1.0,M
188,SDC-VD1095770A,M-1430,item:734545,3.996624,3.996624,6,194,1.0,UN
188,SDC-1450,M-1430,item:773474,4823.285118,4823.285118,15,203,1.0,G
188,SDC-VD0951020A,M-1810,item:001757,14.394535,14.394535,114,302,1.0,KG
188,SDC-VD0519670A,M-1810,item:001848,5.931441,5.931441,19,207,1.0,KG
188,SDC-VD0951020A,M-1810,item:001848,3.23877,3.23877,54,242,1.0,KG
188,SDC-VD0951020A,M-1810,item:001848,1.625689,1.625689,105,293,1.0,KG
188,SDC-VD0910216A,M-1810,item:001893,37.566427,37.566427,15,203,1.0,KG
188,SDC-VD1091642A,M-1810,item:001893,13.674808,13.674808,25,213,1.0,KG
188,SDC-VD0518684A,M-1810,item:001893,6.837404,6.837404,32,220,1.0,KG
188,SDC-VD1091642A,M-1810,item:001893,10.2954,10.2954,29,217,1.0,KG
188,SDC-VD0910216A,M-1810,item:002612,6.05892,6.05892,29,217,1.0,KG
188,SDC-VD0990780A,M-1810,item:002612,3.598634,3.598634,46,234,1.0,KG
188,SDC-VD1091642A,M-1810,item:002612,0.899658,0.899658,66,254,1.0,KG
188,SDC-VD0500655A,M-1810,item:002612,0.899658,0.899658,12,200,1.0,KG
188,SDC-VD0990780A,M-1810,item:002612,3.052891,3.052891,24,212,1.0,KG
188,SDC-VD1091642A,M-1810,item:002612,3.483406,3.483406,32,220,1.0,KG
188,SDC-VD0514881A,M-1810,item:016332,4.31836,4.31836,51,239,1.0,KG
188,SDC-VD0519670A,M-1810,item:029313,0.359863,0.359863,49,237,1.0,KG
188,SDC-VD1096202A,M-1810,item:039668,0.359863,0.359863,16,204,1.0,KG
188,SDC-VD0520132A,M-1810,item:049371,13.314944,13.314944,143,331,1.0,KG
188,SDC-VD0914320A,M-1810,item:055703,0.503809,0.503809,14,202,1.0,KG
188,SDC-VD0964290A,M-1810,item:055703,0.215918,0.215918,46,234,1.0,KG
188,SDC-VD0505677A,M-1810,item:099439,17.993168,17.993168,33,221,1.0,KG
188,SDC-VD0901566A,M-1810,item:338928,10000.0,10000.0,97,285,1.0,UN
188,SDC-VD0914360C,M-1810,item:338929,8863.629654,8863.629654,31,219,1.0,UN
188,SDC-VD0989480A,M-1810,item:426331,97.499926,97.499926,10,198,1.0,UN
188,SDC-1450,M-1810,item:693055,3598.63364,3598.63364,30,218,1.0,G
188,M-1430,DC-1920,item:268967,499.578042,499.578042,4,192,1.0,UN
188,M-1810,DC-1920,item:268091,8863.629654,8863.629654,2,190,1.0,UN
188,DC-1920,C-XXXXX,item:268967,499.736764,499.736764,2,190,1.0,UN
188,DC-1920,C-XXXXX,item:268091,8865.027053,8865.027053,2,190,1.0,UN
188,SDC-VD0949099A,SDC-1450,item:021081,42.275511,44.500538,116,304,0.95,KG
188,SDC-VD0960508A,SDC-1450,item:021081,12.078717,12.078717,161,349,1.0,KG
188,SDC-VD0972460A,SDC-1450,item:021081,3.019679,3.019679,49,237,1.0,KG
188,SDC-VD0975221A,SDC-1450,item:021081,3.019679,3.019679,67,255,1.0,KG
188,SDC-1450,M-1810,item:007923,28789.069116,28789.069116,1,189,1.0,G
189,SDC-VD0520132A,M-1430,item:038005,26.40328,26.40328,255,444,1.0,KG
189,SDC-VD0914690A,M-1430,item:042342,91045.813468,91045.813468,27,216,1.0,UN
189,SDC-VD0525412A,M-1430,item:333362,1508.829894,1508.829894,77,266,1.0,UN
189,SDC-VD0993480A,M-1430,item:344135,1508.829894,1508.829894,27,216,1.0,UN
189,SDC-VD0520115A,M-1430,item:708073,11.965021,11.965021,33,222,1.0,KG
189,SDC-VD0508918A,M-1430,item:730384,319.871938,319.871938,112,301,1.0,M
189,SDC-VD1095770A,M-1430,item:734545,12.070639,12.070639,32,221,1.0,UN
189,SDC-1450,M-1430,item:773474,14567.327137,14567.327137,16,205,1.0,G
189,SDC-VD0951020A,M-1810,item:001757,16.564309,16.564309,71,260,1.0,KG
189,SDC-VD0519670A,M-1810,item:001848,8.607416,8.607416,26,215,1.0,KG
189,SDC-VD0951020A,M-1810,item:001848,3.726969,3.726969,74,263,1.0,KG
189,SDC-VD0951020A,M-1810,item:001848,0.088846,0.088846,40,229,1.0,KG
189,SDC-VD0910216A,M-1810,item:001893,37.565795,37.565795,13,202,1.0,KG
189,SDC-VD1091642A,M-1810,item:001893,15.736093,15.736093,26,215,1.0,KG
189,SDC-VD0518684A,M-1810,item:001893,7.868047,7.868047,53,242,1.0,KG
189,SDC-VD1091642A,M-1810,item:001893,17.510531,17.510531,50,239,1.0,KG
189,SDC-VD0910216A,M-1810,item:002612,6.066894,6.066894,33,222,1.0,KG
189,SDC-VD0990780A,M-1810,item:002612,4.141077,4.141077,54,243,1.0,KG
189,SDC-VD1091642A,M-1810,item:002612,1.035269,1.035269,56,245,1.0,KG
189,SDC-VD0500655A,M-1810,item:002612,1.035269,1.035269,26,215,1.0,KG
189,SDC-VD0990780A,M-1810,item:002612,2.50226,2.50226,53,242,1.0,KG
189,SDC-VD1091642A,M-1810,item:002612,5.924616,5.924616,37,226,1.0,KG
189,SDC-VD0514881A,M-1810,item:016332,4.969293,4.969293,77,266,1.0,KG
189,SDC-VD0519670A,M-1810,item:029313,0.414108,0.414108,53,242,1.0,KG
189,SDC-VD1096202A,M-1810,item:039668,0.414108,0.414108,12,201,1.0,KG
189,SDC-VD0520132A,M-1810,item:049371,15.321985,15.321985,107,296,1.0,KG
189,SDC-VD0914320A,M-1810,item:055703,0.579751,0.579751,22,211,1.0,KG
189,SDC-VD0964290A,M-1810,item:055703,0.248465,0.248465,29,218,1.0,KG
189,SDC-VD0505677A,M-1810,item:099439,20.705386,20.705386,36,225,1.0,KG
189,SDC-VD0901566A,M-1810,item:338928,10000.0,10000.0,125,314,1.0,UN
189,SDC-VD0914360C,M-1810,item:338929,10199.69736,10199.69736,37,226,1.0,UN
189,SDC-VD0989480A,M-1810,item:426331,112.196671,112.196671,9,198,1.0,UN
189,SDC-1450,M-1810,item:693055,4141.077128,4141.077128,47,236,1.0,G
189,M-1430,DC-1920,item:268967,1508.829894,1508.829894,3,192,1.0,UN
189,M-1810,DC-1920,item:268091,10199.69736,10199.69736,3,192,1.0,UN
189,DC-1920,C-XXXXX,item:268967,499.604496,499.604496,2,191,1.0,UN
189,SDC-VD0949099A,SDC-1450,item:021081,38.936295,40.985573,62,251,0.95,KG
189,SDC-VD0960508A,SDC-1450,item:021081,11.124656,11.124656,138,327,1.0,KG
189,SDC-VD0972460A,SDC-1450,item:021081,2.781164,2.781164,56,245,1.0,KG
189,SDC-VD0975221A,SDC-1450,item:021081,2.781164,2.781164,42,231,1.0,KG
189,SDC-1450,M-1810,item:007923,33128.617024,33128.617024,1,190,1.0,G
190,SDC-VD0520132A,M-1430,item:038005,29.935495,29.935495,59,249,1.0,KG
190,SDC-VD0914690A,M-1430,item:042342,103225.868515,103225.868515,19,209,1.0,UN
190,SDC-VD0525412A,M-1430,item:333362,1710.680264,1710.680264,62,252,1.0,UN
190,SDC-VD0993480A,M-1430,item:344135,1710.680264,1710.680264,22,212,1.0,UN
190,SDC-VD0520115A,M-1430,item:708073,13.565694,13.565694,19,209,1.0,KG
190,SDC-VD0508918A,M-1430,item:730384,362.664216,362.664216,49,239,1.0,M
190,SDC-VD1095770A,M-1430,item:734545,13.685442,13.685442,13,203,1.0,UN
190,SDC-1450,M-1430,item:773474,16516.135541,16516.135541,10,200,1.0,G
190,SDC-VD0951020A,M-1810,item:001757,16.998263,16.998263,107,297,1.0,KG
190,SDC-VD0519670A,M-1810,item:001848,8.924088,8.924088,33,223,1.0,KG
190,SDC-VD0951020A,M-1810,item:001848,3.824609,3.824609,29,219,1.0,KG
190,SDC-VD0910216A,M-1810,item:001893,54.513635,54.513635,20,210,1.0,KG
190,SDC-VD1091642A,M-1810,item:001893,16.14835,16.14835,76,266,1.0,KG
190,SDC-VD0518684A,M-1810,item:001893,8.074175,8.074175,58,248,1.0,KG
190,SDC-VD1091642A,M-1810,item:001893,2.00559,2.00559,42,232,1.0,KG
190,SDC-VD0910216A,M-1810,item:002612,6.068489,6.068489,70,260,1.0,KG
190,SDC-VD0990780A,M-1810,item:002612,4.249566,4.249566,18,208,1.0,KG
190,SDC-VD1091642A,M-1810,item:002612,1.062391,1.062391,54,244,1.0,KG
190,SDC-VD0500655A,M-1810,item:002612,1.062391,1.062391,41,231,1.0,KG
190,SDC-VD0990780A,M-1810,item:002612,8.126408,8.126408,20,210,1.0,KG
190,SDC-VD1091642A,M-1810,item:002612,0.678583,0.678583,33,223,1.0,KG
190,SDC-VD0514881A,M-1810,item:016332,5.099479,5.099479,71,261,1.0,KG
190,SDC-VD0519670A,M-1810,item:029313,0.424957,0.424957,75,265,1.0,KG
190,SDC-VD1096202A,M-1810,item:039668,0.424957,0.424957,32,222,1.0,KG
190,SDC-VD0520132A,M-1810,item:049371,15.723394,15.723394,147,337,1.0,KG
190,SDC-VD0914320A,M-1810,item:055703,0.594939,0.594939,37,227,1.0,KG
190,SDC-VD0964290A,M-1810,item:055703,0.254974,0.254974,22,212,1.0,KG
190,SDC-VD0505677A,M-1810,item:099439,21.247829,21.247829,20,210,1.0,KG
190,SDC-VD0901566A,M-1810,item:338928,10000.0,10000.0,85,275,1.0,UN
190,SDC-VD0914360C,M-1810,item:338929,10466.910901,10466.910901,45,235,1.0,UN
190,SDC-VD0989480A,M-1810,item:426331,115.13602,115.13602,27,217,1.0,UN
190,SDC-1450,M-1810,item:693055,4249.565826,4249.565826,54,244,1.0,G
190,M-1430,DC-1920,item:268967,1710.680264,1710.680264,3,193,1.0,UN
190,M-1810,DC-1920,item:268091,10466.910901,10466.910901,1,191,1.0,UN
190,DC-1920,C-XXXXX,item:268091,17727.492208,17727.492208,1,191,1.0,UN
190,SDC-VD0949099A,SDC-1450,item:021081,48.713659,51.277536,136,326,0.95,KG
190,SDC-VD0960508A,SDC-1450,item:021081,13.918188,13.918188,74,264,1.0,KG
190,SDC-VD0972460A,SDC-1450,item:021081,3.479547,3.479547,240,430,1.0,KG
190,SDC-VD0975221A,SDC-1450,item:021081,3.479547,3.479547,164,354,1.0,KG
190,SDC-1450,M-1810,item:007923,33996.526606,33996.526606,2,192,1.0,G
191,SDC-VD0520132A,M-1430,item:038005,30.641938,30.641938,108,299,1.0,KG
191,SDC-VD0914690A,M-1430,item:042342,105661.879525,105661.879525,15,206,1.0,UN
191,SDC-VD0525412A,M-1430,item:333362,1751.050338,1751.050338,71,262,1.0,UN
191,SDC-VD0993480A,M-1430,item:344135,1751.050338,1751.050338,58,249,1.0,UN
191,SDC-VD0520115A,M-1430,item:708073,13.885829,13.885829,14,205,1.0,KG
191,SDC-VD0508918A,M-1430,item:730384,371.222672,371.222672,28,219,1.0,M
191,SDC-VD1095770A,M-1430,item:734545,14.008403,14.008403,27,218,1.0,UN
191,SDC-1450,M-1430,item:773474,16905.897222,16905.897222,7,198,1.0,G
191,SDC-VD0951020A,M-1810,item:001757,17.085054,17.085054,63,254,1.0,KG
191,SDC-VD0519670A,M-1810,item:001848,8.969653,8.969653,18,209,1.0,KG
191,SDC-VD0951020A,M-1810,item:001848,3.844137,3.844137,28,219,1.0,KG
191,SDC-VD0910216A,M-1810,item:001893,56.807805,56.807805,21,212,1.0,KG
191,SDC-VD1091642A,M-1810,item:001893,16.230802,16.230802,26,217,1.0,KG
191,SDC-VD0518684A,M-1810,item:001893,8.115401,8.115401,74,265,1.0,KG
191,SDC-VD0910216A,M-1810,item:002612,6.068808,6.068808,70,261,1.0,KG
191,SDC-VD0990780A,M-1810,item:002612,4.271264,4.271264,31,222,1.0,KG
191,SDC-VD1091642A,M-1810,item:002612,1.067816,1.067816,25,216,1.0,KG
191,SDC-VD0500655A,M-1810,item:002612,1.067816,1.067816,56,247,1.0,KG
191,SDC-VD0990780A,M-1810,item:002612,8.880614,8.880614,16,207,1.0,KG
191,SDC-VD0514881A,M-1810,item:016332,5.125516,5.125516,30,221,1.0,KG
191,SDC-VD0519670A,M-1810,item:029313,0.427126,0.427126,56,247,1.0,KG
191,SDC-VD1096202A,M-1810,item:039668,0.427126,0.427126,39,230,1.0,KG
191,SDC-VD0520132A,M-1810,item:049371,15.803675,15.803675,126,317,1.0,KG
191,SDC-VD0914320A,M-1810,item:055703,0.597977,0.597977,29,220,1.0,KG
191,SDC-VD0964290A,M-1810,item:055703,0.256276,0.256276,51,242,1.0,KG
191,SDC-VD0505677A,M-1810,item:099439,21.356318,21.356318,36,227,1.0,KG
191,SDC-VD0901566A,M-1810,item:338928,10000.0,10000.0,56,247,1.0,UN
191,SDC-VD0914360C,M-1810,item:338929,10520.353609,10520.353609,83,274,1.0,UN
191,SDC-VD0989480A,M-1810,item:426331,115.72389,115.72389,16,207,1.0,UN
191,SDC-1450,M-1810,item:693055,4271.263565,4271.263565,140,331,1.0,G
191,M-1430,DC-1920,item:268967,1751.050338,1751.050338,3,194,1.0,UN
191,M-1810,DC-1920,item:268091,10520.353609,10520.353609,3,194,1.0,UN
191,DC-1920,C-XXXXX,item:268091,10466.910901,10466.910901,6,197,1.0,UN
191,SDC-VD0949099A,SDC-1450,item:021081,61.597995,64.839995,143,334,0.95,KG
191,SDC-VD0960508A,SDC-1450,item:021081,17.599427,17.599427,186,377,1.0,KG
191,SDC-VD0972460A,SDC-1450,item:021081,4.399857,4.399857,121,312,1.0,KG
191,SDC-VD0975221A,SDC-1450,item:021081,4.399857,4.399857,164,355,1.0,KG
191,SDC-1450,M-1810,item:007923,34170.108522,34170.108522,1,192,1.0,G
192,SDC-VD0520132A,M-1430,item:038005,30.783227,30.783227,118,310,1.0,KG
192,SDC-VD0914690A,M-1430,item:042342,106149.081727,106149.081727,9,201,1.0,UN
192,SDC-VD0525412A,M-1430,item:333362,1759.124353,1759.124353,80,272,1.0,UN
192,SDC-VD0993480A,M-1430,item:344135,1759.124353,1759.124353,38,230,1.0,UN
192,SDC-VD0520115A,M-1430,item:708073,13.949856,13.949856,27,219,1.0,KG
192,SDC-VD0508918A,M-1430,item:730384,372.934363,372.934363,86,278,1.0,M
192,SDC-VD1095770A,M-1430,item:734545,14.072995,14.072995,32,224,1.0,UN
192,SDC-1450,M-1430,item:773474,16983.849558,16983.849558,7,199,1.0,G
192,SDC-VD0951020A,M-1810,item:001757,17.102412,17.102412,70,262,1.0,KG
192,SDC-VD0519670A,M-1810,item:001848,8.978767,8.978767,16,208,1.0,KG
192,SDC-VD0951020A,M-1810,item:001848,3.848043,3.848043,112,304,1.0,KG
192,SDC-VD0910216A,M-1810,item:001893,35.559018,35.559018,30,222,1.0,KG
192,SDC-VD1091642A,M-1810,item:001893,16.247292,16.247292,68,260,1.0,KG
192,SDC-VD0518684A,M-1810,item:001893,8.123646,8.123646,29,221,1.0,KG
192,SDC-VD1091642A,M-1810,item:001893,21.306503,21.306503,35,227,1.0,KG
192,SDC-VD0910216A,M-1810,item:002612,6.298181,6.298181,39,231,1.0,KG
192,SDC-VD0990780A,M-1810,item:002612,4.275603,4.275603,32,224,1.0,KG
192,SDC-VD1091642A,M-1810,item:002612,1.068901,1.068901,53,245,1.0,KG
192,SDC-VD0500655A,M-1810,item:002612,1.068901,1.068901,37,229,1.0,KG
192,SDC-VD0990780A,M-1810,item:002612,8.66643,8.66643,22,214,1.0,KG
192,SDC-VD0514881A,M-1810,item:016332,5.130724,5.130724,39,231,1.0,KG
192,SDC-VD0519670A,M-1810,item:029313,0.42756,0.42756,86,278,1.0,KG
192,SDC-VD1096202A,M-1810,item:039668,0.42756,0.42756,49,241,1.0,KG
192,SDC-VD0520132A,M-1810,item:049371,15.819732,15.819732,115,307,1.0,KG
192,SDC-VD0914320A,M-1810,item:055703,0.598584,0.598584,13,205,1.0,KG
192,SDC-VD0964290A,M-1810,item:055703,0.256536,0.256536,84,276,1.0,KG
192,SDC-VD0505677A,M-1810,item:099439,21.378016,21.378016,33,225,1.0,KG
192,SDC-VD0901566A,M-1810,item:338928,10000.0,10000.0,54,246,1.0,UN
192,SDC-VD0914360C,M-1810,item:338929,10531.042151,10531.042151,34,226,1.0,UN
192,SDC-VD0989480A,M-1810,item:426331,115.841464,115.841464,18,210,1.0,UN
192,SDC-1450,M-1810,item:693055,4275.603113,4275.603113,112,304,1.0,G
192,M-1430,DC-1920,item:268967,1759.124353,1759.124353,4,196,1.0,UN
192,M-1810,DC-1920,item:268091,10531.042151,10531.042151,2,194,1.0,UN
192,DC-1920,C-XXXXX,item:268967,2008.407936,2008.407936,2,194,1.0,UN
192,DC-1920,C-XXXXX,item:268091,10199.69736,10199.69736,4,196,1.0,UN
192,SDC-VD0949099A,SDC-1450,item:021081,73.014685,76.857563,92,284,0.95,KG
192,SDC-VD0960508A,SDC-1450,item:021081,20.861338,20.861338,174,366,1.0,KG
192,SDC-VD0972460A,SDC-1450,item:021081,5.215335,5.215335,75,267,1.0,KG
192,SDC-VD0975221A,SDC-1450,item:021081,5.215335,5.215335,112,304,1.0,KG
192,SDC-1450,M-1810,item:007923,34204.824905,34204.824905,1,193,1.0,G
193,SDC-VD0520132A,M-1430,item:038005,30.811484,30.811484,69,262,1.0,KG
193,SDC-VD0914690A,M-1430,item:042342,106246.522167,106246.522167,24,217,1.0,UN
193,SDC-VD0525412A,M-1430,item:333362,1760.739156,1760.739156,120,313,1.0,UN
193,SDC-VD0993480A,M-1430,item:344135,1760.739156,1760.739156,44,237,1.0,UN
193,SDC-VD0520115A,M-1430,item:708073,13.962662,13.962662,24,217,1.0,KG
193,SDC-VD0508918A,M-1430,item:730384,373.276701,373.276701,10,203,1.0,M
193,SDC-VD1095770A,M-1430,item:734545,14.085913,14.085913,15,208,1.0,UN
193,SDC-1450,M-1430,item:773474,16999.440025,16999.440025,23,216,1.0,G
193,SDC-VD0951020A,M-1810,item:001757,17.105884,17.105884,76,269,1.0,KG
193,SDC-VD0519670A,M-1810,item:001848,8.980589,8.980589,13,206,1.0,KG
193,SDC-VD0951020A,M-1810,item:001848,3.848824,3.848824,68,261,1.0,KG
193,SDC-VD0910216A,M-1810,item:001893,24.10741,24.10741,38,231,1.0,KG
193,SDC-VD1091642A,M-1810,item:001893,16.25059,16.25059,50,243,1.0,KG
193,SDC-VD0518684A,M-1810,item:001893,8.125295,8.125295,54,247,1.0,KG
193,SDC-VD1091642A,M-1810,item:001893,32.769654,32.769654,12,205,1.0,KG
193,SDC-VD0910216A,M-1810,item:002612,6.344055,6.344055,32,225,1.0,KG
193,SDC-VD0990780A,M-1810,item:002612,4.276471,4.276471,47,240,1.0,KG
193,SDC-VD1091642A,M-1810,item:002612,1.069118,1.069118,26,219,1.0,KG
193,SDC-VD0500655A,M-1810,item:002612,1.069118,1.069118,38,231,1.0,KG
193,SDC-VD0990780A,M-1810,item:002612,8.623593,8.623593,19,212,1.0,KG
193,SDC-VD0514881A,M-1810,item:016332,5.131765,5.131765,49,242,1.0,KG
193,SDC-VD0519670A,M-1810,item:029313,0.427647,0.427647,61,254,1.0,KG
193,SDC-VD1096202A,M-1810,item:039668,0.427647,0.427647,13,206,1.0,KG
193,SDC-VD0520132A,M-1810,item:049371,15.822943,15.822943,210,403,1.0,KG
193,SDC-VD0914320A,M-1810,item:055703,0.598706,0.598706,31,224,1.0,KG
193,SDC-VD0964290A,M-1810,item:055703,0.256588,0.256588,18,211,1.0,KG
193,SDC-VD0505677A,M-1810,item:099439,21.382355,21.382355,18,211,1.0,KG
193,SDC-VD0901566A,M-1810,item:338928,10000.0,10000.0,56,249,1.0,UN
193,SDC-VD0914360C,M-1810,item:338929,10533.179859,10533.179859,15,208,1.0,UN
193,SDC-VD0989480A,M-1810,item:426331,115.864978,115.864978,31,224,1.0,UN
193,SDC-1450,M-1810,item:693055,4276.471023,4276.471023,21,214,1.0,G
193,M-1430,DC-1920,item:268967,1760.739156,1760.739156,2,195,1.0,UN
193,M-1810,DC-1920,item:268091,10533.179859,10533.179859,3,196,1.0,UN
193,DC-1920,C-XXXXX,item:268967,1710.680264,1710.680264,3,196,1.0,UN
193,SDC-VD0949099A,SDC-1450,item:021081,81.952072,86.265339,66,259,0.95,KG
193,SDC-VD0960508A,SDC-1450,item:021081,23.414878,23.414878,46,239,1.0,KG
193,SDC-VD0972460A,SDC-1450,item:021081,5.853719,5.853719,100,293,1.0,KG
193,SDC-VD0975221A,SDC-1450,item:021081,5.853719,5.853719,155,348,1.0,KG
193,SDC-1450,M-1810,item:007923,34211.768182,34211.768182,2,195,1.0,G
194,SDC-VD0520132A,M-1430,item:038005,30.817136,30.817136,153,347,1.0,KG
194,SDC-VD0914690A,M-1430,item:042342,106266.010255,106266.010255,25,219,1.0,UN
194,SDC-VD0525412A,M-1430,item:333362,1761.062117,1761.062117,49,243,1.0,UN
194,SDC-VD0993480A,M-1430,item:344135,1761.062117,1761.062117,27,221,1.0,UN
194,SDC-VD0520115A,M-1430,item:708073,13.965223,13.965223,38,232,1.0,KG
194,SDC-VD0508918A,M-1430,item:730384,373.345169,373.345169,62,256,1.0,M
194,SDC-VD1095770A,M-1430,item:734545,14.088497,14.088497,20,214,1.0,UN
194,SDC-1450,M-1430,item:773474,17002.558119,17002.558119,9,203,1.0,G
194,SDC-VD0951020A,M-1810,item:001757,17.106578,17.106578,158,352,1.0,KG
194,SDC-VD0519670A,M-1810,item:001848,8.980954,8.980954,23,217,1.0,KG
194,SDC-VD0951020A,M-1810,item:001848,3.84898,3.84898,28,222,1.0,KG
194,SDC-VD0910216A,M-1810,item:001893,24.142275,24.142275,56,250,1.0,KG
194,SDC-VD1091642A,M-1810,item:001893,16.251249,16.251249,84,278,1.0,KG
194,SDC-VD0518684A,M-1810,item:001893,8.125625,8.125625,71,265,1.0,KG
194,SDC-VD1091642A,M-1810,item:001893,32.737098,32.737098,54,248,1.0,KG
194,SDC-VD0910216A,M-1810,item:002612,6.35323,6.35323,13,207,1.0,KG
194,SDC-VD0990780A,M-1810,item:002612,4.276645,4.276645,20,214,1.0,KG
194,SDC-VD1091642A,M-1810,item:002612,1.069161,1.069161,50,244,1.0,KG
194,SDC-VD0500655A,M-1810,item:002612,1.069161,1.069161,10,204,1.0,KG
194,SDC-VD0990780A,M-1810,item:002612,8.615026,8.615026,58,252,1.0,KG
194,SDC-VD0514881A,M-1810,item:016332,5.131974,5.131974,48,242,1.0,KG
194,SDC-VD0519670A,M-1810,item:029313,0.427664,0.427664,68,262,1.0,KG
194,SDC-VD1096202A,M-1810,item:039668,0.427664,0.427664,21,215,1.0,KG
194,SDC-VD0520132A,M-1810,item:049371,15.823585,15.823585,214,408,1.0,KG
194,SDC-VD0914320A,M-1810,item:055703,0.59873,0.59873,14,208,1.0,KG
194,SDC-VD0964290A,M-1810,item:055703,0.256599,0.256599,18,212,1.0,KG
194,SDC-VD0505677A,M-1810,item:099439,21.383223,21.383223,25,219,1.0,KG
194,SDC-VD0901566A,M-1810,item:338928,10000.0,10000.0,39,233,1.0,UN
194,SDC-VD0914360C,M-1810,item:338929,10533.607401,10533.607401,67,261,1.0,UN
194,SDC-VD0989480A,M-1810,item:426331,115.869681,115.869681,36,230,1.0,UN
194,SDC-1450,M-1810,item:693055,4276.644605,4276.644605,17,211,1.0,G
194,M-1430,DC-1920,item:268967,1761.062117,1761.062117,2,196,1.0,UN
194,M-1810,DC-1920,item:268091,10533.607401,10533.607401,5,199,1.0,UN
194,DC-1920,C-XXXXX,item:268967,1751.050338,1751.050338,2,196,1.0,UN
194,DC-1920,C-XXXXX,item:268091,21051.39576,21051.39576,2,196,1.0,UN
194,SDC-VD0949099A,SDC-1450,item:021081,88.625634,93.290141,90,284,0.95,KG
194,SDC-VD0960508A,SDC-1450,item:021081,25.32161,25.32161,168,362,1.0,KG
194,SDC-VD0972460A,SDC-1450,item:021081,6.330402,6.330402,212,406,1.0,KG
194,SDC-VD0975221A,SDC-1450,item:021081,6.330402,6.330402,80,274,1.0,KG
194,SDC-1450,M-1810,item:007923,34213.156837,34213.156837,1,195,1.0,G
195,SDC-VD0520132A,M-1430,item:038005,30.818266,30.818266,26,221,1.0,KG
195,SDC-VD0914690A,M-1430,item:042342,106269.907873,106269.907873,25,220,1.0,UN
195,SDC-VD0525412A,M-1430,item:333362,1761.126709,1761.126709,98,293,1.0,UN
195,SDC-VD0993480A,M-1430,item:344135,1761.126709,1761.126709,26,221,1.0,UN
195,SDC-VD0520115A,M-1430,item:708073,13.965735,13.965735,29,224,1.0,KG
195,SDC-VD0508918A,M-1430,item:730384,373.358862,373.358862,21,216,1.0,M
195,SDC-VD1095770A,M-1430,item:734545,14.089014,14.089014,33,228,1.0,UN
195,SDC-1450,M-1430,item:773474,17003.181737,17003.181737,14,209,1.0,G
195,SDC-VD0951020A,M-1810,item:001757,17.106717,17.106717,76,271,1.0,KG
195,SDC-VD0519670A,M-1810,item:001848,8.981027,8.981027,13,208,1.0,KG
195,SDC-VD0951020A,M-1810,item:001848,3.849011,3.849011,31,226,1.0,KG
195,SDC-VD0910216A,M-1810,item:001893,24.149248,24.149248,39,234,1.0,KG
195,SDC-VD1091642A,M-1810,item:001893,16.251381,16.251381,17,212,1.0,KG
195,SDC-VD0518684A,M-1810,item:001893,8.125691,8.125691,24,219,1.0,KG
195,SDC-VD1091642A,M-1810,item:001893,32.730587,32.730587,31,226,1.0,KG
195,SDC-VD0910216A,M-1810,item:002612,6.355065,6.355065,42,237,1.0,KG
195,SDC-VD0990780A,M-1810,item:002612,4.276679,4.276679,12,207,1.0,KG
195,SDC-VD1091642A,M-1810,item:002612,1.06917,1.06917,37,232,1.0,KG
195,SDC-VD0500655A,M-1810,item:002612,1.06917,1.06917,24,219,1.0,KG
195,SDC-VD0990780A,M-1810,item:002612,8.613312,8.613312,17,212,1.0,KG
195,SDC-VD0514881A,M-1810,item:016332,5.132015,5.132015,65,260,1.0,KG
195,SDC-VD0519670A,M-1810,item:029313,0.427668,0.427668,17,212,1.0,KG
195,SDC-VD1096202A,M-1810,item:039668,0.427668,0.427668,46,241,1.0,KG
195,SDC-VD0520132A,M-1810,item:049371,15.823713,15.823713,125,320,1.0,KG
195,SDC-VD0914320A,M-1810,item:055703,0.598735,0.598735,20,215,1.0,KG
195,SDC-VD0964290A,M-1810,item:055703,0.256601,0.256601,65,260,1.0,KG
195,SDC-VD0505677A,M-1810,item:099439,21.383397,21.383397,43,238,1.0,KG
195,SDC-VD0901566A,M-1810,item:338928,10000.0,10000.0,99,294,1.0,UN
195,SDC-VD0914360C,M-1810,item:338929,10533.692909,10533.692909,16,211,1.0,UN
195,SDC-VD0989480A,M-1810,item:426331,115.870622,115.870622,6,201,1.0,UN
195,SDC-1450,M-1810,item:693055,4276.679321,4276.679321,95,290,1.0,G
195,M-1430,DC-1920,item:268967,1761.126709,1761.126709,2,197,1.0,UN
195,M-1810,DC-1920,item:268091,10533.692909,10533.692909,3,198,1.0,UN
195,DC-1920,C-XXXXX,item:268967,1760.739156,1760.739156,2,197,1.0,UN
195,SDC-VD0949099A,SDC-1450,item:021081,93.515621,98.437496,173,368,0.95,KG
195,SDC-VD0960508A,SDC-1450,item:021081,26.718749,26.718749,30,225,1.0,KG
195,SDC-VD0972460A,SDC-1450,item:021081,6.679687,6.679687,80,275,1.0,KG
195,SDC-VD0975221A,SDC-1450,item:021081,6.679687,6.679687,82,277,1.0,KG
195,SDC-1450,M-1810,item:007923,34213.434568,34213.434568,1,196,1.0,G
196,SDC-VD0520132A,M-1430,item:038005,80.698144,80.698144,103,299,1.0,KG
196,SDC-VD0914690A,M-1430,item:042342,278269.524196,278269.524196,34,230,1.0,UN
196,SDC-VD0525412A,M-1430,item:333362,4611.539627,4611.539627,109,305,1.0,UN
196,SDC-VD0993480A,M-1430,item:344135,4611.539627,4611.539627,28,224,1.0,UN
196,SDC-VD0520115A,M-1430,item:708073,36.569509,36.569509,23,219,1.0,KG
196,SDC-VD0508918A,M-1430,item:730384,977.646401,977.646401,53,249,1.0,M
196,SDC-VD1095770A,M-1430,item:734545,36.892317,36.892317,38,234,1.0,UN
196,SDC-1450,M-1430,item:773474,44523.114648,44523.114648,7,203,1.0,G
196,SDC-VD0951020A,M-1810,item:001757,12.779852,12.779852,156,352,1.0,KG
196,SDC-VD0519670A,M-1810,item:001848,6.709422,6.709422,9,205,1.0,KG
196,SDC-VD0951020A,M-1810,item:001848,2.875467,2.875467,109,305,1.0,KG
196,SDC-VD0910216A,M-1810,item:001893,24.150643,24.150643,45,241,1.0,KG
196,SDC-VD1091642A,M-1810,item:001893,12.14086,12.14086,84,280,1.0,KG
196,SDC-VD0518684A,M-1810,item:001893,6.07043,6.07043,63,259,1.0,KG
196,SDC-VD1091642A,M-1810,item:001893,18.342366,18.342366,36,232,1.0,KG
196,SDC-VD0910216A,M-1810,item:002612,6.355432,6.355432,7,203,1.0,KG
196,SDC-VD0990780A,M-1810,item:002612,3.194963,3.194963,25,221,1.0,KG
196,SDC-VD1091642A,M-1810,item:002612,0.798741,0.798741,70,266,1.0,KG
196,SDC-VD0500655A,M-1810,item:002612,0.798741,0.798741,24,220,1.0,KG
196,SDC-VD0990780A,M-1810,item:002612,4.826938,4.826938,55,251,1.0,KG
196,SDC-VD0514881A,M-1810,item:016332,3.833956,3.833956,47,243,1.0,KG
196,SDC-VD0519670A,M-1810,item:029313,0.319496,0.319496,26,222,1.0,KG
196,SDC-VD1096202A,M-1810,item:039668,0.319496,0.319496,37,233,1.0,KG
196,SDC-VD0520132A,M-1810,item:049371,11.821363,11.821363,38,234,1.0,KG
196,SDC-VD0914320A,M-1810,item:055703,0.447295,0.447295,7,203,1.0,KG
196,SDC-VD0964290A,M-1810,item:055703,0.191698,0.191698,28,224,1.0,KG
196,SDC-VD0505677A,M-1810,item:099439,15.974815,15.974815,22,218,1.0,KG
196,SDC-VD0901566A,M-1810,item:338928,10000.0,10000.0,107,303,1.0,UN
196,SDC-VD0914360C,M-1810,item:338929,7869.367153,7869.367153,45,241,1.0,UN
196,SDC-VD0989480A,M-1810,item:426331,86.563039,86.563039,20,216,1.0,UN
196,SDC-1450,M-1810,item:693055,3194.963064,3194.963064,96,292,1.0,G
196,M-1430,DC-1920,item:268967,4611.539627,4611.539627,4,200,1.0,UN
196,M-1810,DC-1920,item:268091,7869.367153,7869.367153,2,198,1.0,UN
196,DC-1920,C-XXXXX,item:268967,3520.18647,3520.18647,3,199,1.0,UN
196,DC-1920,C-XXXXX,item:268091,10533.179859,10533.179859,2,198,1.0,UN
196,SDC-VD0949099A,SDC-1450,item:021081,97.071677,102.180712,128,324,0.95,KG
196,SDC-VD0960508A,SDC-1450,item:021081,27.734765,27.734765,162,358,1.0,KG
196,SDC-VD0972460A,SDC-1450,item:021081,6.933691,6.933691,94,290,1.0,KG
196,SDC-VD0975221A,SDC-1450,item:021081,6.933691,6.933691,90,286,1.0,KG
196,SDC-1450,M-1810,item:007923,25559.704513,25559.704513,1,197,1.0,G
197,SDC-VD0520132A,M-1430,item:038005,90.674119,90.674119,308,505,1.0,KG
197,SDC-VD0914690A,M-1430,item:042342,312669.447461,312669.447461,35,232,1.0,UN
197,SDC-VD0525412A,M-1430,item:333362,5181.622211,5181.622211,33,230,1.0,UN
197,SDC-VD0993480A,M-1430,item:344135,5181.622211,5181.622211,32,229,1.0,UN
197,SDC-VD0520115A,M-1430,item:708073,41.090264,41.090264,28,225,1.0,KG
197,SDC-VD0508918A,M-1430,item:730384,1098.503909,1098.503909,62,259,1.0,M
197,SDC-VD1095770A,M-1430,item:734545,41.452978,41.452978,11,208,1.0,UN
197,SDC-1450,M-1430,item:773474,50027.101231,50027.101231,3,200,1.0,G
197,SDC-VD0951020A,M-1810,item:001757,11.914479,11.914479,54,251,1.0,KG
197,SDC-VD0519670A,M-1810,item:001848,6.255102,6.255102,18,215,1.0,KG
197,SDC-VD0951020A,M-1810,item:001848,2.680758,2.680758,50,247,1.0,KG
197,SDC-VD0910216A,M-1810,item:001893,24.150921,24.150921,29,226,1.0,KG
197,SDC-VD1091642A,M-1810,item:001893,11.318755,11.318755,36,233,1.0,KG
197,SDC-VD0518684A,M-1810,item:001893,5.659378,5.659378,36,233,1.0,KG
197,SDC-VD1091642A,M-1810,item:001893,15.464722,15.464722,33,230,1.0,KG
197,SDC-VD0910216A,M-1810,item:002612,6.355506,6.355506,33,230,1.0,KG
197,SDC-VD0990780A,M-1810,item:002612,2.97862,2.97862,17,214,1.0,KG
197,SDC-VD1091642A,M-1810,item:002612,0.744655,0.744655,26,223,1.0,KG
197,SDC-VD0500655A,M-1810,item:002612,0.744655,0.744655,13,210,1.0,KG
197,SDC-VD0990780A,M-1810,item:002612,4.069664,4.069664,24,221,1.0,KG
197,SDC-VD0514881A,M-1810,item:016332,3.574344,3.574344,45,242,1.0,KG
197,SDC-VD0519670A,M-1810,item:029313,0.297862,0.297862,79,276,1.0,KG
197,SDC-VD1096202A,M-1810,item:039668,0.297862,0.297862,49,246,1.0,KG
197,SDC-VD0520132A,M-1810,item:049371,11.020893,11.020893,57,254,1.0,KG
197,SDC-VD0914320A,M-1810,item:055703,0.417007,0.417007,10,207,1.0,KG
197,SDC-VD0964290A,M-1810,item:055703,0.178717,0.178717,84,281,1.0,KG
197,SDC-VD0505677A,M-1810,item:099439,14.893099,14.893099,36,233,1.0,KG
197,SDC-VD0901566A,M-1810,item:338928,10000.0,10000.0,54,251,1.0,UN
197,SDC-VD0914360C,M-1810,item:338929,7336.502002,7336.502002,52,249,1.0,UN
197,SDC-VD0989480A,M-1810,item:426331,80.701522,80.701522,23,220,1.0,UN
197,SDC-1450,M-1810,item:693055,2978.619813,2978.619813,105,302,1.0,G
197,M-1430,DC-1920,item:268967,5181.622211,5181.622211,2,199,1.0,UN
197,M-1810,DC-1920,item:268091,7336.502002,7336.502002,2,199,1.0,UN
197,DC-1920,C-XXXXX,item:268967,1761.126709,1761.126709,4,201,1.0,UN
197,SDC-VD0949099A,SDC-1450,item:021081,134.093683,141.151245,77,274,0.95,KG
197,SDC-VD0960508A,SDC-1450,item:021081,38.312481,38.312481,71,268,1.0,KG
197,SDC-VD0972460A,SDC-1450,item:021081,9.57812,9.57812,159,356,1.0,KG
197,SDC-VD0975221A,SDC-1450,item:021081,9.57812,9.57812,90,287,1.0,KG
197,SDC-1450,M-1810,item:007923,23828.958502,23828.958502,2,199,1.0,G
198,SDC-VD0520132A,M-1430,item:038005,90.995715,90.995715,135,333,1.0,KG
198,SDC-VD0914690A,M-1430,item:042342,313778.4,313778.4,4,202,1.0,UN
198,SDC-VD0525412A,M-1430,item:333362,5200.0,5200.0,30,228,1.0,UN
198,SDC-VD0993480A,M-1430,item:344135,5200.0,5200.0,19,217,1.0,UN
198,SDC-VD0520115A,M-1430,item:708073,41.236,41.236,29,227,1.0,KG
198,SDC-VD0508918A,M-1430,item:730384,1102.4,1102.4,54,252,1.0,M
198,SDC-VD1095770A,M-1430,item:734545,41.6,41.6,11,209,1.0,UN
198,SDC-1450,M-1430,item:773474,50204.5336,50204.5336,20,218,1.0,G
198,SDC-VD0951020A,M-1810,item:001757,11.741405,11.741405,78,276,1.0,KG
198,SDC-VD0519670A,M-1810,item:001848,6.164237,6.164237,13,211,1.0,KG
198,SDC-VD0951020A,M-1810,item:001848,2.641816,2.641816,36,234,1.0,KG
198,SDC-VD0910216A,M-1810,item:001893,24.150977,24.150977,32,230,1.0,KG
198,SDC-VD1091642A,M-1810,item:001893,11.154334,11.154334,52,250,1.0,KG
198,SDC-VD0518684A,M-1810,item:001893,5.577167,5.577167,93,291,1.0,KG
198,SDC-VD1091642A,M-1810,item:001893,14.889193,14.889193,12,210,1.0,KG
198,SDC-VD0910216A,M-1810,item:002612,6.35552,6.35552,40,238,1.0,KG
198,SDC-VD0990780A,M-1810,item:002612,2.935351,2.935351,38,236,1.0,KG
198,SDC-VD1091642A,M-1810,item:002612,0.733838,0.733838,31,229,1.0,KG
198,SDC-VD0500655A,M-1810,item:002612,0.733838,0.733838,19,217,1.0,KG
198,SDC-VD0990780A,M-1810,item:002612,3.918209,3.918209,25,223,1.0,KG
198,SDC-VD0514881A,M-1810,item:016332,3.522421,3.522421,33,231,1.0,KG
198,SDC-VD0519670A,M-1810,item:029313,0.293535,0.293535,112,310,1.0,KG
198,SDC-VD1096202A,M-1810,item:039668,0.293535,0.293535,48,246,1.0,KG
198,SDC-VD0520132A,M-1810,item:049371,10.860799,10.860799,145,343,1.0,KG
198,SDC-VD0914320A,M-1810,item:055703,0.410949,0.410949,30,228,1.0,KG
198,SDC-VD0964290A,M-1810,item:055703,0.176121,0.176121,73,271,1.0,KG
198,SDC-VD0505677A,M-1810,item:099439,14.676756,14.676756,28,226,1.0,KG
198,SDC-VD0901566A,M-1810,item:338928,10000.0,10000.0,106,304,1.0,UN
198,SDC-VD0914360C,M-1810,item:338929,7229.928972,7229.928972,33,231,1.0,UN
198,SDC-VD0989480A,M-1810,item:426331,79.529219,79.529219,12,210,1.0,UN
198,SDC-1450,M-1810,item:693055,2935.351162,2935.351162,96,294,1.0,G
198,M-1430,DC-1920,item:268967,5200.0,5200.0,4,202,1.0,UN
198,M-1810,DC-1920,item:268091,7229.928972,7229.928972,3,201,1.0,UN
198,DC-1920,C-XXXXX,item:268091,18403.060062,18403.060062,1,199,1.0,UN
198,SDC-VD0949099A,SDC-1450,item:021081,177.293267,186.624492,240,438,0.95,KG
198,SDC-VD0960508A,SDC-1450,item:021081,50.655219,50.655219,240,438,1.0,KG
198,SDC-VD0972460A,SDC-1450,item:021081,12.663805,12.663805,45,243,1.0,KG
198,SDC-VD0975221A,SDC-1450,item:021081,12.663805,12.663805,72,270,1.0,KG
198,SDC-1450,M-1810,item:007923,23482.8093,23482.8093,2,200,1.0,G
199,SDC-VD0520132A,M-1430,item:038005,90.995715,90.995715,212,411,1.0,KG
199,SDC-VD0914690A,M-1430,item:042342,313778.4,313778.4,12,211,1.0,UN
199,SDC-VD0525412A,M-1430,item:333362,5200.0,5200.0,29,228,1.0,UN
199,SDC-VD0993480A,M-1430,item:344135,5200.0,5200.0,22,221,1.0,UN
199,SDC-VD0520115A,M-1430,item:708073,41.236,41.236,16,215,1.0,KG
199,SDC-VD0508918A,M-1430,item:730384,1102.4,1102.4,82,281,1.0,M
199,SDC-VD1095770A,M-1430,item:734545,41.6,41.6,30,229,1.0,UN
199,SDC-1450,M-1430,item:773474,50204.5336,50204.5336,14,213,1.0,G
199,SDC-VD0951020A,M-1810,item:001757,11.70679,11.70679,92,291,1.0,KG
199,SDC-VD0519670A,M-1810,item:001848,6.146065,6.146065,11,210,1.0,KG
199,SDC-VD0951020A,M-1810,item:001848,2.634028,2.634028,40,239,1.0,KG
199,SDC-VD0910216A,M-1810,item:001893,38.925076,38.925076,26,225,1.0,KG
199,SDC-VD1091642A,M-1810,item:001893,11.12145,11.12145,63,262,1.0,KG
199,SDC-VD0518684A,M-1810,item:001893,5.560725,5.560725,110,309,1.0,KG
199,SDC-VD0910216A,M-1810,item:002612,10.243441,10.243441,57,256,1.0,KG
199,SDC-VD0990780A,M-1810,item:002612,2.926697,2.926697,26,225,1.0,KG
199,SDC-VD1091642A,M-1810,item:002612,0.731674,0.731674,49,248,1.0,KG
199,SDC-VD0500655A,M-1810,item:002612,0.731674,0.731674,16,215,1.0,KG
199,SDC-VD0514881A,M-1810,item:016332,3.512037,3.512037,61,260,1.0,KG
199,SDC-VD0519670A,M-1810,item:029313,0.29267,0.29267,37,236,1.0,KG
199,SDC-VD1096202A,M-1810,item:039668,0.29267,0.29267,56,255,1.0,KG
199,SDC-VD0520132A,M-1810,item:049371,10.82878,10.82878,294,493,1.0,KG
199,SDC-VD0914320A,M-1810,item:055703,0.409738,0.409738,13,212,1.0,KG
199,SDC-VD0964290A,M-1810,item:055703,0.175602,0.175602,24,223,1.0,KG
199,SDC-VD0505677A,M-1810,item:099439,14.633487,14.633487,34,233,1.0,KG
199,SDC-VD0901566A,M-1810,item:338928,10000.0,10000.0,61,260,1.0,UN
199,SDC-VD0914360C,M-1810,item:338929,7208.614366,7208.614366,26,225,1.0,UN
199,SDC-VD0989480A,M-1810,item:426331,79.294758,79.294758,25,224,1.0,UN
199,SDC-1450,M-1810,item:693055,2926.697432,2926.697432,49,248,1.0,G
199,M-1430,DC-1920,item:268967,5200.0,5200.0,4,203,1.0,UN
199,M-1810,DC-1920,item:268091,7208.614366,7208.614366,2,201,1.0,UN
199,DC-1920,C-XXXXX,item:268967,5181.622211,5181.622211,1,200,1.0,UN
199,DC-1920,C-XXXXX,item:268091,17870.109402,17870.109402,5,204,1.0,UN
199,SDC-VD0949099A,SDC-1450,item:021081,213.310525,224.537395,125,324,0.95,KG
199,SDC-VD0960508A,SDC-1450,item:021081,60.945864,60.945864,46,245,1.0,KG
199,SDC-VD0972460A,SDC-1450,item:021081,15.236466,15.236466,12,211,1.0,KG
199,SDC-VD0975221A,SDC-1450,item:021081,15.236466,15.236466,57,256,1.0,KG
199,SDC-1450,M-1810,item:007923,23413.579459,23413.579459,1,200,1.0,G
200,SDC-VD0520132A,M-1430,item:038005,90.995715,90.995715,133,333,1.0,KG
200,SDC-VD0914690A,M-1430,item:042342,313778.4,313778.4,30,230,1.0,UN
200,SDC-VD0525412A,M-1430,item:333362,5200.0,5200.0,27,227,1.0,UN
200,SDC-VD0993480A,M-1430,item:344135,5200.0,5200.0,36,236,1.0,UN
200,SDC-VD0520115A,M-1430,item:708073,41.236,41.236,32,232,1.0,KG
200,SDC-VD0508918A,M-1430,item:730384,1102.4,1102.4,41,241,1.0,M
200,SDC-VD1095770A,M-1430,item:734545,41.6,41.6,16,216,1.0,UN
200,SDC-1450,M-1430,item:773474,50204.5336,50204.5336,7,207,1.0,G
200,SDC-VD0951020A,M-1810,item:001757,11.699867,11.699867,133,333,1.0,KG
200,SDC-VD0519670A,M-1810,item:001848,6.14243,6.14243,23,223,1.0,KG
200,SDC-VD0951020A,M-1810,item:001848,2.63247,2.63247,44,244,1.0,KG
200,SDC-VD0910216A,M-1810,item:001893,38.902057,38.902057,19,219,1.0,KG
200,SDC-VD1091642A,M-1810,item:001893,11.114873,11.114873,55,255,1.0,KG
200,SDC-VD0518684A,M-1810,item:001893,5.557437,5.557437,62,262,1.0,KG
200,SDC-VD0910216A,M-1810,item:002612,10.237383,10.237383,51,251,1.0,KG
200,SDC-VD0990780A,M-1810,item:002612,2.924967,2.924967,13,213,1.0,KG
200,SDC-VD1091642A,M-1810,item:002612,0.731242,0.731242,70,270,1.0,KG
200,SDC-VD0500655A,M-1810,item:002612,0.731242,0.731242,22,222,1.0,KG
200,SDC-VD0514881A,M-1810,item:016332,3.50996,3.50996,75,275,1.0,KG
200,SDC-VD0519670A,M-1810,item:029313,0.292497,0.292497,61,261,1.0,KG
200,SDC-VD1096202A,M-1810,item:039668,0.292497,0.292497,31,231,1.0,KG
200,SDC-VD0520132A,M-1810,item:049371,10.822377,10.822377,168,368,1.0,KG
200,SDC-VD0914320A,M-1810,item:055703,0.409495,0.409495,28,228,1.0,KG
200,SDC-VD0964290A,M-1810,item:055703,0.175498,0.175498,10,210,1.0,KG
200,SDC-VD0505677A,M-1810,item:099439,14.624833,14.624833,29,229,1.0,KG
200,SDC-VD0901566A,M-1810,item:338928,10000.0,10000.0,42,242,1.0,UN
200,SDC-VD0914360C,M-1810,item:338929,7204.351444,7204.351444,77,277,1.0,UN
200,SDC-VD0989480A,M-1810,item:426331,79.247866,79.247866,23,223,1.0,UN
200,SDC-1450,M-1810,item:693055,2924.966686,2924.966686,52,252,1.0,G
200,M-1430,DC-1920,item:268967,5200.0,5200.0,4,204,1.0,UN
200,M-1810,DC-1920,item:268091,7204.351444,7204.351444,2,202,1.0,UN
200,DC-1920,C-XXXXX,item:268967,4611.539627,4611.539627,4,204,1.0,UN
200,SDC-VD0949099A,SDC-1450,item:021081,240.687866,253.355648,39,239,0.95,KG
200,SDC-VD0960508A,SDC-1450,item:021081,68.767962,68.767962,124,324,1.0,KG
200,SDC-VD0972460A,SDC-1450,item:021081,17.19199,17.19199,148,348,1.0,KG
200,SDC-VD0975221A,SDC-1450,item:021081,17.19199,17.19199,106,306,1.0,KG
200,SDC-1450,M-1810,item:007923,23399.733491,23399.733491,2,202,1.0,G
201,SDC-VD0520132A,M-1430,item:038005,90.995715,90.995715,45,246,1.0,KG
201,SDC-VD0914690A,M-1430,item:042342,313778.4,313778.4,36,237,1.0,UN
201,SDC-VD0525412A,M-1430,item:333362,5200.0,5200.0,67,268,1.0,UN
201,SDC-VD0993480A,M-1430,item:344135,5200.0,5200.0,36,237,1.0,UN
201,SDC-VD0520115A,M-1430,item:708073,41.236,41.236,20,221,1.0,KG
201,SDC-VD0508918A,M-1430,item:730384,1102.4,1102.4,77,278,1.0,M
201,SDC-VD1095770A,M-1430,item:734545,41.6,41.6,31,232,1.0,UN
201,SDC-1450,M-1430,item:773474,50204.5336,50204.5336,21,222,1.0,G
201,SDC-VD0951020A,M-1810,item:001757,11.698482,11.698482,47,248,1.0,KG
201,SDC-VD0519670A,M-1810,item:001848,6.141703,6.141703,8,209,1.0,KG
201,SDC-VD0951020A,M-1810,item:001848,2.632158,2.632158,40,241,1.0,KG
201,SDC-VD0910216A,M-1810,item:001893,38.897453,38.897453,49,250,1.0,KG
201,SDC-VD1091642A,M-1810,item:001893,11.113558,11.113558,39,240,1.0,KG
201,SDC-VD0518684A,M-1810,item:001893,5.556779,5.556779,48,249,1.0,KG
201,SDC-VD0910216A,M-1810,item:002612,10.236172,10.236172,15,216,1.0,KG
201,SDC-VD0990780A,M-1810,item:002612,2.924621,2.924621,19,220,1.0,KG
201,SDC-VD1091642A,M-1810,item:002612,0.731155,0.731155,34,235,1.0,KG
201,SDC-VD0500655A,M-1810,item:002612,0.731155,0.731155,56,257,1.0,KG
201,SDC-VD0514881A,M-1810,item:016332,3.509545,3.509545,29,230,1.0,KG
201,SDC-VD0519670A,M-1810,item:029313,0.292462,0.292462,28,229,1.0,KG
201,SDC-VD1096202A,M-1810,item:039668,0.292462,0.292462,21,222,1.0,KG
201,SDC-VD0520132A,M-1810,item:049371,10.821096,10.821096,126,327,1.0,KG
201,SDC-VD0914320A,M-1810,item:055703,0.409447,0.409447,14,215,1.0,KG
201,SDC-VD0964290A,M-1810,item:055703,0.175477,0.175477,80,281,1.0,KG
201,SDC-VD0505677A,M-1810,item:099439,14.623103,14.623103,20,221,1.0,KG
201,SDC-VD0901566A,M-1810,item:338928,10000.0,10000.0,13,214,1.0,UN
201,SDC-VD0914360C,M-1810,item:338929,7203.49886,7203.49886,65,266,1.0,UN
201,SDC-VD0989480A,M-1810,item:426331,79.238487,79.238487,27,228,1.0,UN
201,SDC-1450,M-1810,item:693055,2924.620537,2924.620537,47,248,1.0,G
201,M-1430,DC-1920,item:268967,5200.0,5200.0,4,205,1.0,UN
201,M-1810,DC-1920,item:268091,7203.49886,7203.49886,2,203,1.0,UN
201,DC-1920,C-XXXXX,item:268091,14438.543337,14438.543337,2,203,1.0,UN
201,SDC-VD0949099A,SDC-1450,item:021081,260.861755,274.591321,114,315,0.95,KG
201,SDC-VD0960508A,SDC-1450,item:021081,74.53193,74.53193,98,299,1.0,KG
201,SDC-VD0972460A,SDC-1450,item:021081,18.632983,18.632983,168,369,1.0,KG
201,SDC-VD0975221A,SDC-1450,item:021081,18.632983,18.632983,186,387,1.0,KG
201,SDC-1450,M-1810,item:007923,23396.964297,23396.964297,2,203,1.0,G
202,SDC-VD0520132A,M-1430,item:038005,90.995715,90.995715,153,355,1.0,KG
202,SDC-VD0914690A,M-1430,item:042342,313778.4,313778.4,23,225,1.0,UN
202,SDC-VD0525412A,M-1430,item:333362,5200.0,5200.0,52,254,1.0,UN
202,SDC-VD0993480A,M-1430,item:344135,5200.0,5200.0,56,258,1.0,UN
202,SDC-VD0520115A,M-1430,item:708073,41.236,41.236,15,217,1.0,KG
202,SDC-VD0508918A,M-1430,item:730384,1102.4,1102.4,74,276,1.0,M
202,SDC-VD1095770A,M-1430,item:734545,41.6,41.6,32,234,1.0,UN
202,SDC-1450,M-1430,item:773474,50204.5336,50204.5336,3,205,1.0,G
202,SDC-VD0951020A,M-1810,item:001757,11.698205,11.698205,120,322,1.0,KG
202,SDC-VD0519670A,M-1810,item:001848,6.141558,6.141558,31,233,1.0,KG
202,SDC-VD0951020A,M-1810,item:001848,2.632096,2.632096,19,221,1.0,KG
202,SDC-VD0910216A,M-1810,item:001893,38.896532,38.896532,32,234,1.0,KG
202,SDC-VD1091642A,M-1810,item:001893,11.113295,11.113295,26,228,1.0,KG
202,SDC-VD0518684A,M-1810,item:001893,5.556647,5.556647,16,218,1.0,KG
202,SDC-VD0910216A,M-1810,item:002612,10.23593,10.23593,23,225,1.0,KG
202,SDC-VD0990780A,M-1810,item:002612,2.924551,2.924551,47,249,1.0,KG
202,SDC-VD1091642A,M-1810,item:002612,0.731138,0.731138,38,240,1.0,KG
202,SDC-VD0500655A,M-1810,item:002612,0.731138,0.731138,17,219,1.0,KG
202,SDC-VD0514881A,M-1810,item:016332,3.509462,3.509462,42,244,1.0,KG
202,SDC-VD0519670A,M-1810,item:029313,0.292455,0.292455,23,225,1.0,KG
202,SDC-VD1096202A,M-1810,item:039668,0.292455,0.292455,35,237,1.0,KG
202,SDC-VD0520132A,M-1810,item:049371,10.82084,10.82084,91,293,1.0,KG
202,SDC-VD0914320A,M-1810,item:055703,0.409437,0.409437,22,224,1.0,KG
202,SDC-VD0964290A,M-1810,item:055703,0.175473,0.175473,52,254,1.0,KG
202,SDC-VD0505677A,M-1810,item:099439,14.622757,14.622757,48,250,1.0,KG
202,SDC-VD0901566A,M-1810,item:338928,10000.0,10000.0,59,261,1.0,UN
202,SDC-VD0914360C,M-1810,item:338929,7203.328343,7203.328343,31,233,1.0,UN
202,SDC-VD0989480A,M-1810,item:426331,79.236612,79.236612,23,225,1.0,UN
202,SDC-1450,M-1810,item:693055,2924.551307,2924.551307,58,260,1.0,G
202,M-1430,DC-1920,item:268967,5200.0,5200.0,3,205,1.0,UN
202,M-1810,DC-1920,item:268091,7203.328343,7203.328343,4,206,1.0,UN
202,DC-1920,C-XXXXX,item:268967,5200.0,5200.0,2,204,1.0,UN
202,DC-1920,C-XXXXX,item:268091,7204.351444,7204.351444,3,205,1.0,UN
202,SDC-VD0949099A,SDC-1450,item:021081,275.560176,290.063343,112,314,0.95,KG
202,SDC-VD0960508A,SDC-1450,item:021081,78.731479,78.731479,125,327,1.0,KG
202,SDC-VD0972460A,SDC-1450,item:021081,19.68287,19.68287,72,274,1.0,KG
202,SDC-VD0975221A,SDC-1450,item:021081,19.68287,19.68287,60,262,1.0,KG
202,SDC-1450,M-1810,item:007923,23396.410459,23396.410459,1,203,1.0,G
203,SDC-VD0520132A,M-1430,item:038005,90.995715,90.995715,46,249,1.0,KG
203,SDC-VD0914690A,M-1430,item:042342,313778.4,313778.4,26,229,1.0,UN
203,SDC-VD0525412A,M-1430,item:333362,5200.0,5200.0,120,323,1.0,UN
203,SDC-VD0993480A,M-1430,item:344135,5200.0,5200.0,36,239,1.0,UN
203,SDC-VD0520115A,M-1430,item:708073,41.236,41.236,18,221,1.0,KG
203,SDC-VD0508918A,M-1430,item:730384,1102.4,1102.4,65,268,1.0,M
203,SDC-VD1095770A,M-1430,item:734545,41.6,41.6,24,227,1.0,UN
203,SDC-1450,M-1430,item:773474,50204.5336,50204.5336,17,220,1.0,G
203,SDC-VD0951020A,M-1810,item:001757,19.3256,19.3256,122,325,1.0,KG
203,SDC-VD0519670A,M-1810,item:001848,10.14594,10.14594,4,207,1.0,KG
203,SDC-VD0951020A,M-1810,item:001848,4.34826,4.34826,112,315,1.0,KG
203,SDC-VD0910216A,M-1810,item:001893,64.25762,64.25762,30,233,1.0,KG
203,SDC-VD1091642A,M-1810,item:001893,18.35932,18.35932,66,269,1.0,KG
203,SDC-VD0518684A,M-1810,item:001893,9.17966,9.17966,53,256,1.0,KG
203,SDC-VD0910216A,M-1810,item:002612,16.9099,16.9099,35,238,1.0,KG
203,SDC-VD0990780A,M-1810,item:002612,4.8314,4.8314,70,273,1.0,KG
203,SDC-VD1091642A,M-1810,item:002612,1.20785,1.20785,40,243,1.0,KG
203,SDC-VD0500655A,M-1810,item:002612,1.20785,1.20785,19,222,1.0,KG
203,SDC-VD0514881A,M-1810,item:016332,5.79768,5.79768,40,243,1.0,KG
203,SDC-VD0519670A,M-1810,item:029313,0.48314,0.48314,59,262,1.0,KG
203,SDC-VD1096202A,M-1810,item:039668,0.48314,0.48314,18,221,1.0,KG
203,SDC-VD0520132A,M-1810,item:049371,17.87618,17.87618,81,284,1.0,KG
203,SDC-VD0914320A,M-1810,item:055703,0.676396,0.676396,17,220,1.0,KG
203,SDC-VD0964290A,M-1810,item:055703,0.289884,0.289884,28,231,1.0,KG
203,SDC-VD0505677A,M-1810,item:099439,24.157,24.157,26,229,1.0,KG
203,SDC-VD0901566A,M-1810,item:338928,10000.0,10000.0,83,286,1.0,UN
203,SDC-VD0914360C,M-1810,item:338929,11900.0,11900.0,25,228,1.0,UN
203,SDC-VD0989480A,M-1810,item:426331,130.9,130.9,22,225,1.0,UN
203,SDC-1450,M-1810,item:693055,4831.4,4831.4,62,265,1.0,G
203,M-1430,DC-1920,item:268967,5200.0,5200.0,4,207,1.0,UN
203,M-1810,DC-1920,item:268091,11900.0,11900.0,3,206,1.0,UN
203,DC-1920,C-XXXXX,item:268967,5200.0,5200.0,2,205,1.0,UN
203,DC-1920,C-XXXXX,item:268091,7203.49886,7203.49886,4,207,1.0,UN
203,SDC-VD0949099A,SDC-1450,item:021081,286.223819,301.288231,72,275,0.95,KG
203,SDC-VD0960508A,SDC-1450,item:021081,81.778234,81.778234,75,278,1.0,KG
203,SDC-VD0972460A,SDC-1450,item:021081,20.444559,20.444559,66,269,1.0,KG
203,SDC-VD0975221A,SDC-1450,item:021081,20.444559,20.444559,154,357,1.0,KG
203,SDC-1450,M-1810,item:007923,38651.2,38651.2,2,205,1.0,G
204,SDC-VD0520132A,M-1430,item:038005,90.995715,90.995715,85,289,1.0,KG
204,SDC-VD0914690A,M-1430,item:042342,313778.4,313778.4,15,219,1.0,UN
204,SDC-VD0525412A,M-1430,item:333362,5200.0,5200.0,42,246,1.0,UN
204,SDC-VD0993480A,M-1430,item:344135,5200.0,5200.0,30,234,1.0,UN
204,SDC-VD0520115A,M-1430,item:708073,41.236,41.236,32,236,1.0,KG
204,SDC-VD0508918A,M-1430,item:730384,1102.4,1102.4,11,215,1.0,M
204,SDC-VD1095770A,M-1430,item:734545,41.6,41.6,19,223,1.0,UN
204,SDC-1450,M-1430,item:773474,50204.5336,50204.5336,15,219,1.0,G
204,SDC-VD0951020A,M-1810,item:001757,19.3256,19.3256,51,255,1.0,KG
204,SDC-VD0519670A,M-1810,item:001848,10.14594,10.14594,12,216,1.0,KG
204,SDC-VD0951020A,M-1810,item:001848,4.34826,4.34826,89,293,1.0,KG
204,SDC-VD0910216A,M-1810,item:001893,64.25762,64.25762,35,239,1.0,KG
204,SDC-VD1091642A,M-1810,item:001893,18.35932,18.35932,41,245,1.0,KG
204,SDC-VD0518684A,M-1810,item:001893,9.17966,9.17966,46,250,1.0,KG
204,SDC-VD0910216A,M-1810,item:002612,16.9099,16.9099,15,219,1.0,KG
204,SDC-VD0990780A,M-1810,item:002612,4.8314,4.8314,59,263,1.0,KG
204,SDC-VD1091642A,M-1810,item:002612,1.20785,1.20785,42,246,1.0,KG
204,SDC-VD0500655A,M-1810,item:002612,1.20785,1.20785,17,221,1.0,KG
204,SDC-VD0514881A,M-1810,item:016332,5.79768,5.79768,44,248,1.0,KG
204,SDC-VD0519670A,M-1810,item:029313,0.48314,0.48314,89,293,1.0,KG
204,SDC-VD1096202A,M-1810,item:039668,0.48314,0.48314,29,233,1.0,KG
204,SDC-VD0520132A,M-1810,item:049371,17.87618,17.87618,67,271,1.0,KG
204,SDC-VD0914320A,M-1810,item:055703,0.676396,0.676396,32,236,1.0,KG
204,SDC-VD0964290A,M-1810,item:055703,0.289884,0.289884,60,264,1.0,KG
204,SDC-VD0505677A,M-1810,item:099439,24.157,24.157,24,228,1.0,KG
204,SDC-VD0901566A,M-1810,item:338928,10000.0,10000.0,43,247,1.0,UN
204,SDC-VD0914360C,M-1810,item:338929,11900.0,11900.0,27,231,1.0,UN
204,SDC-VD0989480A,M-1810,item:426331,130.9,130.9,31,235,1.0,UN
204,SDC-1450,M-1810,item:693055,4831.4,4831.4,111,315,1.0,G
204,M-1430,DC-1920,item:268967,5200.0,5200.0,4,208,1.0,UN
204,M-1810,DC-1920,item:268091,11900.0,11900.0,2,206,1.0,UN
204,DC-1920,C-XXXXX,item:268967,5200.0,5200.0,2,206,1.0,UN
204,SDC-VD0949099A,SDC-1450,item:021081,293.947778,309.418714,240,444,0.95,KG
204,SDC-VD0960508A,SDC-1450,item:021081,83.98508,83.98508,110,314,1.0,KG
204,SDC-VD0972460A,SDC-1450,item:021081,20.99627,20.99627,78,282,1.0,KG
204,SDC-VD0975221A,SDC-1450,item:021081,20.99627,20.99627,79,283,1.0,KG
204,SDC-1450,M-1810,item:007923,38651.2,38651.2,1,205,1.0,G
205,SDC-VD0520132A,M-1430,item:038005,90.995715,90.995715,156,361,1.0,KG
205,SDC-VD0914690A,M-1430,item:042342,313778.4,313778.4,22,227,1.0,UN
205,SDC-VD0525412A,M-1430,item:333362,5200.0,5200.0,39,244,1.0,UN
205,SDC-VD0993480A,M-1430,item:344135,5200.0,5200.0,39,244,1.0,UN
205,SDC-VD0520115A,M-1430,item:708073,41.236,41.236,37,242,1.0,KG
205,SDC-VD0508918A,M-1430,item:730384,1102.4,1102.4,96,301,1.0,M
205,SDC-VD1095770A,M-1430,item:734545,41.6,41.6,12,217,1.0,UN
205,SDC-1450,M-1430,item:773474,50204.5336,50204.5336,8,213,1.0,G
205,SDC-VD0951020A,M-1810,item:001757,19.3256,19.3256,68,273,1.0,KG
205,SDC-VD0519670A,M-1810,item:001848,10.14594,10.14594,25,230,1.0,KG
205,SDC-VD0951020A,M-1810,item:001848,4.34826,4.34826,26,231,1.0,KG
205,SDC-VD0910216A,M-1810,item:001893,54.889103,54.889103,38,243,1.0,KG
205,SDC-VD1091642A,M-1810,item:001893,18.35932,18.35932,75,280,1.0,KG
205,SDC-VD0518684A,M-1810,item:001893,9.17966,9.17966,21,226,1.0,KG
205,SDC-VD1091642A,M-1810,item:001893,9.368517,9.368517,14,219,1.0,KG
205,SDC-VD0910216A,M-1810,item:002612,11.029185,11.029185,26,231,1.0,KG
205,SDC-VD0990780A,M-1810,item:002612,4.8314,4.8314,26,231,1.0,KG
205,SDC-VD1091642A,M-1810,item:002612,1.20785,1.20785,22,227,1.0,KG
205,SDC-VD0500655A,M-1810,item:002612,1.20785,1.20785,26,231,1.0,KG
205,SDC-VD0990780A,M-1810,item:002612,5.880715,5.880715,52,257,1.0,KG
205,SDC-VD0514881A,M-1810,item:016332,5.79768,5.79768,63,268,1.0,KG
205,SDC-VD0519670A,M-1810,item:029313,0.48314,0.48314,51,256,1.0,KG
205,SDC-VD1096202A,M-1810,item:039668,0.48314,0.48314,17,222,1.0,KG
205,SDC-VD0520132A,M-1810,item:049371,17.87618,17.87618,165,370,1.0,KG
205,SDC-VD0914320A,M-1810,item:055703,0.676396,0.676396,29,234,1.0,KG
205,SDC-VD0964290A,M-1810,item:055703,0.289884,0.289884,46,251,1.0,KG
205,SDC-VD0505677A,M-1810,item:099439,24.157,24.157,36,241,1.0,KG
205,SDC-VD0901566A,M-1810,item:338928,10000.0,10000.0,27,232,1.0,UN
205,SDC-VD0914360C,M-1810,item:338929,11900.0,11900.0,53,258,1.0,UN
205,SDC-VD0989480A,M-1810,item:426331,130.9,130.9,29,234,1.0,UN
205,SDC-1450,M-1810,item:693055,4831.4,4831.4,44,249,1.0,G
205,M-1430,DC-1920,item:268967,5200.0,5200.0,3,208,1.0,UN
205,M-1810,DC-1920,item:268091,11900.0,11900.0,5,210,1.0,UN
205,DC-1920,C-XXXXX,item:268967,10400.0,10400.0,2,207,1.0,UN
205,SDC-VD0949099A,SDC-1450,item:021081,299.539009,315.30422,70,275,0.95,KG
205,SDC-VD0960508A,SDC-1450,item:021081,85.582574,85.582574,54,259,1.0,KG
205,SDC-VD0972460A,SDC-1450,item:021081,21.395643,21.395643,33,238,1.0,KG
205,SDC-VD0975221A,SDC-1450,item:021081,21.395643,21.395643,87,292,1.0,KG
205,SDC-1450,M-1810,item:007923,38651.2,38651.2,1,206,1.0,G
206,SDC-VD0520132A,M-1430,item:038005,90.995715,90.995715,66,272,1.0,KG
206,SDC-VD0914690A,M-1430,item:042342,313778.4,313778.4,8,214,1.0,UN
206,SDC-VD0525412A,M-1430,item:333362,5200.0,5200.0,77,283,1.0,UN
206,SDC-VD0993480A,M-1430,item:344135,5200.0,5200.0,26,232,1.0,UN
206,SDC-VD0520115A,M-1430,item:708073,41.236,41.236,32,238,1.0,KG
206,SDC-VD0508918A,M-1430,item:730384,1102.4,1102.4,49,255,1.0,M
206,SDC-VD1095770A,M-1430,item:734545,41.6,41.6,18,224,1.0,UN
206,SDC-1450,M-1430,item:773474,50204.5336,50204.5336,8,214,1.0,G
206,SDC-VD0951020A,M-1810,item:001757,19.3256,19.3256,111,317,1.0,KG
206,SDC-VD0519670A,M-1810,item:001848,10.14594,10.14594,25,231,1.0,KG
206,SDC-VD0951020A,M-1810,item:001848,4.34826,4.34826,63,269,1.0,KG
206,SDC-VD0910216A,M-1810,item:001893,38.059308,38.059308,12,218,1.0,KG
206,SDC-VD1091642A,M-1810,item:001893,18.35932,18.35932,54,260,1.0,KG
206,SDC-VD0518684A,M-1810,item:001893,9.17966,9.17966,42,248,1.0,KG
206,SDC-VD1091642A,M-1810,item:001893,26.198312,26.198312,49,255,1.0,KG
206,SDC-VD0910216A,M-1810,item:002612,6.565393,6.565393,19,225,1.0,KG
206,SDC-VD0990780A,M-1810,item:002612,4.8314,4.8314,50,256,1.0,KG
206,SDC-VD1091642A,M-1810,item:002612,1.20785,1.20785,35,241,1.0,KG
206,SDC-VD0500655A,M-1810,item:002612,1.20785,1.20785,13,219,1.0,KG
206,SDC-VD0990780A,M-1810,item:002612,10.344507,10.344507,19,225,1.0,KG
206,SDC-VD0514881A,M-1810,item:016332,5.79768,5.79768,30,236,1.0,KG
206,SDC-VD0519670A,M-1810,item:029313,0.48314,0.48314,88,294,1.0,KG
206,SDC-VD1096202A,M-1810,item:039668,0.48314,0.48314,28,234,1.0,KG
206,SDC-VD0520132A,M-1810,item:049371,17.87618,17.87618,46,252,1.0,KG
206,SDC-VD0914320A,M-1810,item:055703,0.676396,0.676396,42,248,1.0,KG
206,SDC-VD0964290A,M-1810,item:055703,0.289884,0.289884,44,250,1.0,KG
206,SDC-VD0505677A,M-1810,item:099439,24.157,24.157,19,225,1.0,KG
206,SDC-VD0901566A,M-1810,item:338928,10000.0,10000.0,75,281,1.0,UN
206,SDC-VD0914360C,M-1810,item:338929,11900.0,11900.0,19,225,1.0,UN
206,SDC-VD0989480A,M-1810,item:426331,130.9,130.9,56,262,1.0,UN
206,SDC-1450,M-1810,item:693055,4831.4,4831.4,140,346,1.0,G
206,M-1430,DC-1920,item:268967,5200.0,5200.0,4,210,1.0,UN
206,M-1810,DC-1920,item:268091,11900.0,11900.0,4,210,1.0,UN
206,DC-1920,C-XXXXX,item:268091,31003.328343,31003.328343,4,210,1.0,UN
206,SDC-VD0949099A,SDC-1450,item:021081,303.585447,319.563629,108,314,0.95,KG
206,SDC-VD0960508A,SDC-1450,item:021081,86.738699,86.738699,51,257,1.0,KG
206,SDC-VD0972460A,SDC-1450,item:021081,21.684675,21.684675,131,337,1.0,KG
206,SDC-VD0975221A,SDC-1450,item:021081,21.684675,21.684675,150,356,1.0,KG
206,SDC-1450,M-1810,item:007923,38651.2,38651.2,3,209,1.0,G
207,SDC-VD0520132A,M-1430,item:038005,90.995715,90.995715,76,283,1.0,KG
207,SDC-VD0914690A,M-1430,item:042342,313778.4,313778.4,27,234,1.0,UN
207,SDC-VD0525412A,M-1430,item:333362,5200.0,5200.0,80,287,1.0,UN
207,SDC-VD0993480A,M-1430,item:344135,5200.0,5200.0,20,227,1.0,UN
207,SDC-VD0520115A,M-1430,item:708073,41.236,41.236,56,263,1.0,KG
207,SDC-VD0508918A,M-1430,item:730384,1102.4,1102.4,56,263,1.0,M
207,SDC-VD1095770A,M-1430,item:734545,41.6,41.6,11,218,1.0,UN
207,SDC-1450,M-1430,item:773474,50204.5336,50204.5336,6,213,1.0,G
207,SDC-VD0951020A,M-1810,item:001757,19.3256,19.3256,60,267,1.0,KG
207,SDC-VD0519670A,M-1810,item:001848,10.14594,10.14594,25,232,1.0,KG
207,SDC-VD0951020A,M-1810,item:001848,4.34826,4.34826,76,283,1.0,KG
207,SDC-VD0910216A,M-1810,item:001893,37.664371,37.664371,54,261,1.0,KG
207,SDC-VD1091642A,M-1810,item:001893,18.35932,18.35932,59,266,1.0,KG
207,SDC-VD0518684A,M-1810,item:001893,9.17966,9.17966,63,270,1.0,KG
207,SDC-VD1091642A,M-1810,item:001893,26.593249,26.593249,46,253,1.0,KG
207,SDC-VD0910216A,M-1810,item:002612,7.113844,7.113844,29,236,1.0,KG
207,SDC-VD0990780A,M-1810,item:002612,4.8314,4.8314,15,222,1.0,KG
207,SDC-VD1091642A,M-1810,item:002612,1.20785,1.20785,12,219,1.0,KG
207,SDC-VD0500655A,M-1810,item:002612,1.20785,1.20785,25,232,1.0,KG
207,SDC-VD0990780A,M-1810,item:002612,1.9571,1.9571,31,238,1.0,KG
207,SDC-VD1091642A,M-1810,item:002612,7.838956,7.838956,16,223,1.0,KG
207,SDC-VD0514881A,M-1810,item:016332,5.79768,5.79768,54,261,1.0,KG
207,SDC-VD0519670A,M-1810,item:029313,0.48314,0.48314,38,245,1.0,KG
207,SDC-VD1096202A,M-1810,item:039668,0.48314,0.48314,31,238,1.0,KG
207,SDC-VD0520132A,M-1810,item:049371,17.87618,17.87618,157,364,1.0,KG
207,SDC-VD0914320A,M-1810,item:055703,0.676396,0.676396,25,232,1.0,KG
207,SDC-VD0964290A,M-1810,item:055703,0.289884,0.289884,29,236,1.0,KG
207,SDC-VD0505677A,M-1810,item:099439,24.157,24.157,38,245,1.0,KG
207,SDC-VD0901566A,M-1810,item:338928,10000.0,10000.0,63,270,1.0,UN
207,SDC-VD0914360C,M-1810,item:338929,11900.0,11900.0,30,237,1.0,UN
207,SDC-VD0989480A,M-1810,item:426331,130.9,130.9,8,215,1.0,UN
207,SDC-1450,M-1810,item:693055,4831.4,4831.4,81,288,1.0,G
207,M-1430,DC-1920,item:268967,5200.0,5200.0,4,211,1.0,UN
207,M-1810,DC-1920,item:268091,11900.0,11900.0,5,212,1.0,UN
207,DC-1920,C-XXXXX,item:268967,5200.0,5200.0,2,209,1.0,UN
207,SDC-VD0949099A,SDC-1450,item:021081,306.51364,322.645937,109,316,0.95,KG
207,SDC-VD0960508A,SDC-1450,item:021081,87.575326,87.575326,161,368,1.0,KG
207,SDC-VD0972460A,SDC-1450,item:021081,21.893831,21.893831,153,360,1.0,KG
207,SDC-VD0975221A,SDC-1450,item:021081,21.893831,21.893831,61,268,1.0,KG
207,SDC-1450,M-1810,item:007923,38651.2,38651.2,1,208,1.0,G
208,SDC-VD0520132A,M-1430,item:038005,90.995715,90.995715,185,393,1.0,KG
208,SDC-VD0914690A,M-1430,item:042342,313778.4,313778.4,26,234,1.0,UN
208,SDC-VD0525412A,M-1430,item:333362,5200.0,5200.0,119,327,1.0,UN
208,SDC-VD0993480A,M-1430,item:344135,5200.0,5200.0,68,276,1.0,UN
208,SDC-VD0520115A,M-1430,item:708073,41.236,41.236,35,243,1.0,KG
208,SDC-VD0508918A,M-1430,item:730384,1102.4,1102.4,49,257,1.0,M
208,SDC-VD1095770A,M-1430,item:734545,41.6,41.6,9,217,1.0,UN
208,SDC-1450,M-1430,item:773474,50204.5336,50204.5336,8,216,1.0,G
208,SDC-VD0951020A,M-1810,item:001757,19.3256,19.3256,72,280,1.0,KG
208,SDC-VD0519670A,M-1810,item:001848,10.14594,10.14594,15,223,1.0,KG
208,SDC-VD0951020A,M-1810,item:001848,4.34826,4.34826,54,262,1.0,KG
208,SDC-VD0910216A,M-1810,item:001893,37.585384,37.585384,40,248,1.0,KG
208,SDC-VD1091642A,M-1810,item:001893,18.35932,18.35932,32,240,1.0,KG
208,SDC-VD0518684A,M-1810,item:001893,9.17966,9.17966,28,236,1.0,KG
208,SDC-VD1091642A,M-1810,item:001893,26.672236,26.672236,57,265,1.0,KG
208,SDC-VD0910216A,M-1810,item:002612,5.819699,5.819699,61,269,1.0,KG
208,SDC-VD0990780A,M-1810,item:002612,4.8314,4.8314,15,223,1.0,KG
208,SDC-VD1091642A,M-1810,item:002612,1.20785,1.20785,30,238,1.0,KG
208,SDC-VD0500655A,M-1810,item:002612,1.20785,1.20785,30,238,1.0,KG
208,SDC-VD0990780A,M-1810,item:002612,2.06576,2.06576,56,264,1.0,KG
208,SDC-VD1091642A,M-1810,item:002612,9.024441,9.024441,37,245,1.0,KG
208,SDC-VD0514881A,M-1810,item:016332,5.79768,5.79768,98,306,1.0,KG
208,SDC-VD0519670A,M-1810,item:029313,0.48314,0.48314,65,273,1.0,KG
208,SDC-VD1096202A,M-1810,item:039668,0.48314,0.48314,58,266,1.0,KG
208,SDC-VD0520132A,M-1810,item:049371,17.87618,17.87618,186,394,1.0,KG
208,SDC-VD0914320A,M-1810,item:055703,0.676396,0.676396,18,226,1.0,KG
208,SDC-VD0964290A,M-1810,item:055703,0.289884,0.289884,42,250,1.0,KG
208,SDC-VD0505677A,M-1810,item:099439,24.157,24.157,47,255,1.0,KG
208,SDC-VD0901566A,M-1810,item:338928,10000.0,10000.0,26,234,1.0,UN
208,SDC-VD0914360C,M-1810,item:338929,11900.0,11900.0,84,292,1.0,UN
208,SDC-VD0989480A,M-1810,item:426331,130.9,130.9,17,225,1.0,UN
208,SDC-1450,M-1810,item:693055,4831.4,4831.4,37,245,1.0,G
208,M-1430,DC-1920,item:268967,5200.0,5200.0,2,210,1.0,UN
208,M-1810,DC-1920,item:268091,11900.0,11900.0,2,210,1.0,UN
208,DC-1920,C-XXXXX,item:268967,10400.0,10400.0,2,210,1.0,UN
208,SDC-VD0949099A,SDC-1450,item:021081,308.632545,324.876363,124,332,0.95,KG
208,SDC-VD0960508A,SDC-1450,item:021081,88.180727,88.180727,125,333,1.0,KG
208,SDC-VD0972460A,SDC-1450,item:021081,22.045182,22.045182,140,348,1.0,KG
208,SDC-VD0975221A,SDC-1450,item:021081,22.045182,22.045182,112,320,1.0,KG
208,SDC-1450,M-1810,item:007923,38651.2,38651.2,1,209,1.0,G
209,SDC-VD0520132A,M-1430,item:038005,90.995715,90.995715,98,307,1.0,KG
209,SDC-VD0914690A,M-1430,item:042342,313778.4,313778.4,9,218,1.0,UN
209,SDC-VD0525412A,M-1430,item:333362,5200.0,5200.0,62,271,1.0,UN
209,SDC-VD0993480A,M-1430,item:344135,5200.0,5200.0,31,240,1.0,UN
209,SDC-VD0520115A,M-1430,item:708073,41.236,41.236,20,229,1.0,KG
209,SDC-VD0508918A,M-1430,item:730384,1102.4,1102.4,30,239,1.0,M
209,SDC-VD1095770A,M-1430,item:734545,41.6,41.6,9,218,1.0,UN
209,SDC-1450,M-1430,item:773474,50204.5336,50204.5336,7,216,1.0,G
209,SDC-VD0951020A,M-1810,item:001757,19.3256,19.3256,122,331,1.0,KG
209,SDC-VD0519670A,M-1810,item:001848,10.14594,10.14594,15,224,1.0,KG
209,SDC-VD0951020A,M-1810,item:001848,4.34826,4.34826,95,304,1.0,KG
209,SDC-VD0910216A,M-1810,item:001893,37.569587,37.569587,8,217,1.0,KG
209,SDC-VD1091642A,M-1810,item:001893,18.35932,18.35932,27,236,1.0,KG
209,SDC-VD0518684A,M-1810,item:001893,9.17966,9.17966,95,304,1.0,KG
209,SDC-VD1091642A,M-1810,item:001893,26.688033,26.688033,80,289,1.0,KG
209,SDC-VD0910216A,M-1810,item:002612,6.01905,6.01905,65,274,1.0,KG
209,SDC-VD0990780A,M-1810,item:002612,4.8314,4.8314,38,247,1.0,KG
209,SDC-VD1091642A,M-1810,item:002612,1.20785,1.20785,26,235,1.0,KG
209,SDC-VD0500655A,M-1810,item:002612,1.20785,1.20785,13,222,1.0,KG
209,SDC-VD0990780A,M-1810,item:002612,1.861064,1.861064,15,224,1.0,KG
209,SDC-VD1091642A,M-1810,item:002612,9.029786,9.029786,70,279,1.0,KG
209,SDC-VD0514881A,M-1810,item:016332,5.79768,5.79768,50,259,1.0,KG
209,SDC-VD0519670A,M-1810,item:029313,0.48314,0.48314,62,271,1.0,KG
209,SDC-VD1096202A,M-1810,item:039668,0.48314,0.48314,26,235,1.0,KG
209,SDC-VD0520132A,M-1810,item:049371,17.87618,17.87618,116,325,1.0,KG
209,SDC-VD0914320A,M-1810,item:055703,0.676396,0.676396,34,243,1.0,KG
209,SDC-VD0964290A,M-1810,item:055703,0.289884,0.289884,39,248,1.0,KG
209,SDC-VD0505677A,M-1810,item:099439,24.157,24.157,27,236,1.0,KG
209,SDC-VD0901566A,M-1810,item:338928,10000.0,10000.0,66,275,1.0,UN
209,SDC-VD0914360C,M-1810,item:338929,11900.0,11900.0,21,230,1.0,UN
209,SDC-VD0989480A,M-1810,item:426331,130.9,130.9,39,248,1.0,UN
209,SDC-1450,M-1810,item:693055,4831.4,4831.4,106,315,1.0,G
209,M-1430,DC-1920,item:268967,5200.0,5200.0,2,211,1.0,UN
209,M-1810,DC-1920,item:268091,11900.0,11900.0,2,211,1.0,UN
209,SDC-VD0949099A,SDC-1450,item:021081,310.165811,326.490327,92,301,0.95,KG
209,SDC-VD0960508A,SDC-1450,item:021081,88.618803,88.618803,114,323,1.0,KG
209,SDC-VD0972460A,SDC-1450,item:021081,22.154701,22.154701,131,340,1.0,KG
209,SDC-VD0975221A,SDC-1450,item:021081,22.154701,22.154701,80,289,1.0,KG
209,SDC-1450,M-1810,item:007923,38651.2,38651.2,1,210,1.0,G
210,SDC-VD0520132A,M-1430,item:038005,90.995715,90.995715,89,299,1.0,KG
210,SDC-VD0914690A,M-1430,item:042342,313778.4,313778.4,12,222,1.0,UN
210,SDC-VD0525412A,M-1430,item:333362,5200.0,5200.0,55,265,1.0,UN
210,SDC-VD0993480A,M-1430,item:344135,5200.0,5200.0,30,240,1.0,UN
210,SDC-VD0520115A,M-1430,item:708073,41.236,41.236,9,219,1.0,KG
210,SDC-VD0508918A,M-1430,item:730384,1102.4,1102.4,61,271,1.0,M
210,SDC-VD1095770A,M-1430,item:734545,41.6,41.6,16,226,1.0,UN
210,SDC-1450,M-1430,item:773474,50204.5336,50204.5336,11,221,1.0,G
210,SDC-VD0951020A,M-1810,item:001757,14.498255,14.498255,109,319,1.0,KG
210,SDC-VD0519670A,M-1810,item:001848,7.611584,7.611584,21,231,1.0,KG
210,SDC-VD0951020A,M-1810,item:001848,3.262107,3.262107,75,285,1.0,KG
210,SDC-VD0910216A,M-1810,item:001893,37.566427,37.566427,40,250,1.0,KG
210,SDC-VD1091642A,M-1810,item:001893,13.773343,13.773343,34,244,1.0,KG
210,SDC-VD0518684A,M-1810,item:001893,6.886671,6.886671,46,256,1.0,KG
210,SDC-VD1091642A,M-1810,item:001893,10.640272,10.640272,21,231,1.0,KG
210,SDC-VD0910216A,M-1810,item:002612,6.05892,6.05892,45,255,1.0,KG
210,SDC-VD0990780A,M-1810,item:002612,3.624564,3.624564,66,276,1.0,KG
210,SDC-VD1091642A,M-1810,item:002612,0.906141,0.906141,44,254,1.0,KG
210,SDC-VD0500655A,M-1810,item:002612,0.906141,0.906141,33,243,1.0,KG
210,SDC-VD0990780A,M-1810,item:002612,3.026961,3.026961,30,240,1.0,KG
210,SDC-VD1091642A,M-1810,item:002612,3.600092,3.600092,49,259,1.0,KG
210,SDC-VD0514881A,M-1810,item:016332,4.349477,4.349477,57,267,1.0,KG
210,SDC-VD0519670A,M-1810,item:029313,0.362456,0.362456,55,265,1.0,KG
210,SDC-VD1096202A,M-1810,item:039668,0.362456,0.362456,47,257,1.0,KG
210,SDC-VD0520132A,M-1810,item:049371,13.410886,13.410886,93,303,1.0,KG
210,SDC-VD0914320A,M-1810,item:055703,0.507439,0.507439,15,225,1.0,KG
210,SDC-VD0964290A,M-1810,item:055703,0.217474,0.217474,39,249,1.0,KG
210,SDC-VD0505677A,M-1810,item:099439,18.122819,18.122819,66,276,1.0,KG
210,SDC-VD0901566A,M-1810,item:338928,10000.0,10000.0,30,240,1.0,UN
210,SDC-VD0914360C,M-1810,item:338929,8927.497175,8927.497175,64,274,1.0,UN
210,SDC-VD0989480A,M-1810,item:426331,98.202469,98.202469,21,231,1.0,UN
210,SDC-1450,M-1810,item:693055,3624.563853,3624.563853,82,292,1.0,G
210,M-1430,DC-1920,item:268967,5200.0,5200.0,4,214,1.0,UN
210,DC-1920,C-XXXXX,item:268967,10400.0,10400.0,2,212,1.0,UN
210,DC-1920,C-XXXXX,item:268091,35700.0,35700.0,2,212,1.0,UN
210,SDC-VD0949099A,SDC-1450,item:021081,311.275296,327.658207,126,336,0.95,KG
210,SDC-VD0960508A,SDC-1450,item:021081,88.935799,88.935799,224,434,1.0,KG
210,SDC-VD0972460A,SDC-1450,item:021081,22.23395,22.23395,104,314,1.0,KG
210,SDC-VD0975221A,SDC-1450,item:021081,22.23395,22.23395,59,269,1.0,KG
210,SDC-1450,M-1810,item:007923,28996.510825,28996.510825,2,212,1.0,G
211,SDC-VD0520132A,M-1430,item:038005,90.995715,90.995715,103,314,1.0,KG
211,SDC-VD0914690A,M-1430,item:042342,313778.4,313778.4,11,222,1.0,UN
211,SDC-VD0525412A,M-1430,item:333362,5200.0,5200.0,69,280,1.0,UN
211,SDC-VD0993480A,M-1430,item:344135,5200.0,5200.0,19,230,1.0,UN
211,SDC-VD0520115A,M-1430,item:708073,41.236,41.236,31,242,1.0,KG
211,SDC-VD0508918A,M-1430,item:730384,1102.4,1102.4,52,263,1.0,M
211,SDC-VD1095770A,M-1430,item:734545,41.6,41.6,13,224,1.0,UN
211,SDC-1450,M-1430,item:773474,50204.5336,50204.5336,8,219,1.0,G
211,SDC-VD0951020A,M-1810,item:001757,9.987693,9.987693,125,336,1.0,KG
211,SDC-VD0519670A,M-1810,item:001848,5.243539,5.243539,13,224,1.0,KG
211,SDC-VD0951020A,M-1810,item:001848,2.247231,2.247231,53,264,1.0,KG
211,SDC-VD0910216A,M-1810,item:001893,33.209079,33.209079,41,252,1.0,KG
211,SDC-VD1091642A,M-1810,item:001893,9.488308,9.488308,37,248,1.0,KG
211,SDC-VD0518684A,M-1810,item:001893,4.744154,4.744154,49,260,1.0,KG
211,SDC-VD0910216A,M-1810,item:002612,6.066894,6.066894,50,261,1.0,KG
211,SDC-VD0990780A,M-1810,item:002612,2.496923,2.496923,17,228,1.0,KG
211,SDC-VD1091642A,M-1810,item:002612,0.624231,0.624231,58,269,1.0,KG
211,SDC-VD0500655A,M-1810,item:002612,0.624231,0.624231,14,225,1.0,KG
211,SDC-VD0990780A,M-1810,item:002612,2.672337,2.672337,70,281,1.0,KG
211,SDC-VD0514881A,M-1810,item:016332,2.996308,2.996308,50,261,1.0,KG
211,SDC-VD0519670A,M-1810,item:029313,0.249692,0.249692,60,271,1.0,KG
211,SDC-VD1096202A,M-1810,item:039668,0.249692,0.249692,58,269,1.0,KG
211,SDC-VD0520132A,M-1810,item:049371,9.238616,9.238616,73,284,1.0,KG
211,SDC-VD0914320A,M-1810,item:055703,0.349569,0.349569,35,246,1.0,KG
211,SDC-VD0964290A,M-1810,item:055703,0.149815,0.149815,31,242,1.0,KG
211,SDC-VD0505677A,M-1810,item:099439,12.484616,12.484616,44,255,1.0,KG
211,SDC-VD0901566A,M-1810,item:338928,10000.0,10000.0,64,275,1.0,UN
211,SDC-VD0914360C,M-1810,item:338929,6150.057143,6150.057143,65,276,1.0,UN
211,SDC-VD0989480A,M-1810,item:426331,67.650629,67.650629,25,236,1.0,UN
211,SDC-1450,M-1810,item:693055,2496.9232,2496.9232,20,231,1.0,G
211,M-1430,DC-1920,item:268967,5200.0,5200.0,2,213,1.0,UN
211,M-1810,DC-1920,item:268091,15077.554318,15077.554318,2,213,1.0,UN
211,DC-1920,C-XXXXX,item:268967,10400.0,10400.0,2,213,1.0,UN
211,DC-1920,C-XXXXX,item:268091,11900.0,11900.0,2,213,1.0,UN
211,SDC-VD0949099A,SDC-1450,item:021081,312.078128,328.503293,132,343,0.95,KG
211,SDC-VD0960508A,SDC-1450,item:021081,89.16518,89.16518,124,335,1.0,KG
211,SDC-VD0972460A,SDC-1450,item:021081,22.291295,22.291295,239,450,1.0,KG
211,SDC-VD0975221A,SDC-1450,item:021081,22.291295,22.291295,52,263,1.0,KG
211,SDC-1450,M-1810,item:007923,19975.385601,19975.385601,1,212,1.0,G
212,SDC-VD0520132A,M-1430,item:038005,90.995715,90.995715,130,342,1.0,KG
212,SDC-VD0914690A,M-1430,item:042342,313778.4,313778.4,23,235,1.0,UN
212,SDC-VD0525412A,M-1430,item:333362,5200.0,5200.0,66,278,1.0,UN
212,SDC-VD0993480A,M-1430,item:344135,5200.0,5200.0,22,234,1.0,UN
212,SDC-VD0520115A,M-1430,item:708073,41.236,41.236,35,247,1.0,KG
212,SDC-VD0508918A,M-1430,item:730384,1102.4,1102.4,23,235,1.0,M
212,SDC-VD1095770A,M-1430,item:734545,41.6,41.6,17,229,1.0,UN
212,SDC-1450,M-1430,item:773474,50204.5336,50204.5336,9,221,1.0,G
212,SDC-VD0951020A,M-1810,item:001757,11.985231,11.985231,91,303,1.0,KG
212,SDC-VD0519670A,M-1810,item:001848,6.292246,6.292246,18,230,1.0,KG
212,SDC-VD0951020A,M-1810,item:001848,2.696677,2.696677,31,243,1.0,KG
212,SDC-VD0910216A,M-1810,item:001893,39.850894,39.850894,28,240,1.0,KG
212,SDC-VD1091642A,M-1810,item:001893,11.38597,11.38597,57,269,1.0,KG
212,SDC-VD0518684A,M-1810,item:001893,5.692985,5.692985,56,268,1.0,KG
212,SDC-VD0910216A,M-1810,item:002612,6.068489,6.068489,34,246,1.0,KG
212,SDC-VD0990780A,M-1810,item:002612,2.996308,2.996308,34,246,1.0,KG
212,SDC-VD1091642A,M-1810,item:002612,0.749077,0.749077,22,234,1.0,KG
212,SDC-VD0500655A,M-1810,item:002612,0.749077,0.749077,25,237,1.0,KG
212,SDC-VD0990780A,M-1810,item:002612,4.418588,4.418588,24,236,1.0,KG
212,SDC-VD0514881A,M-1810,item:016332,3.595569,3.595569,56,268,1.0,KG
212,SDC-VD0519670A,M-1810,item:029313,0.299631,0.299631,98,310,1.0,KG
212,SDC-VD1096202A,M-1810,item:039668,0.299631,0.299631,58,270,1.0,KG
212,SDC-VD0520132A,M-1810,item:049371,11.086339,11.086339,86,298,1.0,KG
212,SDC-VD0914320A,M-1810,item:055703,0.419483,0.419483,5,217,1.0,KG
212,SDC-VD0964290A,M-1810,item:055703,0.179778,0.179778,17,229,1.0,KG
212,SDC-VD0505677A,M-1810,item:099439,14.981539,14.981539,16,228,1.0,KG
212,SDC-VD0901566A,M-1810,item:338928,10000.0,10000.0,40,252,1.0,UN
212,SDC-VD0914360C,M-1810,item:338929,7380.068572,7380.068572,23,235,1.0,UN
212,SDC-VD0989480A,M-1810,item:426331,81.180754,81.180754,12,224,1.0,UN
212,SDC-1450,M-1810,item:693055,2996.30784,2996.30784,73,285,1.0,G
212,M-1430,DC-1920,item:268967,5200.0,5200.0,5,217,1.0,UN
212,M-1810,DC-1920,item:268091,7380.068572,7380.068572,5,217,1.0,UN
212,DC-1920,C-XXXXX,item:268091,11900.0,11900.0,4,216,1.0,UN
212,SDC-VD0949099A,SDC-1450,item:021081,312.659063,329.114803,27,239,0.95,KG
212,SDC-VD0960508A,SDC-1450,item:021081,89.331161,89.331161,134,346,1.0,KG
212,SDC-VD0972460A,SDC-1450,item:021081,22.33279,22.33279,126,338,1.0,KG
212,SDC-VD0975221A,SDC-1450,item:021081,22.33279,22.33279,100,312,1.0,KG
212,SDC-1450,M-1810,item:007923,23970.462721,23970.462721,2,214,1.0,G
213,SDC-VD0520132A,M-1430,item:038005,90.995715,90.995715,98,311,1.0,KG
213,SDC-VD0914690A,M-1430,item:042342,313778.4,313778.4,18,231,1.0,UN
213,SDC-VD0525412A,M-1430,item:333362,5200.0,5200.0,34,247,1.0,UN
213,SDC-VD0993480A,M-1430,item:344135,5200.0,5200.0,20,233,1.0,UN
213,SDC-VD0520115A,M-1430,item:708073,41.236,41.236,37,250,1.0,KG
213,SDC-VD0508918A,M-1430,item:730384,1102.4,1102.4,57,270,1.0,M
213,SDC-VD1095770A,M-1430,item:734545,41.6,41.6,24,237,1.0,UN
213,SDC-1450,M-1430,item:773474,50204.5336,50204.5336,23,236,1.0,G
213,SDC-VD0951020A,M-1810,item:001757,12.384739,12.384739,102,315,1.0,KG
213,SDC-VD0519670A,M-1810,item:001848,6.501988,6.501988,28,241,1.0,KG
213,SDC-VD0951020A,M-1810,item:001848,2.786566,2.786566,46,259,1.0,KG
213,SDC-VD0910216A,M-1810,item:001893,41.179257,41.179257,26,239,1.0,KG
213,SDC-VD1091642A,M-1810,item:001893,11.765502,11.765502,67,280,1.0,KG
213,SDC-VD0518684A,M-1810,item:001893,5.882751,5.882751,44,257,1.0,KG
213,SDC-VD0910216A,M-1810,item:002612,6.068808,6.068808,15,228,1.0,KG
213,SDC-VD0990780A,M-1810,item:002612,3.096185,3.096185,47,260,1.0,KG
213,SDC-VD1091642A,M-1810,item:002612,0.774046,0.774046,61,274,1.0,KG
213,SDC-VD0500655A,M-1810,item:002612,0.774046,0.774046,22,235,1.0,KG
213,SDC-VD0990780A,M-1810,item:002612,4.767838,4.767838,48,261,1.0,KG
213,SDC-VD0514881A,M-1810,item:016332,3.715422,3.715422,66,279,1.0,KG
213,SDC-VD0519670A,M-1810,item:029313,0.309618,0.309618,21,234,1.0,KG
213,SDC-VD1096202A,M-1810,item:039668,0.309618,0.309618,37,250,1.0,KG
213,SDC-VD0520132A,M-1810,item:049371,11.455884,11.455884,142,355,1.0,KG
213,SDC-VD0914320A,M-1810,item:055703,0.433466,0.433466,22,235,1.0,KG
213,SDC-VD0964290A,M-1810,item:055703,0.185771,0.185771,41,254,1.0,KG
213,SDC-VD0505677A,M-1810,item:099439,15.480924,15.480924,64,277,1.0,KG
213,SDC-VD0901566A,M-1810,item:338928,10000.0,10000.0,140,353,1.0,UN
213,SDC-VD0914360C,M-1810,item:338929,7626.070858,7626.070858,37,250,1.0,UN
213,SDC-VD0989480A,M-1810,item:426331,83.886779,83.886779,28,241,1.0,UN
213,SDC-1450,M-1810,item:693055,3096.184768,3096.184768,42,255,1.0,G
213,M-1430,DC-1920,item:268967,5200.0,5200.0,5,218,1.0,UN
213,M-1810,DC-1920,item:268091,7626.070858,7626.070858,6,219,1.0,UN
213,DC-1920,C-XXXXX,item:268967,5200.0,5200.0,2,215,1.0,UN
213,DC-1920,C-XXXXX,item:268091,15077.554318,15077.554318,2,215,1.0,UN
213,SDC-VD0949099A,SDC-1450,item:021081,313.079432,329.557297,179,392,0.95,KG
213,SDC-VD0960508A,SDC-1450,item:021081,89.451266,89.451266,81,294,1.0,KG
213,SDC-VD0972460A,SDC-1450,item:021081,22.362817,22.362817,82,295,1.0,KG
213,SDC-VD0975221A,SDC-1450,item:021081,22.362817,22.362817,48,261,1.0,KG
213,SDC-1450,M-1810,item:007923,24769.478145,24769.478145,2,215,1.0,G
214,SDC-VD0520132A,M-1430,item:038005,90.995715,90.995715,107,321,1.0,KG
214,SDC-VD0914690A,M-1430,item:042342,313778.4,313778.4,14,228,1.0,UN
214,SDC-VD0525412A,M-1430,item:333362,5200.0,5200.0,18,232,1.0,UN
214,SDC-VD0993480A,M-1430,item:344135,5200.0,5200.0,24,238,1.0,UN
214,SDC-VD0520115A,M-1430,item:708073,41.236,41.236,19,233,1.0,KG
214,SDC-VD0508918A,M-1430,item:730384,1102.4,1102.4,81,295,1.0,M
214,SDC-VD1095770A,M-1430,item:734545,41.6,41.6,32,246,1.0,UN
214,SDC-1450,M-1430,item:773474,50204.5336,50204.5336,8,222,1.0,G
214,SDC-VD0951020A,M-1810,item:001757,12.464641,12.464641,102,316,1.0,KG
214,SDC-VD0519670A,M-1810,item:001848,6.543936,6.543936,6,220,1.0,KG
214,SDC-VD0951020A,M-1810,item:001848,2.804544,2.804544,99,313,1.0,KG
214,SDC-VD0910216A,M-1810,item:001893,41.44493,41.44493,24,238,1.0,KG
214,SDC-VD1091642A,M-1810,item:001893,11.841409,11.841409,25,239,1.0,KG
214,SDC-VD0518684A,M-1810,item:001893,5.920704,5.920704,33,247,1.0,KG
214,SDC-VD0910216A,M-1810,item:002612,6.298181,6.298181,23,237,1.0,KG
214,SDC-VD0990780A,M-1810,item:002612,3.11616,3.11616,26,240,1.0,KG
214,SDC-VD1091642A,M-1810,item:002612,0.77904,0.77904,11,225,1.0,KG
214,SDC-VD0500655A,M-1810,item:002612,0.77904,0.77904,18,232,1.0,KG
214,SDC-VD0990780A,M-1810,item:002612,4.60838,4.60838,61,275,1.0,KG
214,SDC-VD0514881A,M-1810,item:016332,3.739392,3.739392,92,306,1.0,KG
214,SDC-VD0519670A,M-1810,item:029313,0.311616,0.311616,18,232,1.0,KG
214,SDC-VD1096202A,M-1810,item:039668,0.311616,0.311616,18,232,1.0,KG
214,SDC-VD0520132A,M-1810,item:049371,11.529793,11.529793,94,308,1.0,KG
214,SDC-VD0914320A,M-1810,item:055703,0.436262,0.436262,26,240,1.0,KG
214,SDC-VD0964290A,M-1810,item:055703,0.18697,0.18697,25,239,1.0,KG
214,SDC-VD0505677A,M-1810,item:099439,15.580801,15.580801,30,244,1.0,KG
214,SDC-VD0901566A,M-1810,item:338928,10000.0,10000.0,63,277,1.0,UN
214,SDC-VD0914360C,M-1810,item:338929,7675.271315,7675.271315,36,250,1.0,UN
214,SDC-VD0989480A,M-1810,item:426331,84.427984,84.427984,9,223,1.0,UN
214,SDC-1450,M-1810,item:693055,3116.160154,3116.160154,69,283,1.0,G
214,M-1430,DC-1920,item:268967,5200.0,5200.0,3,217,1.0,UN
214,M-1810,DC-1920,item:268091,7675.271315,7675.271315,2,216,1.0,UN
214,DC-1920,C-XXXXX,item:268967,5200.0,5200.0,4,218,1.0,UN
214,SDC-VD0949099A,SDC-1450,item:021081,313.383614,329.877488,185,399,0.95,KG
214,SDC-VD0960508A,SDC-1450,item:021081,89.538175,89.538175,50,264,1.0,KG
214,SDC-VD0972460A,SDC-1450,item:021081,22.384544,22.384544,119,333,1.0,KG
214,SDC-VD0975221A,SDC-1450,item:021081,22.384544,22.384544,102,316,1.0,KG
214,SDC-1450,M-1810,item:007923,24929.28123,24929.28123,1,215,1.0,G
215,SDC-VD0520132A,M-1430,item:038005,90.995715,90.995715,149,364,1.0,KG
215,SDC-VD0914690A,M-1430,item:042342,313778.4,313778.4,13,228,1.0,UN
215,SDC-VD0525412A,M-1430,item:333362,5200.0,5200.0,39,254,1.0,UN
215,SDC-VD0993480A,M-1430,item:344135,5200.0,5200.0,32,247,1.0,UN
215,SDC-VD0520115A,M-1430,item:708073,41.236,41.236,18,233,1.0,KG
215,SDC-VD0508918A,M-1430,item:730384,1102.4,1102.4,78,293,1.0,M
215,SDC-VD1095770A,M-1430,item:734545,41.6,41.6,25,240,1.0,UN
215,SDC-1450,M-1430,item:773474,50204.5336,50204.5336,3,218,1.0,G
215,SDC-VD0951020A,M-1810,item:001757,12.480621,12.480621,66,281,1.0,KG
215,SDC-VD0519670A,M-1810,item:001848,6.552326,6.552326,27,242,1.0,KG
215,SDC-VD0951020A,M-1810,item:001848,2.80814,2.80814,16,231,1.0,KG
215,SDC-VD0910216A,M-1810,item:001893,41.498065,41.498065,8,223,1.0,KG
215,SDC-VD1091642A,M-1810,item:001893,11.85659,11.85659,44,259,1.0,KG
215,SDC-VD0518684A,M-1810,item:001893,5.928295,5.928295,23,238,1.0,KG
215,SDC-VD0910216A,M-1810,item:002612,6.344055,6.344055,49,264,1.0,KG
215,SDC-VD0990780A,M-1810,item:002612,3.120155,3.120155,17,232,1.0,KG
215,SDC-VD1091642A,M-1810,item:002612,0.780039,0.780039,20,235,1.0,KG
215,SDC-VD0500655A,M-1810,item:002612,0.780039,0.780039,24,239,1.0,KG
215,SDC-VD0990780A,M-1810,item:002612,4.576488,4.576488,22,237,1.0,KG
215,SDC-VD0514881A,M-1810,item:016332,3.744186,3.744186,29,244,1.0,KG
215,SDC-VD0519670A,M-1810,item:029313,0.312016,0.312016,46,261,1.0,KG
215,SDC-VD1096202A,M-1810,item:039668,0.312016,0.312016,37,252,1.0,KG
215,SDC-VD0520132A,M-1810,item:049371,11.544574,11.544574,193,408,1.0,KG
215,SDC-VD0914320A,M-1810,item:055703,0.436822,0.436822,14,229,1.0,KG
215,SDC-VD0964290A,M-1810,item:055703,0.187209,0.187209,43,258,1.0,KG
215,SDC-VD0505677A,M-1810,item:099439,15.600776,15.600776,60,275,1.0,KG
215,SDC-VD0901566A,M-1810,item:338928,10000.0,10000.0,88,303,1.0,UN
215,SDC-VD0914360C,M-1810,item:338929,7685.111406,7685.111406,12,227,1.0,UN
215,SDC-VD0989480A,M-1810,item:426331,84.536225,84.536225,27,242,1.0,UN
215,SDC-1450,M-1810,item:693055,3120.155231,3120.155231,75,290,1.0,G
215,M-1430,DC-1920,item:268967,5200.0,5200.0,3,218,1.0,UN
215,M-1810,DC-1920,item:268091,7685.111406,7685.111406,3,218,1.0,UN
215,SDC-VD0949099A,SDC-1450,item:021081,313.603721,330.10918,226,441,0.95,KG
215,SDC-VD0960508A,SDC-1450,item:021081,89.601063,89.601063,74,289,1.0,KG
215,SDC-VD0972460A,SDC-1450,item:021081,22.400266,22.400266,92,307,1.0,KG
215,SDC-VD0975221A,SDC-1450,item:021081,22.400266,22.400266,160,375,1.0,KG
215,SDC-1450,M-1810,item:007923,24961.241847,24961.241847,3,218,1.0,G
216,SDC-VD0520132A,M-1430,item:038005,90.995715,90.995715,150,366,1.0,KG
216,SDC-VD0914690A,M-1430,item:042342,313778.4,313778.4,26,242,1.0,UN
216,SDC-VD0525412A,M-1430,item:333362,5200.0,5200.0,120,336,1.0,UN
216,SDC-VD0993480A,M-1430,item:344135,5200.0,5200.0,62,278,1.0,UN
216,SDC-VD0520115A,M-1430,item:708073,41.236,41.236,37,253,1.0,KG
216,SDC-VD0508918A,M-1430,item:730384,1102.4,1102.4,84,300,1.0,M
216,SDC-VD1095770A,M-1430,item:734545,41.6,41.6,26,242,1.0,UN
216,SDC-1450,M-1430,item:773474,50204.5336,50204.5336,24,240,1.0,G
216,SDC-VD0951020A,M-1810,item:001757,12.483817,12.483817,168,384,1.0,KG
216,SDC-VD0519670A,M-1810,item:001848,6.554004,6.554004,27,243,1.0,KG
216,SDC-VD0951020A,M-1810,item:001848,2.808859,2.808859,14,230,1.0,KG
216,SDC-VD0910216A,M-1810,item:001893,35.513715,35.513715,35,251,1.0,KG
216,SDC-VD1091642A,M-1810,item:001893,11.859626,11.859626,6,222,1.0,KG
216,SDC-VD0518684A,M-1810,item:001893,5.929813,5.929813,44,260,1.0,KG
216,SDC-VD1091642A,M-1810,item:001893,5.994977,5.994977,51,267,1.0,KG
216,SDC-VD0910216A,M-1810,item:002612,6.35323,6.35323,53,269,1.0,KG
216,SDC-VD0990780A,M-1810,item:002612,3.120954,3.120954,65,281,1.0,KG
216,SDC-VD1091642A,M-1810,item:002612,0.780239,0.780239,70,286,1.0,KG
216,SDC-VD0500655A,M-1810,item:002612,0.780239,0.780239,33,249,1.0,KG
216,SDC-VD0990780A,M-1810,item:002612,4.57011,4.57011,30,246,1.0,KG
216,SDC-VD0514881A,M-1810,item:016332,3.745145,3.745145,27,243,1.0,KG
216,SDC-VD0519670A,M-1810,item:029313,0.312095,0.312095,108,324,1.0,KG
216,SDC-VD1096202A,M-1810,item:039668,0.312095,0.312095,23,239,1.0,KG
216,SDC-VD0520132A,M-1810,item:049371,11.547531,11.547531,184,400,1.0,KG
216,SDC-VD0914320A,M-1810,item:055703,0.436934,0.436934,17,233,1.0,KG
216,SDC-VD0964290A,M-1810,item:055703,0.187257,0.187257,79,295,1.0,KG
216,SDC-VD0505677A,M-1810,item:099439,15.604771,15.604771,47,263,1.0,KG
216,SDC-VD0901566A,M-1810,item:338928,10000.0,10000.0,38,254,1.0,UN
216,SDC-VD0914360C,M-1810,item:338929,7687.079424,7687.079424,84,300,1.0,UN
216,SDC-VD0989480A,M-1810,item:426331,84.557874,84.557874,23,239,1.0,UN
216,SDC-1450,M-1810,item:693055,3120.954246,3120.954246,28,244,1.0,G
216,M-1430,DC-1920,item:268967,5200.0,5200.0,2,218,1.0,UN
216,M-1810,DC-1920,item:268091,7687.079424,7687.079424,6,222,1.0,UN
216,DC-1920,C-XXXXX,item:268091,7675.271315,7675.271315,1,217,1.0,UN
216,SDC-VD0949099A,SDC-1450,item:021081,313.762993,330.276835,95,311,0.95,KG
216,SDC-VD0960508A,SDC-1450,item:021081,89.646569,89.646569,168,384,1.0,KG
216,SDC-VD0972460A,SDC-1450,item:021081,22.411642,22.411642,123,339,1.0,KG
216,SDC-VD0975221A,SDC-1450,item:021081,22.411642,22.411642,216,432,1.0,KG
216,SDC-1450,M-1810,item:007923,24967.633971,24967.633971,3,219,1.0,G
217,SDC-VD0520132A,M-1430,item:038005,47.467347,47.467347,161,378,1.0,KG
217,SDC-VD0914690A,M-1430,item:042342,163680.544583,163680.544583,15,232,1.0,UN
217,SDC-VD0525412A,M-1430,item:333362,2712.547555,2712.547555,75,292,1.0,UN
217,SDC-VD0993480A,M-1430,item:344135,2712.547555,2712.547555,37,254,1.0,UN
217,SDC-VD0520115A,M-1430,item:708073,21.510502,21.510502,56,273,1.0,KG
217,SDC-VD0508918A,M-1430,item:730384,575.060082,575.060082,55,272,1.0,M
217,SDC-VD1095770A,M-1430,item:734545,21.70038,21.70038,13,230,1.0,UN
217,SDC-1450,M-1430,item:773474,26188.881708,26188.881708,6,223,1.0,G
217,SDC-VD0951020A,M-1810,item:001757,7.651803,7.651803,163,380,1.0,KG
217,SDC-VD0519670A,M-1810,item:001848,4.017197,4.017197,17,234,1.0,KG
217,SDC-VD0951020A,M-1810,item:001848,1.721656,1.721656,46,263,1.0,KG
217,SDC-VD0910216A,M-1810,item:001893,24.149248,24.149248,25,242,1.0,KG
217,SDC-VD1091642A,M-1810,item:001893,7.269213,7.269213,44,261,1.0,KG
217,SDC-VD0518684A,M-1810,item:001893,3.634607,3.634607,44,261,1.0,KG
217,SDC-VD1091642A,M-1810,item:001893,1.292998,1.292998,43,260,1.0,KG
217,SDC-VD0910216A,M-1810,item:002612,6.355065,6.355065,51,268,1.0,KG
217,SDC-VD0990780A,M-1810,item:002612,1.912951,1.912951,43,260,1.0,KG
217,SDC-VD1091642A,M-1810,item:002612,0.478238,0.478238,24,241,1.0,KG
217,SDC-VD0500655A,M-1810,item:002612,0.478238,0.478238,24,241,1.0,KG
217,SDC-VD0990780A,M-1810,item:002612,0.340263,0.340263,28,245,1.0,KG
217,SDC-VD0514881A,M-1810,item:016332,2.295541,2.295541,77,294,1.0,KG
217,SDC-VD0519670A,M-1810,item:029313,0.191295,0.191295,40,257,1.0,KG
217,SDC-VD1096202A,M-1810,item:039668,0.191295,0.191295,70,287,1.0,KG
217,SDC-VD0520132A,M-1810,item:049371,7.077918,7.077918,218,435,1.0,KG
217,SDC-VD0914320A,M-1810,item:055703,0.267813,0.267813,11,228,1.0,KG
217,SDC-VD0964290A,M-1810,item:055703,0.114777,0.114777,37,254,1.0,KG
217,SDC-VD0505677A,M-1810,item:099439,9.564754,9.564754,23,240,1.0,KG
217,SDC-VD0901566A,M-1810,item:338928,10000.0,10000.0,65,282,1.0,UN
217,SDC-VD0914360C,M-1810,item:338929,4711.701599,4711.701599,49,266,1.0,UN
217,SDC-VD0989480A,M-1810,item:426331,51.828718,51.828718,46,263,1.0,UN
217,SDC-1450,M-1810,item:693055,1912.950849,1912.950849,119,336,1.0,G
217,DC-1920,C-XXXXX,item:268967,10400.0,10400.0,2,219,1.0,UN
217,DC-1920,C-XXXXX,item:268091,7380.068572,7380.068572,3,220,1.0,UN
217,SDC-VD0949099A,SDC-1450,item:021081,313.878243,330.39815,122,339,0.95,KG
217,SDC-VD0960508A,SDC-1450,item:021081,89.679498,89.679498,156,373,1.0,KG
217,SDC-VD0972460A,SDC-1450,item:021081,22.419874,22.419874,192,409,1.0,KG
217,SDC-VD0975221A,SDC-1450,item:021081,22.419874,22.419874,189,406,1.0,KG
217,SDC-1450,M-1810,item:007923,15303.606794,15303.606794,1,218,1.0,G
218,SDC-VD0520132A,M-1430,item:038005,16.553221,16.553221,127,345,1.0,KG
218,SDC-VD0914690A,M-1430,item:042342,57080.083865,57080.083865,18,236,1.0,UN
218,SDC-VD0525412A,M-1430,item:333362,945.942857,945.942857,28,246,1.0,UN
218,SDC-VD0993480A,M-1430,item:344135,945.942857,945.942857,33,251,1.0,UN
218,SDC-VD0520115A,M-1430,item:708073,7.501327,7.501327,42,260,1.0,KG
218,SDC-VD0508918A,M-1430,item:730384,200.539886,200.539886,37,255,1.0,M
218,SDC-VD1095770A,M-1430,item:734545,7.567543,7.567543,26,244,1.0,UN
218,SDC-1450,M-1430,item:773474,9132.811527,9132.811527,4,222,1.0,G
218,SDC-VD0951020A,M-1810,item:001757,5.15504,5.15504,65,283,1.0,KG
218,SDC-VD0519670A,M-1810,item:001848,2.706396,2.706396,16,234,1.0,KG
218,SDC-VD0951020A,M-1810,item:001848,1.159884,1.159884,50,268,1.0,KG
218,SDC-VD0910216A,M-1810,item:001893,17.140508,17.140508,56,274,1.0,KG
218,SDC-VD1091642A,M-1810,item:001893,4.897288,4.897288,19,237,1.0,KG
218,SDC-VD0518684A,M-1810,item:001893,2.448644,2.448644,33,251,1.0,KG
218,SDC-VD0910216A,M-1810,item:002612,4.51066,4.51066,58,276,1.0,KG
218,SDC-VD0990780A,M-1810,item:002612,1.28876,1.28876,35,253,1.0,KG
218,SDC-VD1091642A,M-1810,item:002612,0.32219,0.32219,29,247,1.0,KG
218,SDC-VD0500655A,M-1810,item:002612,0.32219,0.32219,56,274,1.0,KG
218,SDC-VD0514881A,M-1810,item:016332,1.546512,1.546512,79,297,1.0,KG
218,SDC-VD0519670A,M-1810,item:029313,0.128876,0.128876,38,256,1.0,KG
218,SDC-VD1096202A,M-1810,item:039668,0.128876,0.128876,9,227,1.0,KG
218,SDC-VD0520132A,M-1810,item:049371,4.768412,4.768412,239,457,1.0,KG
218,SDC-VD0914320A,M-1810,item:055703,0.180426,0.180426,28,246,1.0,KG
218,SDC-VD0964290A,M-1810,item:055703,0.077326,0.077326,25,243,1.0,KG
218,SDC-VD0505677A,M-1810,item:099439,6.4438,6.4438,25,243,1.0,KG
218,SDC-VD0901566A,M-1810,item:338928,10000.0,10000.0,33,251,1.0,UN
218,SDC-VD0914360C,M-1810,item:338929,3174.285714,3174.285714,30,248,1.0,UN
218,SDC-VD0989480A,M-1810,item:426331,34.917143,34.917143,56,274,1.0,UN
218,SDC-1450,M-1810,item:693055,1288.76,1288.76,25,243,1.0,G
218,M-1430,DC-1920,item:268967,2340.000001,2340.000001,3,221,1.0,UN
218,M-1810,DC-1920,item:268091,4776.738313,4776.738313,5,223,1.0,UN
218,DC-1920,C-XXXXX,item:268967,15600.0,15600.0,3,221,1.0,UN
218,DC-1920,C-XXXXX,item:268091,7685.111406,7685.111406,4,222,1.0,UN
218,SDC-VD0949099A,SDC-1450,item:021081,283.903649,298.845946,204,422,0.95,KG
218,SDC-VD0960508A,SDC-1450,item:021081,81.115328,81.115328,107,325,1.0,KG
218,SDC-VD0972460A,SDC-1450,item:021081,20.278832,20.278832,99,317,1.0,KG
218,SDC-VD0975221A,SDC-1450,item:021081,20.278832,20.278832,154,372,1.0,KG
218,SDC-1450,M-1810,item:007923,10310.08,10310.08,2,220,1.0,G
219,SDC-VD0520132A,M-1430,item:038005,15.249365,15.249365,157,376,1.0,KG
219,SDC-VD0914690A,M-1430,item:042342,52584.03096,52584.03096,35,254,1.0,UN
219,SDC-VD0525412A,M-1430,item:333362,871.433346,871.433346,10,229,1.0,UN
219,SDC-VD0993480A,M-1430,item:344135,871.433346,871.433346,36,255,1.0,UN
219,SDC-VD0520115A,M-1430,item:708073,6.910466,6.910466,10,229,1.0,KG
219,SDC-VD0508918A,M-1430,item:730384,184.743869,184.743869,54,273,1.0,M
219,SDC-VD1095770A,M-1430,item:734545,6.971467,6.971467,17,236,1.0,UN
219,SDC-1450,M-1430,item:773474,8413.443211,8413.443211,8,227,1.0,G
219,SDC-VD0951020A,M-1810,item:001757,5.176164,5.176164,103,322,1.0,KG
219,SDC-VD0519670A,M-1810,item:001848,2.717486,2.717486,24,243,1.0,KG
219,SDC-VD0951020A,M-1810,item:001848,1.164637,1.164637,61,280,1.0,KG
219,SDC-VD0910216A,M-1810,item:001893,17.210745,17.210745,46,265,1.0,KG
219,SDC-VD1091642A,M-1810,item:001893,4.917356,4.917356,55,274,1.0,KG
219,SDC-VD0518684A,M-1810,item:001893,2.458678,2.458678,59,278,1.0,KG
219,SDC-VD0910216A,M-1810,item:002612,4.529143,4.529143,70,289,1.0,KG
219,SDC-VD0990780A,M-1810,item:002612,1.294041,1.294041,38,257,1.0,KG
219,SDC-VD1091642A,M-1810,item:002612,0.32351,0.32351,29,248,1.0,KG
219,SDC-VD0500655A,M-1810,item:002612,0.32351,0.32351,31,250,1.0,KG
219,SDC-VD0514881A,M-1810,item:016332,1.552849,1.552849,21,240,1.0,KG
219,SDC-VD0519670A,M-1810,item:029313,0.129404,0.129404,34,253,1.0,KG
219,SDC-VD1096202A,M-1810,item:039668,0.129404,0.129404,31,250,1.0,KG
219,SDC-VD0520132A,M-1810,item:049371,4.787952,4.787952,175,394,1.0,KG
219,SDC-VD0914320A,M-1810,item:055703,0.181166,0.181166,28,247,1.0,KG
219,SDC-VD0964290A,M-1810,item:055703,0.077642,0.077642,26,245,1.0,KG
219,SDC-VD0505677A,M-1810,item:099439,6.470205,6.470205,23,242,1.0,KG
219,SDC-VD0901566A,M-1810,item:338928,10000.0,10000.0,92,311,1.0,UN
219,SDC-VD0914360C,M-1810,item:338929,3187.293057,3187.293057,47,266,1.0,UN
219,SDC-VD0989480A,M-1810,item:426331,35.060224,35.060224,16,235,1.0,UN
219,SDC-1450,M-1810,item:693055,1294.040981,1294.040981,84,303,1.0,G
219,M-1430,DC-1920,item:268967,2189.923757,2189.923757,2,221,1.0,UN
219,M-1810,DC-1920,item:268091,6296.542058,6296.542058,3,222,1.0,UN
219,DC-1920,C-XXXXX,item:268091,7626.070858,7626.070858,2,221,1.0,UN
219,SDC-VD0949099A,SDC-1450,item:021081,232.558627,244.798555,104,323,0.95,KG
219,SDC-VD0960508A,SDC-1450,item:021081,66.445322,66.445322,83,302,1.0,KG
219,SDC-VD0972460A,SDC-1450,item:021081,16.61133,16.61133,77,296,1.0,KG
219,SDC-VD0975221A,SDC-1450,item:021081,16.61133,16.61133,51,270,1.0,KG
219,SDC-1450,M-1810,item:007923,10352.32785,10352.32785,2,221,1.0,G
220,SDC-VD0520132A,M-1430,item:038005,19.603094,19.603094,111,331,1.0,KG
220,SDC-VD0914690A,M-1430,item:042342,67596.890057,67596.890057,31,251,1.0,UN
220,SDC-VD0525412A,M-1430,item:333362,1120.229526,1120.229526,42,262,1.0,UN
220,SDC-VD0993480A,M-1430,item:344135,1120.229526,1120.229526,34,254,1.0,UN
220,SDC-VD0520115A,M-1430,item:708073,8.88342,8.88342,44,264,1.0,KG
220,SDC-VD0508918A,M-1430,item:730384,237.48866,237.48866,87,307,1.0,M
220,SDC-VD1095770A,M-1430,item:734545,8.961836,8.961836,19,239,1.0,UN
220,SDC-1450,M-1430,item:773474,10815.500169,10815.500169,12,232,1.0,G
220,SDC-VD0951020A,M-1810,item:001757,6.190273,6.190273,87,307,1.0,KG
220,SDC-VD0519670A,M-1810,item:001848,3.249893,3.249893,23,243,1.0,KG
220,SDC-VD0951020A,M-1810,item:001848,1.392811,1.392811,62,282,1.0,KG
220,SDC-VD0910216A,M-1810,item:001893,20.582657,20.582657,30,250,1.0,KG
220,SDC-VD1091642A,M-1810,item:001893,5.880759,5.880759,31,251,1.0,KG
220,SDC-VD0518684A,M-1810,item:001893,2.94038,2.94038,47,267,1.0,KG
220,SDC-VD0910216A,M-1810,item:002612,5.416489,5.416489,49,269,1.0,KG
220,SDC-VD0990780A,M-1810,item:002612,1.547568,1.547568,61,281,1.0,KG
220,SDC-VD1091642A,M-1810,item:002612,0.386892,0.386892,32,252,1.0,KG
220,SDC-VD0500655A,M-1810,item:002612,0.386892,0.386892,15,235,1.0,KG
220,SDC-VD0514881A,M-1810,item:016332,1.857082,1.857082,41,261,1.0,KG
220,SDC-VD0519670A,M-1810,item:029313,0.154757,0.154757,87,307,1.0,KG
220,SDC-VD1096202A,M-1810,item:039668,0.154757,0.154757,70,290,1.0,KG
220,SDC-VD0520132A,M-1810,item:049371,5.726002,5.726002,101,321,1.0,KG
220,SDC-VD0914320A,M-1810,item:055703,0.21666,0.21666,18,238,1.0,KG
220,SDC-VD0964290A,M-1810,item:055703,0.092854,0.092854,22,242,1.0,KG
220,SDC-VD0505677A,M-1810,item:099439,7.737841,7.737841,18,238,1.0,KG
220,SDC-VD0901566A,M-1810,item:338928,7880.43076,7880.43076,89,309,1.0,UN
220,SDC-VD0914360C,M-1810,item:338929,3811.744326,3811.744326,53,273,1.0,UN
220,SDC-VD0989480A,M-1810,item:426331,41.929188,41.929188,31,251,1.0,UN
220,SDC-1450,M-1810,item:693055,1547.568196,1547.568196,43,263,1.0,G
220,M-1430,DC-1920,item:268967,1120.229526,1120.229526,3,223,1.0,UN
220,M-1810,DC-1920,item:268091,3811.744326,3811.744326,1,221,1.0,UN
220,SDC-VD0949099A,SDC-1450,item:021081,186.308163,196.113856,119,339,0.95,KG
220,SDC-VD0960508A,SDC-1450,item:021081,53.230904,53.230904,240,460,1.0,KG
220,SDC-VD0972460A,SDC-1450,item:021081,13.307726,13.307726,92,312,1.0,KG
220,SDC-VD0975221A,SDC-1450,item:021081,13.307726,13.307726,40,260,1.0,KG
220,SDC-1450,M-1810,item:007923,12380.54557,12380.54557,1,221,1.0,G
221,SDC-VD0520132A,M-1430,item:038005,20.473839,20.473839,208,429,1.0,KG
221,SDC-VD0914690A,M-1430,item:042342,70599.461876,70599.461876,16,237,1.0,UN
221,SDC-VD0525412A,M-1430,item:333362,1169.988762,1169.988762,78,299,1.0,UN
221,SDC-VD0993480A,M-1430,item:344135,1169.988762,1169.988762,46,267,1.0,UN
221,SDC-VD0520115A,M-1430,item:708073,9.278011,9.278011,23,244,1.0,KG
221,SDC-VD0508918A,M-1430,item:730384,248.037618,248.037618,57,278,1.0,M
221,SDC-VD1095770A,M-1430,item:734545,9.35991,9.35991,3,224,1.0,UN
221,SDC-1450,M-1430,item:773474,11295.91156,11295.91156,8,229,1.0,G
221,SDC-VD0951020A,M-1810,item:001757,6.393095,6.393095,42,263,1.0,KG
221,SDC-VD0519670A,M-1810,item:001848,3.356375,3.356375,32,253,1.0,KG
221,SDC-VD0951020A,M-1810,item:001848,1.438446,1.438446,38,259,1.0,KG
221,SDC-VD0910216A,M-1810,item:001893,21.257039,21.257039,33,254,1.0,KG
221,SDC-VD1091642A,M-1810,item:001893,6.07344,6.07344,37,258,1.0,KG
221,SDC-VD0518684A,M-1810,item:001893,3.03672,3.03672,54,275,1.0,KG
221,SDC-VD0910216A,M-1810,item:002612,5.593958,5.593958,16,237,1.0,KG
221,SDC-VD0990780A,M-1810,item:002612,1.598274,1.598274,28,249,1.0,KG
221,SDC-VD1091642A,M-1810,item:002612,0.399568,0.399568,13,234,1.0,KG
221,SDC-VD0500655A,M-1810,item:002612,0.399568,0.399568,26,247,1.0,KG
221,SDC-VD0514881A,M-1810,item:016332,1.917928,1.917928,22,243,1.0,KG
221,SDC-VD0519670A,M-1810,item:029313,0.159827,0.159827,19,240,1.0,KG
221,SDC-VD1096202A,M-1810,item:039668,0.159827,0.159827,43,264,1.0,KG
221,SDC-VD0520132A,M-1810,item:049371,5.913612,5.913612,115,336,1.0,KG
221,SDC-VD0914320A,M-1810,item:055703,0.223758,0.223758,10,231,1.0,KG
221,SDC-VD0964290A,M-1810,item:055703,0.095896,0.095896,84,305,1.0,KG
221,SDC-VD0505677A,M-1810,item:099439,7.991368,7.991368,24,245,1.0,KG
221,SDC-VD0901566A,M-1810,item:338928,3936.63458,3936.63458,41,262,1.0,UN
221,SDC-VD0914360C,M-1810,item:338929,3936.63458,3936.63458,47,268,1.0,UN
221,SDC-VD0989480A,M-1810,item:426331,43.30298,43.30298,27,248,1.0,UN
221,SDC-1450,M-1810,item:693055,1598.273639,1598.273639,99,320,1.0,G
221,M-1430,DC-1920,item:268967,1169.988762,1169.988762,5,226,1.0,UN
221,M-1810,DC-1920,item:268091,3936.63458,3936.63458,4,225,1.0,UN
221,DC-1920,C-XXXXX,item:268967,4529.923758,4529.923758,2,223,1.0,UN
221,DC-1920,C-XXXXX,item:268091,3811.744326,3811.744326,1,222,1.0,UN
221,SDC-VD0949099A,SDC-1450,item:021081,153.333117,161.403281,203,424,0.95,KG
221,SDC-VD0960508A,SDC-1450,item:021081,43.809462,43.809462,48,269,1.0,KG
221,SDC-VD0972460A,SDC-1450,item:021081,10.952366,10.952366,38,259,1.0,KG
221,SDC-VD0975221A,SDC-1450,item:021081,10.952366,10.952366,58,279,1.0,KG
221,SDC-1450,M-1810,item:007923,12786.189114,12786.189114,1,222,1.0,G
222,SDC-VD0520132A,M-1430,item:038005,20.647988,20.647988,288,510,1.0,KG
222,SDC-VD0914690A,M-1430,item:042342,71199.97624,71199.97624,33,255,1.0,UN
222,SDC-VD0525412A,M-1430,item:333362,1179.940609,1179.940609,70,292,1.0,UN
222,SDC-VD0993480A,M-1430,item:344135,1179.940609,1179.940609,20,242,1.0,UN
222,SDC-VD0520115A,M-1430,item:708073,9.356929,9.356929,26,248,1.0,KG
222,SDC-VD0508918A,M-1430,item:730384,250.147409,250.147409,95,317,1.0,M
222,SDC-VD1095770A,M-1430,item:734545,9.439525,9.439525,13,235,1.0,UN
222,SDC-1450,M-1430,item:773474,11391.993839,11391.993839,21,243,1.0,G
222,SDC-VD0951020A,M-1810,item:001757,6.433659,6.433659,82,304,1.0,KG
222,SDC-VD0519670A,M-1810,item:001848,3.377671,3.377671,30,252,1.0,KG
222,SDC-VD0951020A,M-1810,item:001848,1.447573,1.447573,65,287,1.0,KG
222,SDC-VD0910216A,M-1810,item:001893,21.391916,21.391916,25,247,1.0,KG
222,SDC-VD1091642A,M-1810,item:001893,6.111976,6.111976,30,252,1.0,KG
222,SDC-VD0518684A,M-1810,item:001893,3.055988,3.055988,34,256,1.0,KG
222,SDC-VD0910216A,M-1810,item:002612,5.629452,5.629452,25,247,1.0,KG
222,SDC-VD0990780A,M-1810,item:002612,1.608415,1.608415,25,247,1.0,KG
222,SDC-VD1091642A,M-1810,item:002612,0.402104,0.402104,17,239,1.0,KG
222,SDC-VD0500655A,M-1810,item:002612,0.402104,0.402104,25,247,1.0,KG
222,SDC-VD0514881A,M-1810,item:016332,1.930098,1.930098,30,252,1.0,KG
222,SDC-VD0519670A,M-1810,item:029313,0.160841,0.160841,50,272,1.0,KG
222,SDC-VD1096202A,M-1810,item:039668,0.160841,0.160841,36,258,1.0,KG
222,SDC-VD0520132A,M-1810,item:049371,5.951134,5.951134,76,298,1.0,KG
222,SDC-VD0914320A,M-1810,item:055703,0.225178,0.225178,17,239,1.0,KG
222,SDC-VD0964290A,M-1810,item:055703,0.096505,0.096505,40,262,1.0,KG
222,SDC-VD0505677A,M-1810,item:099439,8.042074,8.042074,12,234,1.0,KG
222,SDC-VD0901566A,M-1810,item:338928,3961.61263,3961.61263,86,308,1.0,UN
222,SDC-VD0914360C,M-1810,item:338929,3961.61263,3961.61263,15,237,1.0,UN
222,SDC-VD0989480A,M-1810,item:426331,43.577739,43.577739,43,265,1.0,UN
222,SDC-1450,M-1810,item:693055,1608.414728,1608.414728,94,316,1.0,G
222,M-1430,DC-1920,item:268967,1179.940609,1179.940609,3,225,1.0,UN
222,M-1810,DC-1920,item:268091,3961.61263,3961.61263,1,223,1.0,UN
222,DC-1920,C-XXXXX,item:268091,13983.621482,13983.621482,2,224,1.0,UN
222,SDC-VD0949099A,SDC-1450,item:021081,130.209448,137.062577,51,273,0.95,KG
222,SDC-VD0960508A,SDC-1450,item:021081,37.202699,37.202699,240,462,1.0,KG
222,SDC-VD0972460A,SDC-1450,item:021081,9.300675,9.300675,208,430,1.0,KG
222,SDC-VD0975221A,SDC-1450,item:021081,9.300675,9.300675,98,320,1.0,KG
222,SDC-1450,M-1810,item:007923,12867.317823,12867.317823,2,224,1.0,G
223,SDC-VD0520132A,M-1430,item:038005,20.682818,20.682818,211,434,1.0,KG
223,SDC-VD0914690A,M-1430,item:042342,71320.079113,71320.079113,26,249,1.0,UN
223,SDC-VD0525412A,M-1430,item:333362,1181.930979,1181.930979,63,286,1.0,UN
223,SDC-VD0993480A,M-1430,item:344135,1181.930979,1181.930979,49,272,1.0,UN
223,SDC-VD0520115A,M-1430,item:708073,9.372713,9.372713,27,250,1.0,KG
223,SDC-VD0508918A,M-1430,item:730384,250.569367,250.569367,52,275,1.0,M
223,SDC-VD1095770A,M-1430,item:734545,9.455448,9.455448,11,234,1.0,UN
223,SDC-1450,M-1430,item:773474,11411.210294,11411.210294,11,234,1.0,G
223,SDC-VD0951020A,M-1810,item:001757,6.441772,6.441772,58,281,1.0,KG
223,SDC-VD0519670A,M-1810,item:001848,3.38193,3.38193,15,238,1.0,KG
223,SDC-VD0951020A,M-1810,item:001848,1.449399,1.449399,92,315,1.0,KG
223,SDC-VD0910216A,M-1810,item:001893,21.418891,21.418891,38,261,1.0,KG
223,SDC-VD1091642A,M-1810,item:001893,6.119683,6.119683,47,270,1.0,KG
223,SDC-VD0518684A,M-1810,item:001893,3.059842,3.059842,90,313,1.0,KG
223,SDC-VD0910216A,M-1810,item:002612,5.63655,5.63655,27,250,1.0,KG
223,SDC-VD0990780A,M-1810,item:002612,1.610443,1.610443,36,259,1.0,KG
223,SDC-VD1091642A,M-1810,item:002612,0.402611,0.402611,16,239,1.0,KG
223,SDC-VD0500655A,M-1810,item:002612,0.402611,0.402611,17,240,1.0,KG
223,SDC-VD0514881A,M-1810,item:016332,1.932532,1.932532,40,263,1.0,KG
223,SDC-VD0519670A,M-1810,item:029313,0.161044,0.161044,37,260,1.0,KG
223,SDC-VD1096202A,M-1810,item:039668,0.161044,0.161044,49,272,1.0,KG
223,SDC-VD0520132A,M-1810,item:049371,5.958639,5.958639,108,331,1.0,KG
223,SDC-VD0914320A,M-1810,item:055703,0.225462,0.225462,38,261,1.0,KG
223,SDC-VD0964290A,M-1810,item:055703,0.096627,0.096627,20,243,1.0,KG
223,SDC-VD0505677A,M-1810,item:099439,8.052215,8.052215,24,247,1.0,KG
223,SDC-VD0901566A,M-1810,item:338928,3966.60824,3966.60824,65,288,1.0,UN
223,SDC-VD0914360C,M-1810,item:338929,3966.60824,3966.60824,22,245,1.0,UN
223,SDC-VD0989480A,M-1810,item:426331,43.632691,43.632691,6,229,1.0,UN
223,SDC-1450,M-1810,item:693055,1610.442946,1610.442946,49,272,1.0,G
223,M-1430,DC-1920,item:268967,1181.930979,1181.930979,5,228,1.0,UN
223,M-1810,DC-1920,item:268091,3966.60824,3966.60824,4,227,1.0,UN
223,DC-1920,C-XXXXX,item:268967,1120.229526,1120.229526,3,226,1.0,UN
223,DC-1920,C-XXXXX,item:268091,8738.350943,8738.350943,4,227,1.0,UN
223,SDC-VD0949099A,SDC-1450,item:021081,113.801044,119.790572,133,356,0.95,KG
223,SDC-VD0960508A,SDC-1450,item:021081,32.514584,32.514584,112,335,1.0,KG
223,SDC-VD0972460A,SDC-1450,item:021081,8.128646,8.128646,128,351,1.0,KG
223,SDC-VD0975221A,SDC-1450,item:021081,8.128646,8.128646,55,278,1.0,KG
223,SDC-1450,M-1810,item:007923,12883.543565,12883.543565,1,224,1.0,G
224,SDC-VD0520132A,M-1430,item:038005,16.155998,16.155998,181,405,1.0,KG
224,SDC-VD0914690A,M-1430,item:042342,55710.349558,55710.349558,32,256,1.0,UN
224,SDC-VD0525412A,M-1430,item:333362,923.243339,923.243339,96,320,1.0,UN
224,SDC-VD0993480A,M-1430,item:344135,923.243339,923.243339,13,237,1.0,UN
224,SDC-VD0520115A,M-1430,item:708073,7.32132,7.32132,23,247,1.0,KG
224,SDC-VD0508918A,M-1430,item:730384,195.727588,195.727588,23,247,1.0,M
224,SDC-VD1095770A,M-1430,item:734545,7.385947,7.385947,34,258,1.0,UN
224,SDC-1450,M-1430,item:773474,8913.654083,8913.654083,15,239,1.0,G
224,SDC-VD0951020A,M-1810,item:001757,7.940073,7.940073,97,321,1.0,KG
224,SDC-VD0519670A,M-1810,item:001848,4.168538,4.168538,18,242,1.0,KG
224,SDC-VD0951020A,M-1810,item:001848,1.786516,1.786516,15,239,1.0,KG
224,SDC-VD0910216A,M-1810,item:001893,26.400742,26.400742,50,274,1.0,KG
224,SDC-VD1091642A,M-1810,item:001893,7.543069,7.543069,14,238,1.0,KG
224,SDC-VD0518684A,M-1810,item:001893,3.771535,3.771535,80,304,1.0,KG
224,SDC-VD0910216A,M-1810,item:002612,6.947564,6.947564,70,294,1.0,KG
224,SDC-VD0990780A,M-1810,item:002612,1.985018,1.985018,64,288,1.0,KG
224,SDC-VD1091642A,M-1810,item:002612,0.496255,0.496255,27,251,1.0,KG
224,SDC-VD0500655A,M-1810,item:002612,0.496255,0.496255,53,277,1.0,KG
224,SDC-VD0514881A,M-1810,item:016332,2.382022,2.382022,64,288,1.0,KG
224,SDC-VD0519670A,M-1810,item:029313,0.198502,0.198502,60,284,1.0,KG
224,SDC-VD1096202A,M-1810,item:039668,0.198502,0.198502,32,256,1.0,KG
224,SDC-VD0520132A,M-1810,item:049371,7.344567,7.344567,211,435,1.0,KG
224,SDC-VD0914320A,M-1810,item:055703,0.277903,0.277903,24,248,1.0,KG
224,SDC-VD0964290A,M-1810,item:055703,0.119101,0.119101,37,261,1.0,KG
224,SDC-VD0505677A,M-1810,item:099439,9.925091,9.925091,45,269,1.0,KG
224,SDC-VD0901566A,M-1810,item:338928,4889.207362,4889.207362,77,301,1.0,UN
224,SDC-VD0914360C,M-1810,item:338929,4889.207362,4889.207362,84,308,1.0,UN
224,SDC-VD0989480A,M-1810,item:426331,53.781281,53.781281,8,232,1.0,UN
224,SDC-1450,M-1810,item:693055,1985.018189,1985.018189,131,355,1.0,G
224,M-1430,DC-1920,item:268967,923.243339,923.243339,1,225,1.0,UN
224,M-1810,DC-1920,item:268091,4889.207362,4889.207362,3,227,1.0,UN
224,SDC-VD0949099A,SDC-1450,item:021081,102.041425,107.412026,45,269,0.95,KG
224,SDC-VD0960508A,SDC-1450,item:021081,29.154693,29.154693,40,264,1.0,KG
224,SDC-VD0972460A,SDC-1450,item:021081,7.288673,7.288673,60,284,1.0,KG
224,SDC-VD0975221A,SDC-1450,item:021081,7.288673,7.288673,156,380,1.0,KG
224,SDC-1450,M-1810,item:007923,15880.145513,15880.145513,1,225,1.0,G
225,SDC-VD0520132A,M-1430,item:038005,15.250634,15.250634,201,426,1.0,KG
225,SDC-VD0914690A,M-1430,item:042342,52588.403646,52588.403646,20,245,1.0,UN
225,SDC-VD0525412A,M-1430,item:333362,871.505811,871.505811,116,341,1.0,UN
225,SDC-VD0993480A,M-1430,item:344135,871.505811,871.505811,15,240,1.0,UN
225,SDC-VD0520115A,M-1430,item:708073,6.911041,6.911041,27,252,1.0,KG
225,SDC-VD0508918A,M-1430,item:730384,184.759232,184.759232,57,282,1.0,M
225,SDC-VD1095770A,M-1430,item:734545,6.972046,6.972046,10,235,1.0,UN
225,SDC-1450,M-1430,item:773474,8414.14284,8414.14284,9,234,1.0,G
225,SDC-VD0951020A,M-1810,item:001757,8.239733,8.239733,124,349,1.0,KG
225,SDC-VD0519670A,M-1810,item:001848,4.32586,4.32586,16,241,1.0,KG
225,SDC-VD0951020A,M-1810,item:001848,1.85394,1.85394,56,281,1.0,KG
225,SDC-VD0910216A,M-1810,item:001893,27.397112,27.397112,21,246,1.0,KG
225,SDC-VD1091642A,M-1810,item:001893,7.827746,7.827746,36,261,1.0,KG
225,SDC-VD0518684A,M-1810,item:001893,3.913873,3.913873,76,301,1.0,KG
225,SDC-VD0910216A,M-1810,item:002612,7.209766,7.209766,28,253,1.0,KG
225,SDC-VD0990780A,M-1810,item:002612,2.059933,2.059933,67,292,1.0,KG
225,SDC-VD1091642A,M-1810,item:002612,0.514983,0.514983,29,254,1.0,KG
225,SDC-VD0500655A,M-1810,item:002612,0.514983,0.514983,56,281,1.0,KG
225,SDC-VD0514881A,M-1810,item:016332,2.47192,2.47192,83,308,1.0,KG
225,SDC-VD0519670A,M-1810,item:029313,0.205993,0.205993,91,316,1.0,KG
225,SDC-VD1096202A,M-1810,item:039668,0.205993,0.205993,28,253,1.0,KG
225,SDC-VD0520132A,M-1810,item:049371,7.621753,7.621753,118,343,1.0,KG
225,SDC-VD0914320A,M-1810,item:055703,0.288391,0.288391,32,257,1.0,KG
225,SDC-VD0964290A,M-1810,item:055703,0.123596,0.123596,61,286,1.0,KG
225,SDC-VD0505677A,M-1810,item:099439,10.299666,10.299666,34,259,1.0,KG
225,SDC-VD0901566A,M-1810,item:338928,5073.727187,5073.727187,34,259,1.0,UN
225,SDC-VD0914360C,M-1810,item:338929,5073.727187,5073.727187,20,245,1.0,UN
225,SDC-VD0989480A,M-1810,item:426331,55.810999,55.810999,19,244,1.0,UN
225,SDC-1450,M-1810,item:693055,2059.933238,2059.933238,83,308,1.0,G
225,M-1430,DC-1920,item:268967,871.505811,871.505811,4,229,1.0,UN
225,M-1810,DC-1920,item:268091,5073.727187,5073.727187,4,229,1.0,UN
225,DC-1920,C-XXXXX,item:268967,2103.183948,2103.183948,3,228,1.0,UN
225,DC-1920,C-XXXXX,item:268091,3936.63458,3936.63458,3,228,1.0,UN
225,SDC-VD0949099A,SDC-1450,item:021081,90.437546,95.197417,183,408,0.95,KG
225,SDC-VD0960508A,SDC-1450,item:021081,25.839299,25.839299,62,287,1.0,KG
225,SDC-VD0972460A,SDC-1450,item:021081,6.459825,6.459825,48,273,1.0,KG
225,SDC-VD0975221A,SDC-1450,item:021081,6.459825,6.459825,165,390,1.0,KG
225,SDC-1450,M-1810,item:007923,16479.465903,16479.465903,1,226,1.0,G
226,SDC-VD0520132A,M-1430,item:038005,15.069561,15.069561,80,306,1.0,KG
226,SDC-VD0914690A,M-1430,item:042342,51964.014464,51964.014464,10,236,1.0,UN
226,SDC-VD0525412A,M-1430,item:333362,861.158305,861.158305,54,280,1.0,UN
226,SDC-VD0993480A,M-1430,item:344135,861.158305,861.158305,21,247,1.0,UN
226,SDC-VD0520115A,M-1430,item:708073,6.828985,6.828985,38,264,1.0,KG
226,SDC-VD0508918A,M-1430,item:730384,182.565561,182.565561,22,248,1.0,M
226,SDC-VD1095770A,M-1430,item:734545,6.889266,6.889266,21,247,1.0,UN
226,SDC-1450,M-1430,item:773474,8314.240592,8314.240592,8,234,1.0,G
226,SDC-VD0951020A,M-1810,item:001757,8.299665,8.299665,42,268,1.0,KG
226,SDC-VD0519670A,M-1810,item:001848,4.357324,4.357324,31,257,1.0,KG
226,SDC-VD0951020A,M-1810,item:001848,1.867425,1.867425,36,262,1.0,KG
226,SDC-VD0910216A,M-1810,item:001893,27.596386,27.596386,22,248,1.0,KG
226,SDC-VD1091642A,M-1810,item:001893,7.884682,7.884682,24,250,1.0,KG
226,SDC-VD0518684A,M-1810,item:001893,3.942341,3.942341,74,300,1.0,KG
226,SDC-VD0910216A,M-1810,item:002612,7.262207,7.262207,36,262,1.0,KG
226,SDC-VD0990780A,M-1810,item:002612,2.074916,2.074916,39,265,1.0,KG
226,SDC-VD1091642A,M-1810,item:002612,0.518729,0.518729,69,295,1.0,KG
226,SDC-VD0500655A,M-1810,item:002612,0.518729,0.518729,20,246,1.0,KG
226,SDC-VD0514881A,M-1810,item:016332,2.489899,2.489899,46,272,1.0,KG
226,SDC-VD0519670A,M-1810,item:029313,0.207492,0.207492,31,257,1.0,KG
226,SDC-VD1096202A,M-1810,item:039668,0.207492,0.207492,40,266,1.0,KG
226,SDC-VD0520132A,M-1810,item:049371,7.67719,7.67719,185,411,1.0,KG
226,SDC-VD0914320A,M-1810,item:055703,0.290488,0.290488,17,243,1.0,KG
226,SDC-VD0964290A,M-1810,item:055703,0.124495,0.124495,70,296,1.0,KG
226,SDC-VD0505677A,M-1810,item:099439,10.374581,10.374581,25,251,1.0,KG
226,SDC-VD0901566A,M-1810,item:338928,5110.631152,5110.631152,133,359,1.0,UN
226,SDC-VD0914360C,M-1810,item:338929,5110.631152,5110.631152,65,291,1.0,UN
226,SDC-VD0989480A,M-1810,item:426331,56.216943,56.216943,21,247,1.0,UN
226,SDC-1450,M-1810,item:693055,2074.916248,2074.916248,96,322,1.0,G
226,M-1430,DC-1920,item:268967,861.158305,861.158305,3,229,1.0,UN
226,M-1810,DC-1920,item:268091,5110.631152,5110.631152,1,227,1.0,UN
226,DC-1920,C-XXXXX,item:268967,1169.988762,1169.988762,1,227,1.0,UN
226,SDC-VD0949099A,SDC-1450,item:021081,80.560402,84.800423,88,314,0.95,KG
226,SDC-VD0960508A,SDC-1450,item:021081,23.017258,23.017258,91,317,1.0,KG
226,SDC-VD0972460A,SDC-1450,item:021081,5.754314,5.754314,121,347,1.0,KG
226,SDC-VD0975221A,SDC-1450,item:021081,5.754314,5.754314,45,271,1.0,KG
226,SDC-1450,M-1810,item:007923,16599.329981,16599.329981,1,227,1.0,G
227,SDC-VD0520132A,M-1430,item:038005,15.033346,15.033346,78,305,1.0,KG
227,SDC-VD0914690A,M-1430,item:042342,51839.136628,51839.136628,12,239,1.0,UN
227,SDC-VD0525412A,M-1430,item:333362,859.088804,859.088804,62,289,1.0,UN
227,SDC-VD0993480A,M-1430,item:344135,859.088804,859.088804,21,248,1.0,UN
227,SDC-VD0520115A,M-1430,item:708073,6.812574,6.812574,55,282,1.0,KG
227,SDC-VD0508918A,M-1430,item:730384,182.126827,182.126827,45,272,1.0,M
227,SDC-VD1095770A,M-1430,item:734545,6.87271,6.87271,13,240,1.0,UN
227,SDC-1450,M-1430,item:773474,8294.260142,8294.260142,11,238,1.0,G
227,SDC-VD0951020A,M-1810,item:001757,8.311651,8.311651,139,366,1.0,KG
227,SDC-VD0519670A,M-1810,item:001848,4.363617,4.363617,37,264,1.0,KG
227,SDC-VD0951020A,M-1810,item:001848,1.870122,1.870122,43,270,1.0,KG
227,SDC-VD0910216A,M-1810,item:001893,27.636241,27.636241,44,271,1.0,KG
227,SDC-VD1091642A,M-1810,item:001893,7.896069,7.896069,29,256,1.0,KG
227,SDC-VD0518684A,M-1810,item:001893,3.948034,3.948034,20,247,1.0,KG
227,SDC-VD0910216A,M-1810,item:002612,7.272695,7.272695,35,262,1.0,KG
227,SDC-VD0990780A,M-1810,item:002612,2.077913,2.077913,34,261,1.0,KG
227,SDC-VD1091642A,M-1810,item:002612,0.519478,0.519478,28,255,1.0,KG
227,SDC-VD0500655A,M-1810,item:002612,0.519478,0.519478,15,242,1.0,KG
227,SDC-VD0514881A,M-1810,item:016332,2.493495,2.493495,5,232,1.0,KG
227,SDC-VD0519670A,M-1810,item:029313,0.207791,0.207791,95,322,1.0,KG
227,SDC-VD1096202A,M-1810,item:039668,0.207791,0.207791,70,297,1.0,KG
227,SDC-VD0520132A,M-1810,item:049371,7.688278,7.688278,175,402,1.0,KG
227,SDC-VD0914320A,M-1810,item:055703,0.290908,0.290908,27,254,1.0,KG
227,SDC-VD0964290A,M-1810,item:055703,0.124675,0.124675,23,250,1.0,KG
227,SDC-VD0505677A,M-1810,item:099439,10.389564,10.389564,43,270,1.0,KG
227,SDC-VD0901566A,M-1810,item:338928,5118.011945,5118.011945,65,292,1.0,UN
227,SDC-VD0914360C,M-1810,item:338929,5118.011945,5118.011945,26,253,1.0,UN
227,SDC-VD0989480A,M-1810,item:426331,56.298131,56.298131,29,256,1.0,UN
227,SDC-1450,M-1810,item:693055,2077.91285,2077.91285,31,258,1.0,G
227,M-1430,DC-1920,item:268967,859.088804,859.088804,3,230,1.0,UN
227,M-1810,DC-1920,item:268091,5118.011945,5118.011945,2,229,1.0,UN
227,DC-1920,C-XXXXX,item:268091,13966.446755,13966.446755,4,231,1.0,UN
227,SDC-VD0949099A,SDC-1450,item:021081,72.878996,76.714733,65,292,0.95,KG
227,SDC-VD0960508A,SDC-1450,item:021081,20.82257,20.82257,220,447,1.0,KG
227,SDC-VD0972460A,SDC-1450,item:021081,5.205643,5.205643,91,318,1.0,KG
227,SDC-VD0975221A,SDC-1450,item:021081,5.205643,5.205643,65,292,1.0,KG
227,SDC-1450,M-1810,item:007923,16623.302797,16623.302797,1,228,1.0,G
228,SDC-VD0520132A,M-1430,item:038005,15.026103,15.026103,130,358,1.0,KG
228,SDC-VD0914690A,M-1430,item:042342,51814.161061,51814.161061,12,240,1.0,UN
228,SDC-VD0525412A,M-1430,item:333362,858.674904,858.674904,67,295,1.0,UN
228,SDC-VD0993480A,M-1430,item:344135,858.674904,858.674904,33,261,1.0,UN
228,SDC-VD0520115A,M-1430,item:708073,6.809292,6.809292,18,246,1.0,KG
228,SDC-VD0508918A,M-1430,item:730384,182.03908,182.03908,112,340,1.0,M
228,SDC-VD1095770A,M-1430,item:734545,6.869399,6.869399,36,264,1.0,UN
228,SDC-1450,M-1430,item:773474,8290.264052,8290.264052,14,242,1.0,G
228,SDC-VD0951020A,M-1810,item:001757,8.314049,8.314049,140,368,1.0,KG
228,SDC-VD0519670A,M-1810,item:001848,4.364876,4.364876,22,250,1.0,KG
228,SDC-VD0951020A,M-1810,item:001848,1.870661,1.870661,19,247,1.0,KG
228,SDC-VD0910216A,M-1810,item:001893,27.644212,27.644212,17,245,1.0,KG
228,SDC-VD1091642A,M-1810,item:001893,7.898346,7.898346,29,257,1.0,KG
228,SDC-VD0518684A,M-1810,item:001893,3.949173,3.949173,23,251,1.0,KG
228,SDC-VD0910216A,M-1810,item:002612,7.274793,7.274793,44,272,1.0,KG
228,SDC-VD0990780A,M-1810,item:002612,2.078512,2.078512,30,258,1.0,KG
228,SDC-VD1091642A,M-1810,item:002612,0.519628,0.519628,11,239,1.0,KG
228,SDC-VD0500655A,M-1810,item:002612,0.519628,0.519628,26,254,1.0,KG
228,SDC-VD0514881A,M-1810,item:016332,2.494215,2.494215,21,249,1.0,KG
228,SDC-VD0519670A,M-1810,item:029313,0.207851,0.207851,33,261,1.0,KG
228,SDC-VD1096202A,M-1810,item:039668,0.207851,0.207851,32,260,1.0,KG
228,SDC-VD0520132A,M-1810,item:049371,7.690495,7.690495,115,343,1.0,KG
228,SDC-VD0914320A,M-1810,item:055703,0.290992,0.290992,42,270,1.0,KG
228,SDC-VD0964290A,M-1810,item:055703,0.124711,0.124711,84,312,1.0,KG
228,SDC-VD0505677A,M-1810,item:099439,10.392561,10.392561,32,260,1.0,KG
228,SDC-VD0901566A,M-1810,item:338928,5119.488103,5119.488103,92,320,1.0,UN
228,SDC-VD0914360C,M-1810,item:338929,5119.488103,5119.488103,46,274,1.0,UN
228,SDC-VD0989480A,M-1810,item:426331,56.314369,56.314369,39,267,1.0,UN
228,SDC-1450,M-1810,item:693055,2078.51217,2078.51217,120,348,1.0,G
228,M-1430,DC-1920,item:268967,858.674904,858.674904,2,230,1.0,UN
228,M-1810,DC-1920,item:268091,5119.488103,5119.488103,6,234,1.0,UN
228,DC-1920,C-XXXXX,item:268967,1181.930979,1181.930979,1,229,1.0,UN
228,SDC-VD0949099A,SDC-1450,item:021081,67.148012,70.682118,134,362,0.95,KG
228,SDC-VD0960508A,SDC-1450,item:021081,19.185146,19.185146,83,311,1.0,KG
228,SDC-VD0972460A,SDC-1450,item:021081,4.796287,4.796287,49,277,1.0,KG
228,SDC-VD0975221A,SDC-1450,item:021081,4.796287,4.796287,103,331,1.0,KG
228,SDC-1450,M-1810,item:007923,16628.09736,16628.09736,1,229,1.0,G
229,SDC-VD0520132A,M-1430,item:038005,15.024655,15.024655,301,530,1.0,KG
229,SDC-VD0914690A,M-1430,item:042342,51809.165947,51809.165947,12,241,1.0,UN
229,SDC-VD0525412A,M-1430,item:333362,858.592124,858.592124,109,338,1.0,UN
229,SDC-VD0993480A,M-1430,item:344135,858.592124,858.592124,10,239,1.0,UN
229,SDC-VD0520115A,M-1430,item:708073,6.808636,6.808636,34,263,1.0,KG
229,SDC-VD0508918A,M-1430,item:730384,182.02153,182.02153,41,270,1.0,M
229,SDC-VD1095770A,M-1430,item:734545,6.868737,6.868737,26,255,1.0,UN
229,SDC-1450,M-1430,item:773474,8289.464834,8289.464834,9,238,1.0,G
229,SDC-VD0951020A,M-1810,item:001757,8.314528,8.314528,33,262,1.0,KG
229,SDC-VD0519670A,M-1810,item:001848,4.365127,4.365127,20,249,1.0,KG
229,SDC-VD0951020A,M-1810,item:001848,1.870769,1.870769,66,295,1.0,KG
229,SDC-VD0910216A,M-1810,item:001893,27.645806,27.645806,24,253,1.0,KG
229,SDC-VD1091642A,M-1810,item:001893,7.898802,7.898802,32,261,1.0,KG
229,SDC-VD0518684A,M-1810,item:001893,3.949401,3.949401,25,254,1.0,KG
229,SDC-VD0910216A,M-1810,item:002612,7.275212,7.275212,40,269,1.0,KG
229,SDC-VD0990780A,M-1810,item:002612,2.078632,2.078632,19,248,1.0,KG
229,SDC-VD1091642A,M-1810,item:002612,0.519658,0.519658,45,274,1.0,KG
229,SDC-VD0500655A,M-1810,item:002612,0.519658,0.519658,13,242,1.0,KG
229,SDC-VD0514881A,M-1810,item:016332,2.494358,2.494358,37,266,1.0,KG
229,SDC-VD0519670A,M-1810,item:029313,0.207863,0.207863,25,254,1.0,KG
229,SDC-VD1096202A,M-1810,item:039668,0.207863,0.207863,70,299,1.0,KG
229,SDC-VD0520132A,M-1810,item:049371,7.690939,7.690939,84,313,1.0,KG
229,SDC-VD0914320A,M-1810,item:055703,0.291008,0.291008,11,240,1.0,KG
229,SDC-VD0964290A,M-1810,item:055703,0.124718,0.124718,84,313,1.0,KG
229,SDC-VD0505677A,M-1810,item:099439,10.39316,10.39316,30,259,1.0,KG
229,SDC-VD0901566A,M-1810,item:338928,5119.783335,5119.783335,68,297,1.0,UN
229,SDC-VD0914360C,M-1810,item:338929,5119.783335,5119.783335,28,257,1.0,UN
229,SDC-VD0989480A,M-1810,item:426331,56.317617,56.317617,19,248,1.0,UN
229,SDC-1450,M-1810,item:693055,2078.632034,2078.632034,108,337,1.0,G
229,M-1430,DC-1920,item:268967,858.592124,858.592124,2,231,1.0,UN
229,M-1810,DC-1920,item:268091,5119.783335,5119.783335,5,234,1.0,UN
229,DC-1920,C-XXXXX,item:268967,1732.664116,1732.664116,2,231,1.0,UN
229,DC-1920,C-XXXXX,item:268091,10191.739132,10191.739132,4,233,1.0,UN
229,SDC-VD0949099A,SDC-1450,item:021081,62.948307,66.261376,176,405,0.95,KG
229,SDC-VD0960508A,SDC-1450,item:021081,17.985231,17.985231,148,377,1.0,KG
229,SDC-VD0972460A,SDC-1450,item:021081,4.496308,4.496308,138,367,1.0,KG
229,SDC-VD0975221A,SDC-1450,item:021081,4.496308,4.496308,150,379,1.0,KG
229,SDC-1450,M-1810,item:007923,16629.056272,16629.056272,1,230,1.0,G
230,SDC-VD0520132A,M-1430,item:038005,15.024365,15.024365,148,378,1.0,KG
230,SDC-VD0914690A,M-1430,item:042342,51808.166924,51808.166924,23,253,1.0,UN
230,SDC-VD0525412A,M-1430,item:333362,858.575568,858.575568,120,350,1.0,UN
230,SDC-VD0993480A,M-1430,item:344135,858.575568,858.575568,18,248,1.0,UN
230,SDC-VD0520115A,M-1430,item:708073,6.808504,6.808504,36,266,1.0,KG
230,SDC-VD0508918A,M-1430,item:730384,182.01802,182.01802,41,271,1.0,M
230,SDC-VD1095770A,M-1430,item:734545,6.868605,6.868605,5,235,1.0,UN
230,SDC-1450,M-1430,item:773474,8289.304991,8289.304991,14,244,1.0,G
230,SDC-VD0951020A,M-1810,item:001757,8.314624,8.314624,69,299,1.0,KG
230,SDC-VD0519670A,M-1810,item:001848,4.365178,4.365178,29,259,1.0,KG
230,SDC-VD0951020A,M-1810,item:001848,1.87079,1.87079,86,316,1.0,KG
230,SDC-VD0910216A,M-1810,item:001893,27.646125,27.646125,28,258,1.0,KG
230,SDC-VD1091642A,M-1810,item:001893,7.898893,7.898893,30,260,1.0,KG
230,SDC-VD0518684A,M-1810,item:001893,3.949446,3.949446,32,262,1.0,KG
230,SDC-VD0910216A,M-1810,item:002612,7.275296,7.275296,61,291,1.0,KG
230,SDC-VD0990780A,M-1810,item:002612,2.078656,2.078656,41,271,1.0,KG
230,SDC-VD1091642A,M-1810,item:002612,0.519664,0.519664,20,250,1.0,KG
230,SDC-VD0500655A,M-1810,item:002612,0.519664,0.519664,26,256,1.0,KG
230,SDC-VD0514881A,M-1810,item:016332,2.494387,2.494387,75,305,1.0,KG
230,SDC-VD0519670A,M-1810,item:029313,0.207866,0.207866,64,294,1.0,KG
230,SDC-VD1096202A,M-1810,item:039668,0.207866,0.207866,20,250,1.0,KG
230,SDC-VD0520132A,M-1810,item:049371,7.691027,7.691027,65,295,1.0,KG
230,SDC-VD0914320A,M-1810,item:055703,0.291012,0.291012,36,266,1.0,KG
230,SDC-VD0964290A,M-1810,item:055703,0.124719,0.124719,25,255,1.0,KG
230,SDC-VD0505677A,M-1810,item:099439,10.39328,10.39328,21,251,1.0,KG
230,SDC-VD0901566A,M-1810,item:338928,5119.842381,5119.842381,39,269,1.0,UN
230,SDC-VD0914360C,M-1810,item:338929,5119.842381,5119.842381,46,276,1.0,UN
230,SDC-VD0989480A,M-1810,item:426331,56.318266,56.318266,7,237,1.0,UN
230,SDC-1450,M-1810,item:693055,2078.656007,2078.656007,40,270,1.0,G
230,M-1430,DC-1920,item:268967,858.575568,858.575568,2,232,1.0,UN
230,M-1810,DC-1920,item:268091,5119.842381,5119.842381,4,234,1.0,UN
230,DC-1920,C-XXXXX,item:268967,1717.763708,1717.763708,3,233,1.0,UN
230,SDC-VD0949099A,SDC-1450,item:021081,59.893799,63.046104,136,366,0.95,KG
230,SDC-VD0960508A,SDC-1450,item:021081,17.112514,17.112514,48,278,1.0,KG
230,SDC-VD0972460A,SDC-1450,item:021081,4.278128,4.278128,136,366,1.0,KG
230,SDC-VD0975221A,SDC-1450,item:021081,4.278128,4.278128,48,278,1.0,KG
230,SDC-1450,M-1810,item:007923,16629.248055,16629.248055,1,231,1.0,G
231,SDC-VD0520132A,M-1430,item:038005,50.538635,50.538635,221,452,1.0,KG
231,SDC-VD0914690A,M-1430,item:042342,174271.19405,174271.19405,37,268,1.0,UN
231,SDC-VD0525412A,M-1430,item:333362,2888.05797,2888.05797,59,290,1.0,UN
231,SDC-VD0993480A,M-1430,item:344135,2888.05797,2888.05797,39,270,1.0,UN
231,SDC-VD0520115A,M-1430,item:708073,22.9023,22.9023,36,267,1.0,KG
231,SDC-VD0508918A,M-1430,item:730384,612.26829,612.26829,93,324,1.0,M
231,SDC-VD1095770A,M-1430,item:734545,23.104464,23.104464,35,266,1.0,UN
231,SDC-1450,M-1430,item:773474,27883.385272,27883.385272,11,242,1.0,G
231,SDC-VD0951020A,M-1810,item:001757,8.563162,8.563162,74,305,1.0,KG
231,SDC-VD0519670A,M-1810,item:001848,4.49566,4.49566,14,245,1.0,KG
231,SDC-VD0951020A,M-1810,item:001848,1.926711,1.926711,98,329,1.0,KG
231,SDC-VD0910216A,M-1810,item:001893,28.472512,28.472512,23,254,1.0,KG
231,SDC-VD1091642A,M-1810,item:001893,8.135004,8.135004,76,307,1.0,KG
231,SDC-VD0518684A,M-1810,item:001893,4.067502,4.067502,84,315,1.0,KG
231,SDC-VD0910216A,M-1810,item:002612,7.492766,7.492766,20,251,1.0,KG
231,SDC-VD0990780A,M-1810,item:002612,2.14079,2.14079,40,271,1.0,KG
231,SDC-VD1091642A,M-1810,item:002612,0.535198,0.535198,21,252,1.0,KG
231,SDC-VD0500655A,M-1810,item:002612,0.535198,0.535198,17,248,1.0,KG
231,SDC-VD0514881A,M-1810,item:016332,2.568948,2.568948,38,269,1.0,KG
231,SDC-VD0519670A,M-1810,item:029313,0.214079,0.214079,41,272,1.0,KG
231,SDC-VD1096202A,M-1810,item:039668,0.214079,0.214079,22,253,1.0,KG
231,SDC-VD0520132A,M-1810,item:049371,7.920924,7.920924,67,298,1.0,KG
231,SDC-VD0914320A,M-1810,item:055703,0.299711,0.299711,25,256,1.0,KG
231,SDC-VD0964290A,M-1810,item:055703,0.128447,0.128447,33,264,1.0,KG
231,SDC-VD0505677A,M-1810,item:099439,10.703952,10.703952,32,263,1.0,KG
231,SDC-VD0901566A,M-1810,item:338928,5272.882762,5272.882762,56,287,1.0,UN
231,SDC-VD0914360C,M-1810,item:338929,5272.882762,5272.882762,28,259,1.0,UN
231,SDC-VD0989480A,M-1810,item:426331,58.00171,58.00171,19,250,1.0,UN
231,SDC-1450,M-1810,item:693055,2140.790401,2140.790401,97,328,1.0,G
231,M-1430,DC-1920,item:268967,2888.05797,2888.05797,5,236,1.0,UN
231,M-1810,DC-1920,item:268091,5272.882762,5272.882762,4,235,1.0,UN
231,DC-1920,C-XXXXX,item:268967,858.592124,858.592124,3,234,1.0,UN
231,SDC-VD0949099A,SDC-1450,item:021081,57.679032,60.71477,61,292,0.95,KG
231,SDC-VD0960508A,SDC-1450,item:021081,16.479723,16.479723,44,275,1.0,KG
231,SDC-VD0972460A,SDC-1450,item:021081,4.119931,4.119931,125,356,1.0,KG
231,SDC-VD0975221A,SDC-1450,item:021081,4.119931,4.119931,174,405,1.0,KG
231,SDC-1450,M-1810,item:007923,17126.323211,17126.323211,1,232,1.0,G
232,SDC-VD0520132A,M-1430,item:038005,57.641489,57.641489,203,435,1.0,KG
232,SDC-VD0914690A,M-1430,item:042342,198763.799475,198763.799475,11,243,1.0,UN
232,SDC-VD0525412A,M-1430,item:333362,3293.954451,3293.954451,23,255,1.0,UN
232,SDC-VD0993480A,M-1430,item:344135,3293.954451,3293.954451,53,285,1.0,UN
232,SDC-VD0520115A,M-1430,item:708073,26.121059,26.121059,25,257,1.0,KG
232,SDC-VD0508918A,M-1430,item:730384,698.318344,698.318344,56,288,1.0,M
232,SDC-VD1095770A,M-1430,item:734545,26.351636,26.351636,8,240,1.0,UN
232,SDC-1450,M-1430,item:773474,31802.201328,31802.201328,3,235,1.0,G
232,SDC-VD0951020A,M-1810,item:001757,8.612869,8.612869,73,305,1.0,KG
232,SDC-VD0519670A,M-1810,item:001848,4.521756,4.521756,8,240,1.0,KG
232,SDC-VD0951020A,M-1810,item:001848,1.937896,1.937896,88,320,1.0,KG
232,SDC-VD0910216A,M-1810,item:001893,28.63779,28.63779,32,264,1.0,KG
232,SDC-VD1091642A,M-1810,item:001893,8.182226,8.182226,74,306,1.0,KG
232,SDC-VD0518684A,M-1810,item:001893,4.091113,4.091113,57,289,1.0,KG
232,SDC-VD0910216A,M-1810,item:002612,7.53626,7.53626,49,281,1.0,KG
232,SDC-VD0990780A,M-1810,item:002612,2.153217,2.153217,47,279,1.0,KG
232,SDC-VD1091642A,M-1810,item:002612,0.538304,0.538304,18,250,1.0,KG
232,SDC-VD0500655A,M-1810,item:002612,0.538304,0.538304,21,253,1.0,KG
232,SDC-VD0514881A,M-1810,item:016332,2.583861,2.583861,16,248,1.0,KG
232,SDC-VD0519670A,M-1810,item:029313,0.215322,0.215322,69,301,1.0,KG
232,SDC-VD1096202A,M-1810,item:039668,0.215322,0.215322,33,265,1.0,KG
232,SDC-VD0520132A,M-1810,item:049371,7.966904,7.966904,86,318,1.0,KG
232,SDC-VD0914320A,M-1810,item:055703,0.30145,0.30145,15,247,1.0,KG
232,SDC-VD0964290A,M-1810,item:055703,0.129193,0.129193,41,273,1.0,KG
232,SDC-VD0505677A,M-1810,item:099439,10.766086,10.766086,7,239,1.0,KG
232,SDC-VD0901566A,M-1810,item:338928,5303.490838,5303.490838,88,320,1.0,UN
232,SDC-VD0914360C,M-1810,item:338929,5303.490838,5303.490838,29,261,1.0,UN
232,SDC-VD0989480A,M-1810,item:426331,58.338399,58.338399,21,253,1.0,UN
232,SDC-1450,M-1810,item:693055,2153.21728,2153.21728,22,254,1.0,G
232,M-1430,DC-1920,item:268967,3293.954451,3293.954451,6,238,1.0,UN
232,M-1810,DC-1920,item:268091,5303.490838,5303.490838,2,234,1.0,UN
232,DC-1920,C-XXXXX,item:268967,858.575568,858.575568,1,233,1.0,UN
232,SDC-VD0949099A,SDC-1450,item:021081,80.599117,84.841176,55,287,0.95,KG
232,SDC-VD0960508A,SDC-1450,item:021081,23.028319,23.028319,93,325,1.0,KG
232,SDC-VD0972460A,SDC-1450,item:021081,5.75708,5.75708,181,413,1.0,KG
232,SDC-VD0975221A,SDC-1450,item:021081,5.75708,5.75708,60,292,1.0,KG
232,SDC-1450,M-1810,item:007923,17225.738242,17225.738242,2,234,1.0,G
233,SDC-VD0520132A,M-1430,item:038005,59.062059,59.062059,207,440,1.0,KG
233,SDC-VD0914690A,M-1430,item:042342,203662.32056,203662.32056,14,247,1.0,UN
233,SDC-VD0525412A,M-1430,item:333362,3375.133747,3375.133747,54,287,1.0,UN
233,SDC-VD0993480A,M-1430,item:344135,3375.133747,3375.133747,48,281,1.0,UN
233,SDC-VD0520115A,M-1430,item:708073,26.764811,26.764811,12,245,1.0,KG
233,SDC-VD0508918A,M-1430,item:730384,715.528354,715.528354,91,324,1.0,M
233,SDC-VD1095770A,M-1430,item:734545,27.00107,27.00107,36,269,1.0,UN
233,SDC-1450,M-1430,item:773474,32585.964539,32585.964539,16,249,1.0,G
233,SDC-VD0951020A,M-1810,item:001757,8.622811,8.622811,92,325,1.0,KG
233,SDC-VD0519670A,M-1810,item:001848,4.526976,4.526976,42,275,1.0,KG
233,SDC-VD0951020A,M-1810,item:001848,1.940132,1.940132,56,289,1.0,KG
233,SDC-VD0910216A,M-1810,item:001893,28.670845,28.670845,26,259,1.0,KG
233,SDC-VD1091642A,M-1810,item:001893,8.19167,8.19167,16,249,1.0,KG
233,SDC-VD0518684A,M-1810,item:001893,4.095835,4.095835,54,287,1.0,KG
233,SDC-VD0910216A,M-1810,item:002612,7.544959,7.544959,58,291,1.0,KG
233,SDC-VD0990780A,M-1810,item:002612,2.155703,2.155703,15,248,1.0,KG
233,SDC-VD1091642A,M-1810,item:002612,0.538926,0.538926,22,255,1.0,KG
233,SDC-VD0500655A,M-1810,item:002612,0.538926,0.538926,35,268,1.0,KG
233,SDC-VD0514881A,M-1810,item:016332,2.586843,2.586843,35,268,1.0,KG
233,SDC-VD0519670A,M-1810,item:029313,0.21557,0.21557,17,250,1.0,KG
233,SDC-VD1096202A,M-1810,item:039668,0.21557,0.21557,40,273,1.0,KG
233,SDC-VD0520132A,M-1810,item:049371,7.9761,7.9761,218,451,1.0,KG
233,SDC-VD0914320A,M-1810,item:055703,0.301798,0.301798,22,255,1.0,KG
233,SDC-VD0964290A,M-1810,item:055703,0.129342,0.129342,53,286,1.0,KG
233,SDC-VD0505677A,M-1810,item:099439,10.778513,10.778513,17,250,1.0,KG
233,SDC-VD0901566A,M-1810,item:338928,5309.612453,5309.612453,94,327,1.0,UN
233,SDC-VD0914360C,M-1810,item:338929,5309.612453,5309.612453,68,301,1.0,UN
233,SDC-VD0989480A,M-1810,item:426331,58.405737,58.405737,9,242,1.0,UN
233,SDC-1450,M-1810,item:693055,2155.702656,2155.702656,117,350,1.0,G
233,M-1430,DC-1920,item:268967,3375.133747,3375.133747,3,236,1.0,UN
233,M-1810,DC-1920,item:268091,5309.612453,5309.612453,2,235,1.0,UN
233,SDC-VD0949099A,SDC-1450,item:021081,108.866946,114.596785,134,367,0.95,KG
233,SDC-VD0960508A,SDC-1450,item:021081,31.104842,31.104842,128,361,1.0,KG
233,SDC-VD0972460A,SDC-1450,item:021081,7.77621,7.77621,155,388,1.0,KG
233,SDC-VD0975221A,SDC-1450,item:021081,7.77621,7.77621,34,267,1.0,KG
233,SDC-1450,M-1810,item:007923,17245.621248,17245.621248,2,235,1.0,G
234,SDC-VD0520132A,M-1430,item:038005,59.346174,59.346174,242,476,1.0,KG
234,SDC-VD0914690A,M-1430,item:042342,204642.024777,204642.024777,20,254,1.0,UN
234,SDC-VD0525412A,M-1430,item:333362,3391.369606,3391.369606,45,279,1.0,UN
234,SDC-VD0993480A,M-1430,item:344135,3391.369606,3391.369606,31,265,1.0,UN
234,SDC-VD0520115A,M-1430,item:708073,26.893561,26.893561,54,288,1.0,KG
234,SDC-VD0508918A,M-1430,item:730384,718.970357,718.970357,10,244,1.0,M
234,SDC-VD1095770A,M-1430,item:734545,27.130957,27.130957,32,266,1.0,UN
234,SDC-1450,M-1430,item:773474,32742.717182,32742.717182,4,238,1.0,G
234,SDC-VD0951020A,M-1810,item:001757,8.624799,8.624799,79,313,1.0,KG
234,SDC-VD0519670A,M-1810,item:001848,4.528019,4.528019,13,247,1.0,KG
234,SDC-VD0951020A,M-1810,item:001848,1.94058,1.94058,45,279,1.0,KG
234,SDC-VD0910216A,M-1810,item:001893,28.677456,28.677456,23,257,1.0,KG
234,SDC-VD1091642A,M-1810,item:001893,8.193559,8.193559,26,260,1.0,KG
234,SDC-VD0518684A,M-1810,item:001893,4.096779,4.096779,40,274,1.0,KG
234,SDC-VD0910216A,M-1810,item:002612,7.546699,7.546699,11,245,1.0,KG
234,SDC-VD0990780A,M-1810,item:002612,2.1562,2.1562,70,304,1.0,KG
234,SDC-VD1091642A,M-1810,item:002612,0.53905,0.53905,47,281,1.0,KG
234,SDC-VD0500655A,M-1810,item:002612,0.53905,0.53905,39,273,1.0,KG
234,SDC-VD0514881A,M-1810,item:016332,2.58744,2.58744,51,285,1.0,KG
234,SDC-VD0519670A,M-1810,item:029313,0.21562,0.21562,65,299,1.0,KG
234,SDC-VD1096202A,M-1810,item:039668,0.21562,0.21562,44,278,1.0,KG
234,SDC-VD0520132A,M-1810,item:049371,7.977939,7.977939,73,307,1.0,KG
234,SDC-VD0914320A,M-1810,item:055703,0.301868,0.301868,10,244,1.0,KG
234,SDC-VD0964290A,M-1810,item:055703,0.129372,0.129372,63,297,1.0,KG
234,SDC-VD0505677A,M-1810,item:099439,10.780999,10.780999,18,252,1.0,KG
234,SDC-VD0901566A,M-1810,item:338928,5310.836776,5310.836776,108,342,1.0,UN
234,SDC-VD0914360C,M-1810,item:338929,5310.836776,5310.836776,21,255,1.0,UN
234,SDC-VD0989480A,M-1810,item:426331,58.419205,58.419205,25,259,1.0,UN
234,SDC-1450,M-1810,item:693055,2156.199731,2156.199731,57,291,1.0,G
234,M-1430,DC-1920,item:268967,3391.369606,3391.369606,4,238,1.0,UN
234,M-1810,DC-1920,item:268091,5310.836776,5310.836776,2,236,1.0,UN
234,DC-1920,C-XXXXX,item:268091,20662.604658,20662.604658,1,235,1.0,UN
234,SDC-VD0949099A,SDC-1450,item:021081,133.531716,140.559701,89,323,0.95,KG
234,SDC-VD0960508A,SDC-1450,item:021081,38.151919,38.151919,118,352,1.0,KG
234,SDC-VD0972460A,SDC-1450,item:021081,9.53798,9.53798,81,315,1.0,KG
234,SDC-VD0975221A,SDC-1450,item:021081,9.53798,9.53798,86,320,1.0,KG
234,SDC-1450,M-1810,item:007923,17249.597849,17249.597849,1,235,1.0,G
235,SDC-VD0520132A,M-1430,item:038005,59.402996,59.402996,148,383,1.0,KG
235,SDC-VD0914690A,M-1430,item:042342,204837.96562,204837.96562,20,255,1.0,UN
235,SDC-VD0525412A,M-1430,item:333362,3394.616778,3394.616778,39,274,1.0,UN
235,SDC-VD0993480A,M-1430,item:344135,3394.616778,3394.616778,34,269,1.0,UN
235,SDC-VD0520115A,M-1430,item:708073,26.919311,26.919311,20,255,1.0,KG
235,SDC-VD0508918A,M-1430,item:730384,719.658757,719.658757,37,272,1.0,M
235,SDC-VD1095770A,M-1430,item:734545,27.156934,27.156934,18,253,1.0,UN
235,SDC-1450,M-1430,item:773474,32774.06771,32774.06771,11,246,1.0,G
235,SDC-VD0951020A,M-1810,item:001757,8.625197,8.625197,168,403,1.0,KG
235,SDC-VD0519670A,M-1810,item:001848,4.528228,4.528228,15,250,1.0,KG
235,SDC-VD0951020A,M-1810,item:001848,1.940669,1.940669,75,310,1.0,KG
235,SDC-VD0910216A,M-1810,item:001893,28.678779,28.678779,35,270,1.0,KG
235,SDC-VD1091642A,M-1810,item:001893,8.193937,8.193937,71,306,1.0,KG
235,SDC-VD0518684A,M-1810,item:001893,4.096968,4.096968,52,287,1.0,KG
235,SDC-VD0910216A,M-1810,item:002612,7.547047,7.547047,53,288,1.0,KG
235,SDC-VD0990780A,M-1810,item:002612,2.156299,2.156299,40,275,1.0,KG
235,SDC-VD1091642A,M-1810,item:002612,0.539075,0.539075,34,269,1.0,KG
235,SDC-VD0500655A,M-1810,item:002612,0.539075,0.539075,30,265,1.0,KG
235,SDC-VD0514881A,M-1810,item:016332,2.587559,2.587559,21,256,1.0,KG
235,SDC-VD0519670A,M-1810,item:029313,0.21563,0.21563,37,272,1.0,KG
235,SDC-VD1096202A,M-1810,item:039668,0.21563,0.21563,58,293,1.0,KG
235,SDC-VD0520132A,M-1810,item:049371,7.978307,7.978307,120,355,1.0,KG
235,SDC-VD0914320A,M-1810,item:055703,0.301882,0.301882,14,249,1.0,KG
235,SDC-VD0964290A,M-1810,item:055703,0.129378,0.129378,65,300,1.0,KG
235,SDC-VD0505677A,M-1810,item:099439,10.781496,10.781496,51,286,1.0,KG
235,SDC-VD0901566A,M-1810,item:338928,5311.081641,5311.081641,140,375,1.0,UN
235,SDC-VD0914360C,M-1810,item:338929,5311.081641,5311.081641,41,276,1.0,UN
235,SDC-VD0989480A,M-1810,item:426331,58.421898,58.421898,49,284,1.0,UN
235,SDC-1450,M-1810,item:693055,2156.299146,2156.299146,95,330,1.0,G
235,M-1430,DC-1920,item:268967,3394.616778,3394.616778,2,237,1.0,UN
235,M-1810,DC-1920,item:268091,5311.081641,5311.081641,4,239,1.0,UN
235,DC-1920,C-XXXXX,item:268091,10582.495215,10582.495215,1,236,1.0,UN
235,SDC-VD0949099A,SDC-1450,item:021081,152.739111,160.778012,81,316,0.95,KG
235,SDC-VD0960508A,SDC-1450,item:021081,43.639746,43.639746,56,291,1.0,KG
235,SDC-VD0972460A,SDC-1450,item:021081,10.909937,10.909937,240,475,1.0,KG
235,SDC-VD0975221A,SDC-1450,item:021081,10.909937,10.909937,53,288,1.0,KG
235,SDC-1450,M-1810,item:007923,17250.393169,17250.393169,2,237,1.0,G
236,SDC-VD0520132A,M-1430,item:038005,59.414361,59.414361,251,487,1.0,KG
236,SDC-VD0914690A,M-1430,item:042342,204877.153789,204877.153789,11,247,1.0,UN
236,SDC-VD0525412A,M-1430,item:333362,3395.266212,3395.266212,80,316,1.0,UN
236,SDC-VD0993480A,M-1430,item:344135,3395.266212,3395.266212,44,280,1.0,UN
236,SDC-VD0520115A,M-1430,item:708073,26.924461,26.924461,23,259,1.0,KG
236,SDC-VD0508918A,M-1430,item:730384,719.796437,719.796437,39,275,1.0,M
236,SDC-VD1095770A,M-1430,item:734545,27.16213,27.16213,29,265,1.0,UN
236,SDC-1450,M-1430,item:773474,32780.337816,32780.337816,13,249,1.0,G
236,SDC-VD0951020A,M-1810,item:001757,8.625276,8.625276,63,299,1.0,KG
236,SDC-VD0519670A,M-1810,item:001848,4.52827,4.52827,19,255,1.0,KG
236,SDC-VD0951020A,M-1810,item:001848,1.940687,1.940687,59,295,1.0,KG
236,SDC-VD0910216A,M-1810,item:001893,28.679043,28.679043,22,258,1.0,KG
236,SDC-VD1091642A,M-1810,item:001893,8.194012,8.194012,66,302,1.0,KG
236,SDC-VD0518684A,M-1810,item:001893,4.097006,4.097006,42,278,1.0,KG
236,SDC-VD0910216A,M-1810,item:002612,7.547117,7.547117,31,267,1.0,KG
236,SDC-VD0990780A,M-1810,item:002612,2.156319,2.156319,44,280,1.0,KG
236,SDC-VD1091642A,M-1810,item:002612,0.53908,0.53908,37,273,1.0,KG
236,SDC-VD0500655A,M-1810,item:002612,0.53908,0.53908,34,270,1.0,KG
236,SDC-VD0514881A,M-1810,item:016332,2.587583,2.587583,63,299,1.0,KG
236,SDC-VD0519670A,M-1810,item:029313,0.215632,0.215632,32,268,1.0,KG
236,SDC-VD1096202A,M-1810,item:039668,0.215632,0.215632,21,257,1.0,KG
236,SDC-VD0520132A,M-1810,item:049371,7.97838,7.97838,170,406,1.0,KG
236,SDC-VD0914320A,M-1810,item:055703,0.301885,0.301885,22,258,1.0,KG
236,SDC-VD0964290A,M-1810,item:055703,0.129379,0.129379,52,288,1.0,KG
236,SDC-VD0505677A,M-1810,item:099439,10.781595,10.781595,20,256,1.0,KG
236,SDC-VD0901566A,M-1810,item:338928,5311.130614,5311.130614,55,291,1.0,UN
236,SDC-VD0914360C,M-1810,item:338929,5311.130614,5311.130614,42,278,1.0,UN
236,SDC-VD0989480A,M-1810,item:426331,58.422437,58.422437,28,264,1.0,UN
236,SDC-1450,M-1810,item:693055,2156.319029,2156.319029,29,265,1.0,G
236,M-1430,DC-1920,item:268967,3395.266212,3395.266212,6,242,1.0,UN
236,M-1810,DC-1920,item:268091,5311.130614,5311.130614,5,241,1.0,UN
236,DC-1920,C-XXXXX,item:268967,6263.191717,6263.191717,4,240,1.0,UN
236,DC-1920,C-XXXXX,item:268091,5310.836776,5310.836776,2,238,1.0,UN
236,SDC-VD0949099A,SDC-1450,item:021081,167.052791,175.845043,119,355,0.95,KG
236,SDC-VD0960508A,SDC-1450,item:021081,47.729369,47.729369,85,321,1.0,KG
236,SDC-VD0972460A,SDC-1450,item:021081,11.932342,11.932342,133,369,1.0,KG
236,SDC-VD0975221A,SDC-1450,item:021081,11.932342,11.932342,138,374,1.0,KG
236,SDC-1450,M-1810,item:007923,17250.552234,17250.552234,1,237,1.0,G
237,SDC-VD0520132A,M-1430,item:038005,59.416634,59.416634,171,408,1.0,KG
237,SDC-VD0914690A,M-1430,item:042342,204884.991423,204884.991423,23,260,1.0,UN
237,SDC-VD0525412A,M-1430,item:333362,3395.396099,3395.396099,90,327,1.0,UN
237,SDC-VD0993480A,M-1430,item:344135,3395.396099,3395.396099,60,297,1.0,UN
237,SDC-VD0520115A,M-1430,item:708073,26.925491,26.925491,28,265,1.0,KG
237,SDC-VD0508918A,M-1430,item:730384,719.823973,719.823973,92,329,1.0,M
237,SDC-VD1095770A,M-1430,item:734545,27.163169,27.163169,24,261,1.0,UN
237,SDC-1450,M-1430,item:773474,32781.591837,32781.591837,21,258,1.0,G
237,SDC-VD0951020A,M-1810,item:001757,8.625292,8.625292,70,307,1.0,KG
237,SDC-VD0519670A,M-1810,item:001848,4.528278,4.528278,12,249,1.0,KG
237,SDC-VD0951020A,M-1810,item:001848,1.940691,1.940691,97,334,1.0,KG
237,SDC-VD0910216A,M-1810,item:001893,28.679096,28.679096,17,254,1.0,KG
237,SDC-VD1091642A,M-1810,item:001893,8.194027,8.194027,18,255,1.0,KG
237,SDC-VD0518684A,M-1810,item:001893,4.097014,4.097014,63,300,1.0,KG
237,SDC-VD0910216A,M-1810,item:002612,7.547131,7.547131,69,306,1.0,KG
237,SDC-VD0990780A,M-1810,item:002612,2.156323,2.156323,18,255,1.0,KG
237,SDC-VD1091642A,M-1810,item:002612,0.539081,0.539081,24,261,1.0,KG
237,SDC-VD0500655A,M-1810,item:002612,0.539081,0.539081,31,268,1.0,KG
237,SDC-VD0514881A,M-1810,item:016332,2.587588,2.587588,25,262,1.0,KG
237,SDC-VD0519670A,M-1810,item:029313,0.215632,0.215632,55,292,1.0,KG
237,SDC-VD1096202A,M-1810,item:039668,0.215632,0.215632,47,284,1.0,KG
237,SDC-VD0520132A,M-1810,item:049371,7.978395,7.978395,91,328,1.0,KG
237,SDC-VD0914320A,M-1810,item:055703,0.301885,0.301885,27,264,1.0,KG
237,SDC-VD0964290A,M-1810,item:055703,0.129379,0.129379,56,293,1.0,KG
237,SDC-VD0505677A,M-1810,item:099439,10.781615,10.781615,40,277,1.0,KG
237,SDC-VD0901566A,M-1810,item:338928,5311.140408,5311.140408,87,324,1.0,UN
237,SDC-VD0914360C,M-1810,item:338929,5311.140408,5311.140408,45,282,1.0,UN
237,SDC-VD0989480A,M-1810,item:426331,58.422544,58.422544,32,269,1.0,UN
237,SDC-1450,M-1810,item:693055,2156.323006,2156.323006,115,352,1.0,G
237,M-1430,DC-1920,item:268967,3395.396099,3395.396099,4,241,1.0,UN
237,M-1810,DC-1920,item:268091,5311.140408,5311.140408,5,242,1.0,UN
237,DC-1920,C-XXXXX,item:268967,3394.616778,3394.616778,4,241,1.0,UN
237,SDC-VD0949099A,SDC-1450,item:021081,177.53284,186.876674,146,383,0.95,KG
237,SDC-VD0960508A,SDC-1450,item:021081,50.723669,50.723669,176,413,1.0,KG
237,SDC-VD0972460A,SDC-1450,item:021081,12.680917,12.680917,67,304,1.0,KG
237,SDC-VD0975221A,SDC-1450,item:021081,12.680917,12.680917,174,411,1.0,KG
237,SDC-1450,M-1810,item:007923,17250.584046,17250.584046,3,240,1.0,G
238,SDC-VD0520132A,M-1430,item:038005,90.995715,90.995715,308,546,1.0,KG
238,SDC-VD0914690A,M-1430,item:042342,313778.4,313778.4,20,258,1.0,UN
238,SDC-VD0525412A,M-1430,item:333362,5200.0,5200.0,38,276,1.0,UN
238,SDC-VD0993480A,M-1430,item:344135,5200.0,5200.0,9,247,1.0,UN
238,SDC-VD0520115A,M-1430,item:708073,41.236,41.236,37,275,1.0,KG
238,SDC-VD0508918A,M-1430,item:730384,1102.4,1102.4,48,286,1.0,M
238,SDC-VD1095770A,M-1430,item:734545,41.6,41.6,6,244,1.0,UN
238,SDC-1450,M-1430,item:773474,50204.5336,50204.5336,9,247,1.0,G
238,SDC-VD0951020A,M-1810,item:001757,16.375951,16.375951,91,329,1.0,KG
238,SDC-VD0519670A,M-1810,item:001848,8.597374,8.597374,9,247,1.0,KG
238,SDC-VD0951020A,M-1810,item:001848,3.684589,3.684589,28,266,1.0,KG
238,SDC-VD0910216A,M-1810,item:001893,54.450038,54.450038,14,252,1.0,KG
238,SDC-VD1091642A,M-1810,item:001893,15.557154,15.557154,23,261,1.0,KG
238,SDC-VD0518684A,M-1810,item:001893,7.778577,7.778577,71,309,1.0,KG
238,SDC-VD0910216A,M-1810,item:002612,14.328957,14.328957,28,266,1.0,KG
238,SDC-VD0990780A,M-1810,item:002612,4.093988,4.093988,59,297,1.0,KG
238,SDC-VD1091642A,M-1810,item:002612,1.023497,1.023497,33,271,1.0,KG
238,SDC-VD0500655A,M-1810,item:002612,1.023497,1.023497,25,263,1.0,KG
238,SDC-VD0514881A,M-1810,item:016332,4.912785,4.912785,34,272,1.0,KG
238,SDC-VD0519670A,M-1810,item:029313,0.409399,0.409399,34,272,1.0,KG
238,SDC-VD1096202A,M-1810,item:039668,0.409399,0.409399,22,260,1.0,KG
238,SDC-VD0520132A,M-1810,item:049371,15.147755,15.147755,261,499,1.0,KG
238,SDC-VD0914320A,M-1810,item:055703,0.573158,0.573158,20,258,1.0,KG
238,SDC-VD0964290A,M-1810,item:055703,0.245639,0.245639,21,259,1.0,KG
238,SDC-VD0505677A,M-1810,item:099439,20.469939,20.469939,56,294,1.0,KG
238,SDC-VD0901566A,M-1810,item:338928,10000.0,10000.0,28,266,1.0,UN
238,SDC-VD0914360C,M-1810,item:338929,10083.713796,10083.713796,35,273,1.0,UN
238,SDC-VD0989480A,M-1810,item:426331,110.920852,110.920852,17,255,1.0,UN
238,SDC-1450,M-1810,item:693055,4093.987801,4093.987801,47,285,1.0,G
238,M-1430,DC-1920,item:268967,5200.0,5200.0,3,241,1.0,UN
238,M-1810,DC-1920,item:268091,10083.713796,10083.713796,3,241,1.0,UN
238,DC-1920,C-XXXXX,item:268967,6685.324057,6685.324057,2,240,1.0,UN
238,SDC-VD0949099A,SDC-1450,item:021081,185.151722,194.896549,45,283,0.95,KG
238,SDC-VD0960508A,SDC-1450,item:021081,52.900492,52.900492,116,354,1.0,KG
238,SDC-VD0972460A,SDC-1450,item:021081,13.225123,13.225123,132,370,1.0,KG
238,SDC-VD0975221A,SDC-1450,item:021081,13.225123,13.225123,44,282,1.0,KG
238,SDC-1450,M-1810,item:007923,32751.90241,32751.90241,1,239,1.0,G
239,SDC-VD0520132A,M-1430,item:038005,90.995715,90.995715,187,426,1.0,KG
239,SDC-VD0914690A,M-1430,item:042342,313778.4,313778.4,20,259,1.0,UN
239,SDC-VD0525412A,M-1430,item:333362,5200.0,5200.0,30,269,1.0,UN
239,SDC-VD0993480A,M-1430,item:344135,5200.0,5200.0,21,260,1.0,UN
239,SDC-VD0520115A,M-1430,item:708073,41.236,41.236,29,268,1.0,KG
239,SDC-VD0508918A,M-1430,item:730384,1102.4,1102.4,76,315,1.0,M
239,SDC-VD1095770A,M-1430,item:734545,41.6,41.6,39,278,1.0,UN
239,SDC-1450,M-1430,item:773474,50204.5336,50204.5336,11,250,1.0,G
239,SDC-VD0951020A,M-1810,item:001757,17.926083,17.926083,30,269,1.0,KG
239,SDC-VD0519670A,M-1810,item:001848,9.411194,9.411194,6,245,1.0,KG
239,SDC-VD0951020A,M-1810,item:001848,4.033369,4.033369,55,294,1.0,KG
239,SDC-VD0910216A,M-1810,item:001893,59.604226,59.604226,32,271,1.0,KG
239,SDC-VD1091642A,M-1810,item:001893,17.029779,17.029779,30,269,1.0,KG
239,SDC-VD0518684A,M-1810,item:001893,8.514889,8.514889,65,304,1.0,KG
239,SDC-VD0910216A,M-1810,item:002612,15.685323,15.685323,27,266,1.0,KG
239,SDC-VD0990780A,M-1810,item:002612,4.481521,4.481521,11,250,1.0,KG
239,SDC-VD1091642A,M-1810,item:002612,1.12038,1.12038,14,253,1.0,KG
239,SDC-VD0500655A,M-1810,item:002612,1.12038,1.12038,34,273,1.0,KG
239,SDC-VD0514881A,M-1810,item:016332,5.377825,5.377825,60,299,1.0,KG
239,SDC-VD0519670A,M-1810,item:029313,0.448152,0.448152,46,285,1.0,KG
239,SDC-VD1096202A,M-1810,item:039668,0.448152,0.448152,10,249,1.0,KG
239,SDC-VD0520132A,M-1810,item:049371,16.581627,16.581627,30,269,1.0,KG
239,SDC-VD0914320A,M-1810,item:055703,0.627413,0.627413,22,261,1.0,KG
239,SDC-VD0964290A,M-1810,item:055703,0.268891,0.268891,38,277,1.0,KG
239,SDC-VD0505677A,M-1810,item:099439,22.407604,22.407604,42,281,1.0,KG
239,SDC-VD0901566A,M-1810,item:338928,10000.0,10000.0,67,306,1.0,UN
239,SDC-VD0914360C,M-1810,item:338929,11038.228474,11038.228474,20,259,1.0,UN
239,SDC-VD0989480A,M-1810,item:426331,121.420513,121.420513,7,246,1.0,UN
239,SDC-1450,M-1810,item:693055,4481.52076,4481.52076,85,324,1.0,G
239,M-1430,DC-1920,item:268967,5200.0,5200.0,4,243,1.0,UN
239,M-1810,DC-1920,item:268091,11038.228474,11038.228474,5,244,1.0,UN
239,DC-1920,C-XXXXX,item:268091,5311.081641,5311.081641,3,242,1.0,UN
239,SDC-VD0949099A,SDC-1450,item:021081,212.481148,223.664367,135,374,0.95,KG
239,SDC-VD0960508A,SDC-1450,item:021081,60.708899,60.708899,93,332,1.0,KG
239,SDC-VD0972460A,SDC-1450,item:021081,15.177225,15.177225,218,457,1.0,KG
239,SDC-VD0975221A,SDC-1450,item:021081,15.177225,15.177225,145,384,1.0,KG
239,SDC-1450,M-1810,item:007923,35852.166082,35852.166082,1,240,1.0,G
240,SDC-VD0520132A,M-1430,item:038005,90.995715,90.995715,139,379,1.0,KG
240,SDC-VD0914690A,M-1430,item:042342,313778.4,313778.4,23,263,1.0,UN
240,SDC-VD0525412A,M-1430,item:333362,5200.0,5200.0,95,335,1.0,UN
240,SDC-VD0993480A,M-1430,item:344135,5200.0,5200.0,26,266,1.0,UN
240,SDC-VD0520115A,M-1430,item:708073,41.236,41.236,18,258,1.0,KG
240,SDC-VD0508918A,M-1430,item:730384,1102.4,1102.4,88,328,1.0,M
240,SDC-VD1095770A,M-1430,item:734545,41.6,41.6,7,247,1.0,UN
240,SDC-1450,M-1430,item:773474,50204.5336,50204.5336,7,247,1.0,G
240,SDC-VD0951020A,M-1810,item:001757,18.236109,18.236109,38,278,1.0,KG
240,SDC-VD0519670A,M-1810,item:001848,9.573957,9.573957,15,255,1.0,KG
240,SDC-VD0951020A,M-1810,item:001848,4.103125,4.103125,41,281,1.0,KG
240,SDC-VD0910216A,M-1810,item:001893,60.635064,60.635064,56,296,1.0,KG
240,SDC-VD1091642A,M-1810,item:001893,17.324304,17.324304,19,259,1.0,KG
240,SDC-VD0518684A,M-1810,item:001893,8.662152,8.662152,112,352,1.0,KG
240,SDC-VD0910216A,M-1810,item:002612,15.956596,15.956596,70,310,1.0,KG
240,SDC-VD0990780A,M-1810,item:002612,4.559027,4.559027,36,276,1.0,KG
240,SDC-VD1091642A,M-1810,item:002612,1.139757,1.139757,70,310,1.0,KG
240,SDC-VD0500655A,M-1810,item:002612,1.139757,1.139757,26,266,1.0,KG
240,SDC-VD0514881A,M-1810,item:016332,5.470833,5.470833,42,282,1.0,KG
240,SDC-VD0519670A,M-1810,item:029313,0.455903,0.455903,51,291,1.0,KG
240,SDC-VD1096202A,M-1810,item:039668,0.455903,0.455903,15,255,1.0,KG
240,SDC-VD0520132A,M-1810,item:049371,16.868401,16.868401,95,335,1.0,KG
240,SDC-VD0914320A,M-1810,item:055703,0.638264,0.638264,23,263,1.0,KG
240,SDC-VD0964290A,M-1810,item:055703,0.273542,0.273542,26,266,1.0,KG
240,SDC-VD0505677A,M-1810,item:099439,22.795137,22.795137,14,254,1.0,KG
240,SDC-VD0901566A,M-1810,item:338928,10000.0,10000.0,79,319,1.0,UN
240,SDC-VD0914360C,M-1810,item:338929,11229.131409,11229.131409,20,260,1.0,UN
240,SDC-VD0989480A,M-1810,item:426331,123.520446,123.520446,23,263,1.0,UN
240,SDC-1450,M-1810,item:693055,4559.027352,4559.027352,73,313,1.0,G
240,M-1430,DC-1920,item:268967,5200.0,5200.0,6,246,1.0,UN
240,M-1810,DC-1920,item:268091,11229.131409,11229.131409,1,241,1.0,UN
240,SDC-VD0949099A,SDC-1450,item:021081,238.286798,250.828209,86,326,0.95,KG
240,SDC-VD0960508A,SDC-1450,item:021081,68.081942,68.081942,138,378,1.0,KG
240,SDC-VD0972460A,SDC-1450,item:021081,17.020486,17.020486,45,285,1.0,KG
240,SDC-VD0975221A,SDC-1450,item:021081,17.020486,17.020486,111,351,1.0,KG
240,SDC-1450,M-1810,item:007923,36472.218817,36472.218817,2,242,1.0,G
241,SDC-VD0520132A,M-1430,item:038005,90.995715,90.995715,308,549,1.0,KG
241,SDC-VD0914690A,M-1430,item:042342,313778.4,313778.4,11,252,1.0,UN
241,SDC-VD0525412A,M-1430,item:333362,5200.0,5200.0,120,361,1.0,UN
241,SDC-VD0993480A,M-1430,item:344135,5200.0,5200.0,29,270,1.0,UN
241,SDC-VD0520115A,M-1430,item:708073,41.236,41.236,15,256,1.0,KG
241,SDC-VD0508918A,M-1430,item:730384,1102.4,1102.4,15,256,1.0,M
241,SDC-VD1095770A,M-1430,item:734545,41.6,41.6,20,261,1.0,UN
241,SDC-1450,M-1430,item:773474,50204.5336,50204.5336,12,253,1.0,G
241,SDC-VD0951020A,M-1810,item:001757,18.298115,18.298115,39,280,1.0,KG
241,SDC-VD0519670A,M-1810,item:001848,9.60651,9.60651,30,271,1.0,KG
241,SDC-VD0951020A,M-1810,item:001848,4.117076,4.117076,90,331,1.0,KG
241,SDC-VD0910216A,M-1810,item:001893,60.841231,60.841231,5,246,1.0,KG
241,SDC-VD1091642A,M-1810,item:001893,17.383209,17.383209,84,325,1.0,KG
241,SDC-VD0518684A,M-1810,item:001893,8.691604,8.691604,72,313,1.0,KG
241,SDC-VD0910216A,M-1810,item:002612,8.473164,8.473164,63,304,1.0,KG
241,SDC-VD0990780A,M-1810,item:002612,4.574529,4.574529,63,304,1.0,KG
241,SDC-VD1091642A,M-1810,item:002612,1.143632,1.143632,45,286,1.0,KG
241,SDC-VD0500655A,M-1810,item:002612,1.143632,1.143632,29,270,1.0,KG
241,SDC-VD0990780A,M-1810,item:002612,7.537686,7.537686,70,311,1.0,KG
241,SDC-VD0514881A,M-1810,item:016332,5.489434,5.489434,98,339,1.0,KG
241,SDC-VD0519670A,M-1810,item:029313,0.457453,0.457453,96,337,1.0,KG
241,SDC-VD1096202A,M-1810,item:039668,0.457453,0.457453,10,251,1.0,KG
241,SDC-VD0520132A,M-1810,item:049371,16.925756,16.925756,147,388,1.0,KG
241,SDC-VD0914320A,M-1810,item:055703,0.640434,0.640434,10,251,1.0,KG
241,SDC-VD0964290A,M-1810,item:055703,0.274472,0.274472,28,269,1.0,KG
241,SDC-VD0505677A,M-1810,item:099439,22.872643,22.872643,25,266,1.0,KG
241,SDC-VD0901566A,M-1810,item:338928,10000.0,10000.0,102,343,1.0,UN
241,SDC-VD0914360C,M-1810,item:338929,11267.311996,11267.311996,30,271,1.0,UN
241,SDC-VD0989480A,M-1810,item:426331,123.940432,123.940432,26,267,1.0,UN
241,SDC-1450,M-1810,item:693055,4574.52867,4574.52867,87,328,1.0,G
241,M-1430,DC-1920,item:268967,5200.0,5200.0,3,244,1.0,UN
241,M-1810,DC-1920,item:268091,11267.311996,11267.311996,4,245,1.0,UN
241,DC-1920,C-XXXXX,item:268967,8595.396099,8595.396099,5,246,1.0,UN
241,DC-1920,C-XXXXX,item:268091,26623.975819,26623.975819,5,246,1.0,UN
241,SDC-VD0949099A,SDC-1450,item:021081,258.626563,272.238487,203,444,0.95,KG
241,SDC-VD0960508A,SDC-1450,item:021081,73.893304,73.893304,178,419,1.0,KG
241,SDC-VD0972460A,SDC-1450,item:021081,18.473326,18.473326,99,340,1.0,KG
241,SDC-VD0975221A,SDC-1450,item:021081,18.473326,18.473326,108,349,1.0,KG
241,SDC-1450,M-1810,item:007923,36596.229364,36596.229364,1,242,1.0,G
242,SDC-VD0520132A,M-1430,item:038005,90.995715,90.995715,154,396,1.0,KG
242,SDC-VD0914690A,M-1430,item:042342,313778.4,313778.4,12,254,1.0,UN
242,SDC-VD0525412A,M-1430,item:333362,5200.0,5200.0,120,362,1.0,UN
242,SDC-VD0993480A,M-1430,item:344135,5200.0,5200.0,24,266,1.0,UN
242,SDC-VD0520115A,M-1430,item:708073,41.236,41.236,33,275,1.0,KG
242,SDC-VD0508918A,M-1430,item:730384,1102.4,1102.4,32,274,1.0,M
242,SDC-VD1095770A,M-1430,item:734545,41.6,41.6,15,257,1.0,UN
242,SDC-1450,M-1430,item:773474,50204.5336,50204.5336,5,247,1.0,G
242,SDC-VD0951020A,M-1810,item:001757,18.310516,18.310516,51,293,1.0,KG
242,SDC-VD0519670A,M-1810,item:001848,9.613021,9.613021,42,284,1.0,KG
242,SDC-VD0951020A,M-1810,item:001848,4.119866,4.119866,59,301,1.0,KG
242,SDC-VD0910216A,M-1810,item:001893,60.882465,60.882465,31,273,1.0,KG
242,SDC-VD1091642A,M-1810,item:001893,17.39499,17.39499,40,282,1.0,KG
242,SDC-VD0518684A,M-1810,item:001893,8.697495,8.697495,35,277,1.0,KG
242,SDC-VD0910216A,M-1810,item:002612,5.416489,5.416489,50,292,1.0,KG
242,SDC-VD0990780A,M-1810,item:002612,4.577629,4.577629,24,266,1.0,KG
242,SDC-VD1091642A,M-1810,item:002612,1.144407,1.144407,31,273,1.0,KG
242,SDC-VD0500655A,M-1810,item:002612,1.144407,1.144407,28,270,1.0,KG
242,SDC-VD0990780A,M-1810,item:002612,10.605213,10.605213,64,306,1.0,KG
242,SDC-VD0514881A,M-1810,item:016332,5.493155,5.493155,72,314,1.0,KG
242,SDC-VD0519670A,M-1810,item:029313,0.457763,0.457763,77,319,1.0,KG
242,SDC-VD1096202A,M-1810,item:039668,0.457763,0.457763,26,268,1.0,KG
242,SDC-VD0520132A,M-1810,item:049371,16.937227,16.937227,169,411,1.0,KG
242,SDC-VD0914320A,M-1810,item:055703,0.640868,0.640868,9,251,1.0,KG
242,SDC-VD0964290A,M-1810,item:055703,0.274658,0.274658,57,299,1.0,KG
242,SDC-VD0505677A,M-1810,item:099439,22.888145,22.888145,29,271,1.0,KG
242,SDC-VD0901566A,M-1810,item:338928,10000.0,10000.0,70,312,1.0,UN
242,SDC-VD0914360C,M-1810,item:338929,11274.948114,11274.948114,55,297,1.0,UN
242,SDC-VD0989480A,M-1810,item:426331,124.024429,124.024429,49,291,1.0,UN
242,SDC-1450,M-1810,item:693055,4577.628934,4577.628934,124,366,1.0,G
242,M-1430,DC-1920,item:268967,5200.0,5200.0,3,245,1.0,UN
242,M-1810,DC-1920,item:268091,11274.948114,11274.948114,3,245,1.0,UN
242,DC-1920,C-XXXXX,item:268967,3395.266212,3395.266212,3,245,1.0,UN
242,DC-1920,C-XXXXX,item:268091,5311.140408,5311.140408,3,245,1.0,UN
242,SDC-VD0949099A,SDC-1450,item:021081,273.805197,288.215997,94,336,0.95,KG
242,SDC-VD0960508A,SDC-1450,item:021081,78.230056,78.230056,137,379,1.0,KG
242,SDC-VD0972460A,SDC-1450,item:021081,19.557514,19.557514,240,482,1.0,KG
242,SDC-VD0975221A,SDC-1450,item:021081,19.557514,19.557514,46,288,1.0,KG
242,SDC-1450,M-1810,item:007923,36621.031473,36621.031473,1,243,1.0,G
243,SDC-VD0520132A,M-1430,item:038005,90.995715,90.995715,159,402,1.0,KG
243,SDC-VD0914690A,M-1430,item:042342,313778.4,313778.4,25,268,1.0,UN
243,SDC-VD0525412A,M-1430,item:333362,5200.0,5200.0,44,287,1.0,UN
243,SDC-VD0993480A,M-1430,item:344135,5200.0,5200.0,20,263,1.0,UN
243,SDC-VD0520115A,M-1430,item:708073,41.236,41.236,38,281,1.0,KG
243,SDC-VD0508918A,M-1430,item:730384,1102.4,1102.4,77,320,1.0,M
243,SDC-VD1095770A,M-1430,item:734545,41.6,41.6,25,268,1.0,UN
243,SDC-1450,M-1430,item:773474,50204.5336,50204.5336,11,254,1.0,G
243,SDC-VD0951020A,M-1810,item:001757,18.312996,18.312996,54,297,1.0,KG
243,SDC-VD0519670A,M-1810,item:001848,9.614323,9.614323,35,278,1.0,KG
243,SDC-VD0951020A,M-1810,item:001848,4.120424,4.120424,21,264,1.0,KG
243,SDC-VD0910216A,M-1810,item:001893,60.890712,60.890712,15,258,1.0,KG
243,SDC-VD1091642A,M-1810,item:001893,17.397346,17.397346,13,256,1.0,KG
243,SDC-VD0518684A,M-1810,item:001893,8.698673,8.698673,20,263,1.0,KG
243,SDC-VD0910216A,M-1810,item:002612,5.593958,5.593958,48,291,1.0,KG
243,SDC-VD0990780A,M-1810,item:002612,4.578249,4.578249,63,306,1.0,KG
243,SDC-VD1091642A,M-1810,item:002612,1.144562,1.144562,16,259,1.0,KG
243,SDC-VD0500655A,M-1810,item:002612,1.144562,1.144562,7,250,1.0,KG
243,SDC-VD0990780A,M-1810,item:002612,10.429914,10.429914,36,279,1.0,KG
243,SDC-VD0514881A,M-1810,item:016332,5.493899,5.493899,51,294,1.0,KG
243,SDC-VD0519670A,M-1810,item:029313,0.457825,0.457825,28,271,1.0,KG
243,SDC-VD1096202A,M-1810,item:039668,0.457825,0.457825,19,262,1.0,KG
243,SDC-VD0520132A,M-1810,item:049371,16.939521,16.939521,116,359,1.0,KG
243,SDC-VD0914320A,M-1810,item:055703,0.640955,0.640955,19,262,1.0,KG
243,SDC-VD0964290A,M-1810,item:055703,0.274695,0.274695,28,271,1.0,KG
243,SDC-VD0505677A,M-1810,item:099439,22.891245,22.891245,14,257,1.0,KG
243,SDC-VD0901566A,M-1810,item:338928,10000.0,10000.0,79,322,1.0,UN
243,SDC-VD0914360C,M-1810,item:338929,11276.475337,11276.475337,54,297,1.0,UN
243,SDC-VD0989480A,M-1810,item:426331,124.041229,124.041229,22,265,1.0,UN
243,SDC-1450,M-1810,item:693055,4578.248987,4578.248987,140,383,1.0,G
243,M-1430,DC-1920,item:268967,5200.0,5200.0,3,246,1.0,UN
243,M-1810,DC-1920,item:268091,11276.475337,11276.475337,4,247,1.0,UN
243,DC-1920,C-XXXXX,item:268967,5200.0,5200.0,4,247,1.0,UN
243,SDC-VD0949099A,SDC-1450,item:021081,284.915879,299.911452,135,378,0.95,KG
243,SDC-VD0960508A,SDC-1450,item:021081,81.404537,81.404537,180,423,1.0,KG
243,SDC-VD0972460A,SDC-1450,item:021081,20.351134,20.351134,80,323,1.0,KG
243,SDC-VD0975221A,SDC-1450,item:021081,20.351134,20.351134,127,370,1.0,KG
243,SDC-1450,M-1810,item:007923,36625.991895,36625.991895,1,244,1.0,G
244,SDC-VD0520132A,M-1430,item:038005,90.995715,90.995715,184,428,1.0,KG
244,SDC-VD0914690A,M-1430,item:042342,313778.4,313778.4,10,254,1.0,UN
244,SDC-VD0525412A,M-1430,item:333362,5200.0,5200.0,89,333,1.0,UN
244,SDC-VD0993480A,M-1430,item:344135,5200.0,5200.0,70,314,1.0,UN
244,SDC-VD0520115A,M-1430,item:708073,41.236,41.236,21,265,1.0,KG
244,SDC-VD0508918A,M-1430,item:730384,1102.4,1102.4,78,322,1.0,M
244,SDC-VD1095770A,M-1430,item:734545,41.6,41.6,13,257,1.0,UN
244,SDC-1450,M-1430,item:773474,50204.5336,50204.5336,14,258,1.0,G
244,SDC-VD0951020A,M-1810,item:001757,18.313492,18.313492,42,286,1.0,KG
244,SDC-VD0519670A,M-1810,item:001848,9.614583,9.614583,17,261,1.0,KG
244,SDC-VD0951020A,M-1810,item:001848,4.120536,4.120536,51,295,1.0,KG
244,SDC-VD0910216A,M-1810,item:001893,60.892361,60.892361,53,297,1.0,KG
244,SDC-VD1091642A,M-1810,item:001893,17.397817,17.397817,14,258,1.0,KG
244,SDC-VD0518684A,M-1810,item:001893,8.698909,8.698909,7,251,1.0,KG
244,SDC-VD0910216A,M-1810,item:002612,5.629452,5.629452,70,314,1.0,KG
244,SDC-VD0990780A,M-1810,item:002612,4.578373,4.578373,62,306,1.0,KG
244,SDC-VD1091642A,M-1810,item:002612,1.144593,1.144593,13,257,1.0,KG
244,SDC-VD0500655A,M-1810,item:002612,1.144593,1.144593,34,278,1.0,KG
244,SDC-VD0990780A,M-1810,item:002612,10.394854,10.394854,53,297,1.0,KG
244,SDC-VD0514881A,M-1810,item:016332,5.494048,5.494048,22,266,1.0,KG
244,SDC-VD0519670A,M-1810,item:029313,0.457837,0.457837,90,334,1.0,KG
244,SDC-VD1096202A,M-1810,item:039668,0.457837,0.457837,44,288,1.0,KG
244,SDC-VD0520132A,M-1810,item:049371,16.93998,16.93998,181,425,1.0,KG
244,SDC-VD0914320A,M-1810,item:055703,0.640972,0.640972,31,275,1.0,KG
244,SDC-VD0964290A,M-1810,item:055703,0.274702,0.274702,76,320,1.0,KG
244,SDC-VD0505677A,M-1810,item:099439,22.891865,22.891865,51,295,1.0,KG
244,SDC-VD0901566A,M-1810,item:338928,10000.0,10000.0,40,284,1.0,UN
244,SDC-VD0914360C,M-1810,item:338929,11276.780782,11276.780782,36,280,1.0,UN
244,SDC-VD0989480A,M-1810,item:426331,124.044589,124.044589,18,262,1.0,UN
244,SDC-1450,M-1810,item:693055,4578.372997,4578.372997,82,326,1.0,G
244,M-1430,DC-1920,item:268967,5200.0,5200.0,2,246,1.0,UN
244,M-1810,DC-1920,item:268091,11276.780782,11276.780782,2,246,1.0,UN
244,DC-1920,C-XXXXX,item:268967,5200.0,5200.0,2,246,1.0,UN
244,DC-1920,C-XXXXX,item:268091,11038.228474,11038.228474,3,247,1.0,UN
244,SDC-VD0949099A,SDC-1450,item:021081,292.990834,308.411404,84,328,0.95,KG
244,SDC-VD0960508A,SDC-1450,item:021081,83.711667,83.711667,150,394,1.0,KG
244,SDC-VD0972460A,SDC-1450,item:021081,20.927917,20.927917,126,370,1.0,KG
244,SDC-VD0975221A,SDC-1450,item:021081,20.927917,20.927917,158,402,1.0,KG
244,SDC-1450,M-1810,item:007923,36626.983979,36626.983979,1,245,1.0,G
245,SDC-VD0520132A,M-1430,item:038005,46.60746,46.60746,161,406,1.0,KG
245,SDC-VD0914690A,M-1430,item:042342,160715.41643,160715.41643,15,260,1.0,UN
245,SDC-VD0525412A,M-1430,item:333362,2663.408843,2663.408843,89,334,1.0,UN
245,SDC-VD0993480A,M-1430,item:344135,2663.408843,2663.408843,20,265,1.0,UN
245,SDC-VD0520115A,M-1430,item:708073,21.120832,21.120832,32,277,1.0,KG
245,SDC-VD0508918A,M-1430,item:730384,564.642675,564.642675,62,307,1.0,M
245,SDC-VD1095770A,M-1430,item:734545,21.307271,21.307271,6,251,1.0,UN
245,SDC-1450,M-1430,item:773474,25714.461302,25714.461302,2,247,1.0,G
245,SDC-VD0951020A,M-1810,item:001757,16.036279,16.036279,51,296,1.0,KG
245,SDC-VD0519670A,M-1810,item:001848,8.419047,8.419047,26,271,1.0,KG
245,SDC-VD0951020A,M-1810,item:001848,3.608163,3.608163,25,270,1.0,KG
245,SDC-VD0910216A,M-1810,item:001893,46.110025,46.110025,18,263,1.0,KG
245,SDC-VD1091642A,M-1810,item:001893,15.234465,15.234465,57,302,1.0,KG
245,SDC-VD0518684A,M-1810,item:001893,7.617233,7.617233,28,273,1.0,KG
245,SDC-VD1091642A,M-1810,item:001893,7.210603,7.210603,41,286,1.0,KG
245,SDC-VD0910216A,M-1810,item:002612,5.63655,5.63655,35,280,1.0,KG
245,SDC-VD0990780A,M-1810,item:002612,4.00907,4.00907,24,269,1.0,KG
245,SDC-VD1091642A,M-1810,item:002612,1.002267,1.002267,32,277,1.0,KG
245,SDC-VD0500655A,M-1810,item:002612,1.002267,1.002267,27,272,1.0,KG
245,SDC-VD0990780A,M-1810,item:002612,8.395194,8.395194,27,272,1.0,KG
245,SDC-VD0514881A,M-1810,item:016332,4.810884,4.810884,22,267,1.0,KG
245,SDC-VD0519670A,M-1810,item:029313,0.400907,0.400907,25,270,1.0,KG
245,SDC-VD1096202A,M-1810,item:039668,0.400907,0.400907,31,276,1.0,KG
245,SDC-VD0520132A,M-1810,item:049371,14.833558,14.833558,91,336,1.0,KG
245,SDC-VD0914320A,M-1810,item:055703,0.56127,0.56127,32,277,1.0,KG
245,SDC-VD0964290A,M-1810,item:055703,0.240544,0.240544,29,274,1.0,KG
245,SDC-VD0505677A,M-1810,item:099439,20.045349,20.045349,12,257,1.0,KG
245,SDC-VD0901566A,M-1810,item:338928,10000.0,10000.0,88,333,1.0,UN
245,SDC-VD0914360C,M-1810,item:338929,9874.556156,9874.556156,28,273,1.0,UN
245,SDC-VD0989480A,M-1810,item:426331,108.620118,108.620118,35,280,1.0,UN
245,SDC-1450,M-1810,item:693055,4009.069799,4009.069799,64,309,1.0,G
245,M-1810,DC-1920,item:268091,9874.556156,9874.556156,5,250,1.0,UN
245,DC-1920,C-XXXXX,item:268967,5200.0,5200.0,3,248,1.0,UN
245,DC-1920,C-XXXXX,item:268091,22542.26011,22542.26011,3,248,1.0,UN
245,SDC-VD0949099A,SDC-1450,item:021081,298.843652,314.572266,209,454,0.95,KG
245,SDC-VD0960508A,SDC-1450,item:021081,85.383901,85.383901,74,319,1.0,KG
245,SDC-VD0972460A,SDC-1450,item:021081,21.345975,21.345975,133,378,1.0,KG
245,SDC-VD0975221A,SDC-1450,item:021081,21.345975,21.345975,141,386,1.0,KG
245,SDC-1450,M-1810,item:007923,32072.558396,32072.558396,1,246,1.0,G
246,SDC-VD0520132A,M-1430,item:038005,7.753635,7.753635,71,317,1.0,KG
246,SDC-VD0914690A,M-1430,item:042342,26736.678178,26736.678178,11,257,1.0,UN
246,SDC-VD0525412A,M-1430,item:333362,443.085714,443.085714,70,316,1.0,UN
246,SDC-VD0993480A,M-1430,item:344135,443.085714,443.085714,58,304,1.0,UN
246,SDC-VD0520115A,M-1430,item:708073,3.51367,3.51367,37,283,1.0,KG
246,SDC-VD0508918A,M-1430,item:730384,93.934171,93.934171,40,286,1.0,M
246,SDC-VD1095770A,M-1430,item:734545,3.544686,3.544686,12,258,1.0,UN
246,SDC-1450,M-1430,item:773474,4277.867622,4277.867622,14,260,1.0,G
246,SDC-VD0951020A,M-1810,item:001757,15.580837,15.580837,121,367,1.0,KG
246,SDC-VD0519670A,M-1810,item:001848,8.179939,8.179939,15,261,1.0,KG
246,SDC-VD0951020A,M-1810,item:001848,3.505688,3.505688,48,294,1.0,KG
246,SDC-VD0910216A,M-1810,item:001893,26.400742,26.400742,24,270,1.0,KG
246,SDC-VD1091642A,M-1810,item:001893,14.801795,14.801795,26,272,1.0,KG
246,SDC-VD0518684A,M-1810,item:001893,7.400897,7.400897,90,336,1.0,KG
246,SDC-VD1091642A,M-1810,item:001893,25.40554,25.40554,38,284,1.0,KG
246,SDC-VD0910216A,M-1810,item:002612,6.947564,6.947564,19,265,1.0,KG
246,SDC-VD0990780A,M-1810,item:002612,3.895209,3.895209,43,289,1.0,KG
246,SDC-VD1091642A,M-1810,item:002612,0.973802,0.973802,19,265,1.0,KG
246,SDC-VD0500655A,M-1810,item:002612,0.973802,0.973802,29,275,1.0,KG
246,SDC-VD0990780A,M-1810,item:002612,6.685668,6.685668,34,280,1.0,KG
246,SDC-VD0514881A,M-1810,item:016332,4.674251,4.674251,60,306,1.0,KG
246,SDC-VD0519670A,M-1810,item:029313,0.389521,0.389521,112,358,1.0,KG
246,SDC-VD1096202A,M-1810,item:039668,0.389521,0.389521,27,273,1.0,KG
246,SDC-VD0520132A,M-1810,item:049371,14.412274,14.412274,51,297,1.0,KG
246,SDC-VD0914320A,M-1810,item:055703,0.545329,0.545329,13,259,1.0,KG
246,SDC-VD0964290A,M-1810,item:055703,0.233713,0.233713,49,295,1.0,KG
246,SDC-VD0505677A,M-1810,item:099439,19.476046,19.476046,46,292,1.0,KG
246,SDC-VD0901566A,M-1810,item:338928,10000.0,10000.0,103,349,1.0,UN
246,SDC-VD0914360C,M-1810,item:338929,9594.111231,9594.111231,84,330,1.0,UN
246,SDC-VD0989480A,M-1810,item:426331,105.535224,105.535224,23,269,1.0,UN
246,SDC-1450,M-1810,item:693055,3895.20916,3895.20916,68,314,1.0,G
246,M-1430,DC-1920,item:268967,2340.000001,2340.000001,2,248,1.0,UN
246,M-1810,DC-1920,item:268091,9594.111231,9594.111231,1,247,1.0,UN
246,DC-1920,C-XXXXX,item:268967,15600.0,15600.0,4,250,1.0,UN
246,DC-1920,C-XXXXX,item:268091,11276.780782,11276.780782,2,248,1.0,UN
246,SDC-VD0949099A,SDC-1450,item:021081,272.429705,286.768111,213,459,0.95,KG
246,SDC-VD0960508A,SDC-1450,item:021081,77.837059,77.837059,198,444,1.0,KG
246,SDC-VD0972460A,SDC-1450,item:021081,19.459265,19.459265,106,352,1.0,KG
246,SDC-VD0975221A,SDC-1450,item:021081,19.459265,19.459265,85,331,1.0,KG
246,SDC-1450,M-1810,item:007923,31161.673279,31161.673279,1,247,1.0,G
247,SDC-VD0520132A,M-1430,item:038005,6.621757,6.621757,135,382,1.0,KG
247,SDC-VD0914690A,M-1430,item:042342,22833.650904,22833.650904,10,257,1.0,UN
247,SDC-VD0525412A,M-1430,item:333362,378.403946,378.403946,36,283,1.0,UN
247,SDC-VD0993480A,M-1430,item:344135,378.403946,378.403946,54,301,1.0,UN
247,SDC-VD0520115A,M-1430,item:708073,3.000743,3.000743,29,276,1.0,KG
247,SDC-VD0508918A,M-1430,item:730384,80.221637,80.221637,82,329,1.0,M
247,SDC-VD1095770A,M-1430,item:734545,3.027232,3.027232,18,265,1.0,UN
247,SDC-1450,M-1430,item:773474,3653.383388,3653.383388,9,256,1.0,G
247,SDC-VD0951020A,M-1810,item:001757,15.489748,15.489748,68,315,1.0,KG
247,SDC-VD0519670A,M-1810,item:001848,8.132118,8.132118,16,263,1.0,KG
247,SDC-VD0951020A,M-1810,item:001848,3.485193,3.485193,18,265,1.0,KG
247,SDC-VD0910216A,M-1810,item:001893,27.397112,27.397112,56,303,1.0,KG
247,SDC-VD1091642A,M-1810,item:001893,14.715261,14.715261,27,274,1.0,KG
247,SDC-VD0518684A,M-1810,item:001893,7.35763,7.35763,84,331,1.0,KG
247,SDC-VD1091642A,M-1810,item:001893,24.1063,24.1063,47,294,1.0,KG
247,SDC-VD0910216A,M-1810,item:002612,7.209766,7.209766,25,272,1.0,KG
247,SDC-VD0990780A,M-1810,item:002612,3.872437,3.872437,19,266,1.0,KG
247,SDC-VD1091642A,M-1810,item:002612,0.968109,0.968109,17,264,1.0,KG
247,SDC-VD0500655A,M-1810,item:002612,0.968109,0.968109,20,267,1.0,KG
247,SDC-VD0990780A,M-1810,item:002612,6.343763,6.343763,44,291,1.0,KG
247,SDC-VD0514881A,M-1810,item:016332,4.646924,4.646924,42,289,1.0,KG
247,SDC-VD0519670A,M-1810,item:029313,0.387244,0.387244,22,269,1.0,KG
247,SDC-VD1096202A,M-1810,item:039668,0.387244,0.387244,32,279,1.0,KG
247,SDC-VD0520132A,M-1810,item:049371,14.328017,14.328017,84,331,1.0,KG
247,SDC-VD0914320A,M-1810,item:055703,0.542141,0.542141,25,272,1.0,KG
247,SDC-VD0964290A,M-1810,item:055703,0.232346,0.232346,9,256,1.0,KG
247,SDC-VD0505677A,M-1810,item:099439,19.362185,19.362185,29,276,1.0,KG
247,SDC-VD0901566A,M-1810,item:338928,10000.0,10000.0,52,299,1.0,UN
247,SDC-VD0914360C,M-1810,item:338929,9538.022246,9538.022246,25,272,1.0,UN
247,SDC-VD0989480A,M-1810,item:426331,104.918245,104.918245,34,281,1.0,UN
247,SDC-1450,M-1810,item:693055,3872.437032,3872.437032,29,276,1.0,G
247,M-1430,DC-1920,item:268967,1144.898503,1144.898503,4,251,1.0,UN
247,M-1810,DC-1920,item:268091,9538.022246,9538.022246,3,250,1.0,UN
247,DC-1920,C-XXXXX,item:268091,20870.586568,20870.586568,3,250,1.0,UN
247,SDC-VD0949099A,SDC-1450,item:021081,218.015154,229.489636,206,453,0.95,KG
247,SDC-VD0960508A,SDC-1450,item:021081,62.290044,62.290044,157,404,1.0,KG
247,SDC-VD0972460A,SDC-1450,item:021081,15.572511,15.572511,71,318,1.0,KG
247,SDC-VD0975221A,SDC-1450,item:021081,15.572511,15.572511,129,376,1.0,KG
247,SDC-1450,M-1810,item:007923,30979.496256,30979.496256,1,248,1.0,G
248,SDC-VD0520132A,M-1430,item:038005,9.077986,9.077986,111,359,1.0,KG
248,SDC-VD0914690A,M-1430,item:042342,31303.408359,31303.408359,20,268,1.0,UN
248,SDC-VD0525412A,M-1430,item:333362,518.766504,518.766504,20,268,1.0,UN
248,SDC-VD0993480A,M-1430,item:344135,518.766504,518.766504,36,284,1.0,UN
248,SDC-VD0520115A,M-1430,item:708073,4.113818,4.113818,24,272,1.0,KG
248,SDC-VD0508918A,M-1430,item:730384,109.978499,109.978499,47,295,1.0,M
248,SDC-VD1095770A,M-1430,item:734545,4.150132,4.150132,24,272,1.0,UN
248,SDC-1450,M-1430,item:773474,5008.5443,5008.5443,7,255,1.0,G
248,SDC-VD0951020A,M-1810,item:001757,15.47153,15.47153,45,293,1.0,KG
248,SDC-VD0519670A,M-1810,item:001848,8.122553,8.122553,17,265,1.0,KG
248,SDC-VD0951020A,M-1810,item:001848,3.481094,3.481094,59,307,1.0,KG
248,SDC-VD0910216A,M-1810,item:001893,27.596386,27.596386,16,264,1.0,KG
248,SDC-VD1091642A,M-1810,item:001893,14.697954,14.697954,38,286,1.0,KG
248,SDC-VD0518684A,M-1810,item:001893,7.348977,7.348977,93,341,1.0,KG
248,SDC-VD1091642A,M-1810,item:001893,23.846453,23.846453,47,295,1.0,KG
248,SDC-VD0910216A,M-1810,item:002612,7.262207,7.262207,22,270,1.0,KG
248,SDC-VD0990780A,M-1810,item:002612,3.867883,3.867883,18,266,1.0,KG
248,SDC-VD1091642A,M-1810,item:002612,0.966971,0.966971,62,310,1.0,KG
248,SDC-VD0500655A,M-1810,item:002612,0.966971,0.966971,35,283,1.0,KG
248,SDC-VD0990780A,M-1810,item:002612,6.275382,6.275382,64,312,1.0,KG
248,SDC-VD0514881A,M-1810,item:016332,4.641459,4.641459,53,301,1.0,KG
248,SDC-VD0519670A,M-1810,item:029313,0.386788,0.386788,79,327,1.0,KG
248,SDC-VD1096202A,M-1810,item:039668,0.386788,0.386788,12,260,1.0,KG
248,SDC-VD0520132A,M-1810,item:049371,14.311166,14.311166,140,388,1.0,KG
248,SDC-VD0914320A,M-1810,item:055703,0.541504,0.541504,28,276,1.0,KG
248,SDC-VD0964290A,M-1810,item:055703,0.232073,0.232073,53,301,1.0,KG
248,SDC-VD0505677A,M-1810,item:099439,19.339413,19.339413,16,264,1.0,KG
248,SDC-VD0901566A,M-1810,item:338928,10000.0,10000.0,102,350,1.0,UN
248,SDC-VD0914360C,M-1810,item:338929,9526.804449,9526.804449,46,294,1.0,UN
248,SDC-VD0989480A,M-1810,item:426331,104.794849,104.794849,29,277,1.0,UN
248,SDC-1450,M-1810,item:693055,3867.882606,3867.882606,108,356,1.0,G
248,M-1430,DC-1920,item:268967,518.766504,518.766504,4,252,1.0,UN
248,M-1810,DC-1920,item:268091,9526.804449,9526.804449,2,250,1.0,UN
248,DC-1920,C-XXXXX,item:268967,2340.000001,2340.000001,3,251,1.0,UN
248,SDC-VD0949099A,SDC-1450,item:021081,168.101788,176.94925,240,488,0.95,KG
248,SDC-VD0960508A,SDC-1450,item:021081,48.029082,48.029082,160,408,1.0,KG
248,SDC-VD0972460A,SDC-1450,item:021081,12.007271,12.007271,152,400,1.0,KG
248,SDC-VD0975221A,SDC-1450,item:021081,12.007271,12.007271,97,345,1.0,KG
248,SDC-1450,M-1810,item:007923,30943.060851,30943.060851,1,249,1.0,G
249,SDC-VD0520132A,M-1430,item:038005,9.569232,9.569232,136,385,1.0,KG
249,SDC-VD0914690A,M-1430,item:042342,32997.35985,32997.35985,28,277,1.0,UN
249,SDC-VD0525412A,M-1430,item:333362,546.839015,546.839015,116,365,1.0,UN
249,SDC-VD0993480A,M-1430,item:344135,546.839015,546.839015,23,272,1.0,UN
249,SDC-VD0520115A,M-1430,item:708073,4.336433,4.336433,56,305,1.0,KG
249,SDC-VD0508918A,M-1430,item:730384,115.929871,115.929871,60,309,1.0,M
249,SDC-VD1095770A,M-1430,item:734545,4.374712,4.374712,24,273,1.0,UN
249,SDC-1450,M-1430,item:773474,5279.576482,5279.576482,10,259,1.0,G
249,SDC-VD0951020A,M-1810,item:001757,15.467887,15.467887,144,393,1.0,KG
249,SDC-VD0519670A,M-1810,item:001848,8.120641,8.120641,35,284,1.0,KG
249,SDC-VD0951020A,M-1810,item:001848,3.480275,3.480275,92,341,1.0,KG
249,SDC-VD0910216A,M-1810,item:001893,27.636241,27.636241,34,283,1.0,KG
249,SDC-VD1091642A,M-1810,item:001893,14.694493,14.694493,18,267,1.0,KG
249,SDC-VD0518684A,M-1810,item:001893,7.347246,7.347246,30,279,1.0,KG
249,SDC-VD1091642A,M-1810,item:001893,23.794483,23.794483,11,260,1.0,KG
249,SDC-VD0910216A,M-1810,item:002612,7.272695,7.272695,15,264,1.0,KG
249,SDC-VD0990780A,M-1810,item:002612,3.866972,3.866972,19,268,1.0,KG
249,SDC-VD1091642A,M-1810,item:002612,0.966743,0.966743,29,278,1.0,KG
249,SDC-VD0500655A,M-1810,item:002612,0.966743,0.966743,51,300,1.0,KG
249,SDC-VD0990780A,M-1810,item:002612,6.261706,6.261706,48,297,1.0,KG
249,SDC-VD0514881A,M-1810,item:016332,4.640366,4.640366,54,303,1.0,KG
249,SDC-VD0519670A,M-1810,item:029313,0.386697,0.386697,55,304,1.0,KG
249,SDC-VD1096202A,M-1810,item:039668,0.386697,0.386697,17,266,1.0,KG
249,SDC-VD0520132A,M-1810,item:049371,14.307795,14.307795,132,381,1.0,KG
249,SDC-VD0914320A,M-1810,item:055703,0.541376,0.541376,17,266,1.0,KG
249,SDC-VD0964290A,M-1810,item:055703,0.232018,0.232018,55,304,1.0,KG
249,SDC-VD0505677A,M-1810,item:099439,19.334859,19.334859,44,293,1.0,KG
249,SDC-VD0901566A,M-1810,item:338928,10000.0,10000.0,79,328,1.0,UN
249,SDC-VD0914360C,M-1810,item:338929,9524.56089,9524.56089,19,268,1.0,UN
249,SDC-VD0989480A,M-1810,item:426331,104.77017,104.77017,22,271,1.0,UN
249,SDC-1450,M-1810,item:693055,3866.971721,3866.971721,43,292,1.0,G
249,M-1430,DC-1920,item:268967,546.839015,546.839015,8,257,1.0,UN
249,M-1810,DC-1920,item:268091,9524.56089,9524.56089,3,252,1.0,UN
249,SDC-VD0949099A,SDC-1450,item:021081,130.767451,137.649948,75,324,0.95,KG
249,SDC-VD0960508A,SDC-1450,item:021081,37.362129,37.362129,99,348,1.0,KG
249,SDC-VD0972460A,SDC-1450,item:021081,9.340532,9.340532,85,334,1.0,KG
249,SDC-VD0975221A,SDC-1450,item:021081,9.340532,9.340532,109,358,1.0,KG
249,SDC-1450,M-1810,item:007923,30935.77377,30935.77377,1,250,1.0,G
250,SDC-VD0520132A,M-1430,item:038005,9.667481,9.667481,308,558,1.0,KG
250,SDC-VD0914690A,M-1430,item:042342,33336.150148,33336.150148,20,270,1.0,UN
250,SDC-VD0525412A,M-1430,item:333362,552.453517,552.453517,31,281,1.0,UN
250,SDC-VD0993480A,M-1430,item:344135,552.453517,552.453517,70,320,1.0,UN
250,SDC-VD0520115A,M-1430,item:708073,4.380956,4.380956,10,260,1.0,KG
250,SDC-VD0508918A,M-1430,item:730384,117.120146,117.120146,72,322,1.0,M
250,SDC-VD1095770A,M-1430,item:734545,4.419628,4.419628,22,272,1.0,UN
250,SDC-1450,M-1430,item:773474,5333.782919,5333.782919,11,261,1.0,G
250,SDC-VD0951020A,M-1810,item:001757,15.467158,15.467158,60,310,1.0,KG
250,SDC-VD0519670A,M-1810,item:001848,8.120258,8.120258,27,277,1.0,KG
250,SDC-VD0951020A,M-1810,item:001848,3.480111,3.480111,34,284,1.0,KG
250,SDC-VD0910216A,M-1810,item:001893,27.644212,27.644212,24,274,1.0,KG
250,SDC-VD1091642A,M-1810,item:001893,14.6938,14.6938,59,309,1.0,KG
250,SDC-VD0518684A,M-1810,item:001893,7.3469,7.3469,77,327,1.0,KG
250,SDC-VD1091642A,M-1810,item:001893,23.784089,23.784089,22,272,1.0,KG
250,SDC-VD0910216A,M-1810,item:002612,7.274793,7.274793,28,278,1.0,KG
250,SDC-VD0990780A,M-1810,item:002612,3.86679,3.86679,30,280,1.0,KG
250,SDC-VD1091642A,M-1810,item:002612,0.966697,0.966697,45,295,1.0,KG
250,SDC-VD0500655A,M-1810,item:002612,0.966697,0.966697,16,266,1.0,KG
250,SDC-VD0990780A,M-1810,item:002612,6.258971,6.258971,16,266,1.0,KG
250,SDC-VD0514881A,M-1810,item:016332,4.640147,4.640147,39,289,1.0,KG
250,SDC-VD0519670A,M-1810,item:029313,0.386679,0.386679,59,309,1.0,KG
250,SDC-VD1096202A,M-1810,item:039668,0.386679,0.386679,22,272,1.0,KG
250,SDC-VD0520132A,M-1810,item:049371,14.307121,14.307121,146,396,1.0,KG
250,SDC-VD0914320A,M-1810,item:055703,0.541351,0.541351,20,270,1.0,KG
250,SDC-VD0964290A,M-1810,item:055703,0.232007,0.232007,72,322,1.0,KG
250,SDC-VD0505677A,M-1810,item:099439,19.333948,19.333948,34,284,1.0,KG
250,SDC-VD0901566A,M-1810,item:338928,10000.0,10000.0,75,325,1.0,UN
250,SDC-VD0914360C,M-1810,item:338929,9524.112178,9524.112178,32,282,1.0,UN
250,SDC-VD0989480A,M-1810,item:426331,104.765234,104.765234,29,279,1.0,UN
250,SDC-1450,M-1810,item:693055,3866.789544,3866.789544,107,357,1.0,G
250,M-1430,DC-1920,item:268967,552.453517,552.453517,2,252,1.0,UN
250,M-1810,DC-1920,item:268091,9524.112178,9524.112178,2,252,1.0,UN
250,DC-1920,C-XXXXX,item:268091,28939.382852,28939.382852,2,252,1.0,UN
250,SDC-VD0949099A,SDC-1450,item:021081,103.755011,109.215801,207,457,0.95,KG
250,SDC-VD0960508A,SDC-1450,item:021081,29.644289,29.644289,73,323,1.0,KG
250,SDC-VD0972460A,SDC-1450,item:021081,7.411072,7.411072,85,335,1.0,KG
250,SDC-VD0975221A,SDC-1450,item:021081,7.411072,7.411072,97,347,1.0,KG
250,SDC-1450,M-1810,item:007923,30934.316354,30934.316354,2,252,1.0,G
251,SDC-VD0520132A,M-1430,item:038005,9.687131,9.687131,60,311,1.0,KG
251,SDC-VD0914690A,M-1430,item:042342,33403.908208,33403.908208,6,257,1.0,UN
251,SDC-VD0525412A,M-1430,item:333362,553.576418,553.576418,46,297,1.0,UN
251,SDC-VD0993480A,M-1430,item:344135,553.576418,553.576418,36,287,1.0,UN
251,SDC-VD0520115A,M-1430,item:708073,4.389861,4.389861,21,272,1.0,KG
251,SDC-VD0508918A,M-1430,item:730384,117.358201,117.358201,52,303,1.0,M
251,SDC-VD1095770A,M-1430,item:734545,4.428611,4.428611,21,272,1.0,UN
251,SDC-1450,M-1430,item:773474,5344.624206,5344.624206,10,261,1.0,G
251,SDC-VD0951020A,M-1810,item:001757,15.467012,15.467012,124,375,1.0,KG
251,SDC-VD0519670A,M-1810,item:001848,8.120182,8.120182,31,282,1.0,KG
251,SDC-VD0951020A,M-1810,item:001848,3.480078,3.480078,71,322,1.0,KG
251,SDC-VD0910216A,M-1810,item:001893,27.645806,27.645806,36,287,1.0,KG
251,SDC-VD1091642A,M-1810,item:001893,14.693662,14.693662,33,284,1.0,KG
251,SDC-VD0518684A,M-1810,item:001893,7.346831,7.346831,43,294,1.0,KG
251,SDC-VD1091642A,M-1810,item:001893,23.78201,23.78201,7,258,1.0,KG
251,SDC-VD0910216A,M-1810,item:002612,7.275212,7.275212,19,270,1.0,KG
251,SDC-VD0990780A,M-1810,item:002612,3.866753,3.866753,44,295,1.0,KG
251,SDC-VD1091642A,M-1810,item:002612,0.966688,0.966688,23,274,1.0,KG
251,SDC-VD0500655A,M-1810,item:002612,0.966688,0.966688,31,282,1.0,KG
251,SDC-VD0990780A,M-1810,item:002612,6.258424,6.258424,17,268,1.0,KG
251,SDC-VD0514881A,M-1810,item:016332,4.640104,4.640104,40,291,1.0,KG
251,SDC-VD0519670A,M-1810,item:029313,0.386675,0.386675,30,281,1.0,KG
251,SDC-VD1096202A,M-1810,item:039668,0.386675,0.386675,24,275,1.0,KG
251,SDC-VD0520132A,M-1810,item:049371,14.306987,14.306987,87,338,1.0,KG
251,SDC-VD0914320A,M-1810,item:055703,0.541345,0.541345,6,257,1.0,KG
251,SDC-VD0964290A,M-1810,item:055703,0.232005,0.232005,49,300,1.0,KG
251,SDC-VD0505677A,M-1810,item:099439,19.333766,19.333766,20,271,1.0,KG
251,SDC-VD0901566A,M-1810,item:338928,10000.0,10000.0,53,304,1.0,UN
251,SDC-VD0914360C,M-1810,item:338929,9524.022436,9524.022436,41,292,1.0,UN
251,SDC-VD0989480A,M-1810,item:426331,104.764247,104.764247,20,271,1.0,UN
251,SDC-1450,M-1810,item:693055,3866.753109,3866.753109,119,370,1.0,G
251,M-1430,DC-1920,item:268967,553.576418,553.576418,3,254,1.0,UN
251,M-1810,DC-1920,item:268091,9524.022436,9524.022436,2,253,1.0,UN
251,DC-1920,C-XXXXX,item:268967,1144.898503,1144.898503,4,255,1.0,UN
251,SDC-VD0949099A,SDC-1450,item:021081,84.277284,88.71293,109,360,0.95,KG
251,SDC-VD0960508A,SDC-1450,item:021081,24.079224,24.079224,104,355,1.0,KG
251,SDC-VD0972460A,SDC-1450,item:021081,6.019806,6.019806,154,405,1.0,KG
251,SDC-VD0975221A,SDC-1450,item:021081,6.019806,6.019806,219,470,1.0,KG
251,SDC-1450,M-1810,item:007923,30934.024871,30934.024871,2,253,1.0,G
252,SDC-VD0520132A,M-1430,item:038005,44.355429,44.355429,62,314,1.0,KG
252,SDC-VD0914690A,M-1430,item:042342,152949.789642,152949.789642,24,276,1.0,UN
252,SDC-VD0525412A,M-1430,item:333362,2534.715284,2534.715284,27,279,1.0,UN
252,SDC-VD0993480A,M-1430,item:344135,2534.715284,2534.715284,67,319,1.0,UN
252,SDC-VD0520115A,M-1430,item:708073,20.100292,20.100292,22,274,1.0,KG
252,SDC-VD0508918A,M-1430,item:730384,537.35964,537.35964,94,346,1.0,M
252,SDC-VD1095770A,M-1430,item:734545,20.277722,20.277722,20,272,1.0,UN
252,SDC-1450,M-1430,item:773474,24471.961273,24471.961273,12,264,1.0,G
252,SDC-VD0951020A,M-1810,item:001757,14.903316,14.903316,58,310,1.0,KG
252,SDC-VD0519670A,M-1810,item:001848,7.824241,7.824241,6,258,1.0,KG
252,SDC-VD0951020A,M-1810,item:001848,3.353246,3.353246,63,315,1.0,KG
252,SDC-VD0910216A,M-1810,item:001893,27.646125,27.646125,26,278,1.0,KG
252,SDC-VD1091642A,M-1810,item:001893,14.15815,14.15815,17,269,1.0,KG
252,SDC-VD0518684A,M-1810,item:001893,7.079075,7.079075,112,364,1.0,KG
252,SDC-VD1091642A,M-1810,item:001893,21.907401,21.907401,22,274,1.0,KG
252,SDC-VD0910216A,M-1810,item:002612,7.275296,7.275296,5,257,1.0,KG
252,SDC-VD0990780A,M-1810,item:002612,3.725829,3.725829,28,280,1.0,KG
252,SDC-VD1091642A,M-1810,item:002612,0.931457,0.931457,33,285,1.0,KG
252,SDC-VD0500655A,M-1810,item:002612,0.931457,0.931457,26,278,1.0,KG
252,SDC-VD0990780A,M-1810,item:002612,5.765106,5.765106,27,279,1.0,KG
252,SDC-VD0514881A,M-1810,item:016332,4.470995,4.470995,26,278,1.0,KG
252,SDC-VD0519670A,M-1810,item:029313,0.372583,0.372583,45,297,1.0,KG
252,SDC-VD1096202A,M-1810,item:039668,0.372583,0.372583,48,300,1.0,KG
252,SDC-VD0520132A,M-1810,item:049371,13.785567,13.785567,153,405,1.0,KG
252,SDC-VD0914320A,M-1810,item:055703,0.521616,0.521616,35,287,1.0,KG
252,SDC-VD0964290A,M-1810,item:055703,0.22355,0.22355,43,295,1.0,KG
252,SDC-VD0505677A,M-1810,item:099439,18.629145,18.629145,33,285,1.0,KG
252,SDC-VD0901566A,M-1810,item:338928,10000.0,10000.0,83,335,1.0,UN
252,SDC-VD0914360C,M-1810,item:338929,9176.918773,9176.918773,26,278,1.0,UN
252,SDC-VD0989480A,M-1810,item:426331,100.946106,100.946106,39,291,1.0,UN
252,SDC-1450,M-1810,item:693055,3725.829022,3725.829022,86,338,1.0,G
252,M-1430,DC-1920,item:268967,2534.715284,2534.715284,5,257,1.0,UN
252,M-1810,DC-1920,item:268091,9176.918773,9176.918773,3,255,1.0,UN
252,DC-1920,C-XXXXX,item:268967,1071.220021,1071.220021,2,254,1.0,UN
252,DC-1920,C-XXXXX,item:268091,19048.673068,19048.673068,3,255,1.0,UN
252,SDC-VD0949099A,SDC-1450,item:021081,70.215613,73.911172,85,337,0.95,KG
252,SDC-VD0960508A,SDC-1450,item:021081,20.061604,20.061604,60,312,1.0,KG
252,SDC-VD0972460A,SDC-1450,item:021081,5.015401,5.015401,137,389,1.0,KG
252,SDC-VD0975221A,SDC-1450,item:021081,5.015401,5.015401,173,425,1.0,KG
252,SDC-1450,M-1810,item:007923,29806.632174,29806.632174,2,254,1.0,G
253,SDC-VD0520132A,M-1430,item:038005,51.289088,51.289088,100,353,1.0,KG
253,SDC-VD0914690A,M-1430,item:042342,176858.965928,176858.965928,31,284,1.0,UN
253,SDC-VD0525412A,M-1430,item:333362,2930.943057,2930.943057,56,309,1.0,UN
253,SDC-VD0993480A,M-1430,item:344135,2930.943057,2930.943057,27,280,1.0,UN
253,SDC-VD0520115A,M-1430,item:708073,23.242378,23.242378,18,271,1.0,KG
253,SDC-VD0508918A,M-1430,item:730384,621.359928,621.359928,48,301,1.0,M
253,SDC-VD1095770A,M-1430,item:734545,23.447544,23.447544,41,294,1.0,UN
253,SDC-1450,M-1430,item:773474,28297.428687,28297.428687,6,259,1.0,G
253,SDC-VD0951020A,M-1810,item:001757,14.790577,14.790577,30,283,1.0,KG
253,SDC-VD0519670A,M-1810,item:001848,7.765053,7.765053,18,271,1.0,KG
253,SDC-VD0951020A,M-1810,item:001848,3.32788,3.32788,112,365,1.0,KG
253,SDC-VD0910216A,M-1810,item:001893,28.472512,28.472512,16,269,1.0,KG
253,SDC-VD1091642A,M-1810,item:001893,14.051048,14.051048,26,279,1.0,KG
253,SDC-VD0518684A,M-1810,item:001893,7.025524,7.025524,112,365,1.0,KG
253,SDC-VD1091642A,M-1810,item:001893,20.706156,20.706156,24,277,1.0,KG
253,SDC-VD0910216A,M-1810,item:002612,7.492766,7.492766,29,282,1.0,KG
253,SDC-VD0990780A,M-1810,item:002612,3.697644,3.697644,25,278,1.0,KG
253,SDC-VD1091642A,M-1810,item:002612,0.924411,0.924411,70,323,1.0,KG
253,SDC-VD0500655A,M-1810,item:002612,0.924411,0.924411,21,274,1.0,KG
253,SDC-VD0990780A,M-1810,item:002612,5.448988,5.448988,25,278,1.0,KG
253,SDC-VD0514881A,M-1810,item:016332,4.437173,4.437173,20,273,1.0,KG
253,SDC-VD0519670A,M-1810,item:029313,0.369764,0.369764,39,292,1.0,KG
253,SDC-VD1096202A,M-1810,item:039668,0.369764,0.369764,26,279,1.0,KG
253,SDC-VD0520132A,M-1810,item:049371,13.681284,13.681284,143,396,1.0,KG
253,SDC-VD0914320A,M-1810,item:055703,0.51767,0.51767,23,276,1.0,KG
253,SDC-VD0964290A,M-1810,item:055703,0.221859,0.221859,24,277,1.0,KG
253,SDC-VD0505677A,M-1810,item:099439,18.488221,18.488221,26,279,1.0,KG
253,SDC-VD0901566A,M-1810,item:338928,10000.0,10000.0,32,285,1.0,UN
253,SDC-VD0914360C,M-1810,item:338929,9107.49804,9107.49804,23,276,1.0,UN
253,SDC-VD0989480A,M-1810,item:426331,100.182478,100.182478,43,296,1.0,UN
253,SDC-1450,M-1810,item:693055,3697.644204,3697.644204,39,292,1.0,G
253,M-1430,DC-1920,item:268967,2930.943057,2930.943057,3,256,1.0,UN
253,M-1810,DC-1920,item:268091,9107.49804,9107.49804,3,256,1.0,UN
253,DC-1920,C-XXXXX,item:268091,9524.022436,9524.022436,2,255,1.0,UN
253,SDC-VD0949099A,SDC-1450,item:021081,83.989263,88.409751,175,428,0.95,KG
253,SDC-VD0960508A,SDC-1450,item:021081,23.996932,23.996932,153,406,1.0,KG
253,SDC-VD0972460A,SDC-1450,item:021081,5.999233,5.999233,126,379,1.0,KG
253,SDC-VD0975221A,SDC-1450,item:021081,5.999233,5.999233,188,441,1.0,KG
253,SDC-1450,M-1810,item:007923,29581.153634,29581.153634,1,254,1.0,G
254,SDC-VD0520132A,M-1430,item:038005,52.67582,52.67582,267,521,1.0,KG
254,SDC-VD0914690A,M-1430,item:042342,181640.801186,181640.801186,36,290,1.0,UN
254,SDC-VD0525412A,M-1430,item:333362,3010.188611,3010.188611,42,296,1.0,UN
254,SDC-VD0993480A,M-1430,item:344135,3010.188611,3010.188611,20,274,1.0,UN
254,SDC-VD0520115A,M-1430,item:708073,23.870796,23.870796,18,272,1.0,KG
254,SDC-VD0508918A,M-1430,item:730384,638.159986,638.159986,54,308,1.0,M
254,SDC-VD1095770A,M-1430,item:734545,24.081509,24.081509,12,266,1.0,UN
254,SDC-1450,M-1430,item:773474,29062.522169,29062.522169,6,260,1.0,G
254,SDC-VD0951020A,M-1810,item:001757,14.768029,14.768029,121,375,1.0,KG
254,SDC-VD0519670A,M-1810,item:001848,7.753215,7.753215,14,268,1.0,KG
254,SDC-VD0951020A,M-1810,item:001848,3.322807,3.322807,55,309,1.0,KG
254,SDC-VD0910216A,M-1810,item:001893,28.63779,28.63779,51,305,1.0,KG
254,SDC-VD1091642A,M-1810,item:001893,14.029628,14.029628,23,277,1.0,KG
254,SDC-VD0518684A,M-1810,item:001893,7.014814,7.014814,19,273,1.0,KG
254,SDC-VD1091642A,M-1810,item:001893,20.465906,20.465906,16,270,1.0,KG
254,SDC-VD0910216A,M-1810,item:002612,7.53626,7.53626,31,285,1.0,KG
254,SDC-VD0990780A,M-1810,item:002612,3.692007,3.692007,52,306,1.0,KG
254,SDC-VD1091642A,M-1810,item:002612,0.923002,0.923002,61,315,1.0,KG
254,SDC-VD0500655A,M-1810,item:002612,0.923002,0.923002,25,279,1.0,KG
254,SDC-VD0990780A,M-1810,item:002612,2.754379,2.754379,28,282,1.0,KG
254,SDC-VD1091642A,M-1810,item:002612,2.631386,2.631386,15,269,1.0,KG
254,SDC-VD0514881A,M-1810,item:016332,4.430409,4.430409,22,276,1.0,KG
254,SDC-VD0519670A,M-1810,item:029313,0.369201,0.369201,43,297,1.0,KG
254,SDC-VD1096202A,M-1810,item:039668,0.369201,0.369201,11,265,1.0,KG
254,SDC-VD0520132A,M-1810,item:049371,13.660427,13.660427,228,482,1.0,KG
254,SDC-VD0914320A,M-1810,item:055703,0.516881,0.516881,19,273,1.0,KG
254,SDC-VD0964290A,M-1810,item:055703,0.22152,0.22152,84,338,1.0,KG
254,SDC-VD0505677A,M-1810,item:099439,18.460036,18.460036,44,298,1.0,KG
254,SDC-VD0901566A,M-1810,item:338928,10000.0,10000.0,39,293,1.0,UN
254,SDC-VD0914360C,M-1810,item:338929,9093.613894,9093.613894,59,313,1.0,UN
254,SDC-VD0989480A,M-1810,item:426331,100.029753,100.029753,15,269,1.0,UN
254,SDC-1450,M-1810,item:693055,3692.007241,3692.007241,67,321,1.0,G
254,M-1430,DC-1920,item:268967,3010.188611,3010.188611,3,257,1.0,UN
254,M-1810,DC-1920,item:268091,9093.613894,9093.613894,4,258,1.0,UN
254,DC-1920,C-XXXXX,item:268967,553.576418,553.576418,3,257,1.0,UN
254,SDC-VD0949099A,SDC-1450,item:021081,105.363202,110.908634,45,299,0.95,KG
254,SDC-VD0960508A,SDC-1450,item:021081,30.103772,30.103772,102,356,1.0,KG
254,SDC-VD0972460A,SDC-1450,item:021081,7.525943,7.525943,75,329,1.0,KG
254,SDC-VD0975221A,SDC-1450,item:021081,7.525943,7.525943,79,333,1.0,KG
254,SDC-1450,M-1810,item:007923,29536.057927,29536.057927,1,255,1.0,G
255,SDC-VD0520132A,M-1430,item:038005,52.953167,52.953167,291,546,1.0,KG
255,SDC-VD0914690A,M-1430,item:042342,182597.168237,182597.168237,30,285,1.0,UN
255,SDC-VD0525412A,M-1430,item:333362,3026.037722,3026.037722,57,312,1.0,UN
255,SDC-VD0993480A,M-1430,item:344135,3026.037722,3026.037722,34,289,1.0,UN
255,SDC-VD0520115A,M-1430,item:708073,23.996479,23.996479,56,311,1.0,KG
255,SDC-VD0508918A,M-1430,item:730384,641.519997,641.519997,78,333,1.0,M
255,SDC-VD1095770A,M-1430,item:734545,24.208302,24.208302,12,267,1.0,UN
255,SDC-1450,M-1430,item:773474,29215.540866,29215.540866,8,263,1.0,G
255,SDC-VD0951020A,M-1810,item:001757,14.763519,14.763519,95,350,1.0,KG
255,SDC-VD0519670A,M-1810,item:001848,7.750848,7.750848,25,280,1.0,KG
255,SDC-VD0951020A,M-1810,item:001848,3.321792,3.321792,103,358,1.0,KG
255,SDC-VD0910216A,M-1810,item:001893,28.670845,28.670845,26,281,1.0,KG
255,SDC-VD1091642A,M-1810,item:001893,14.025343,14.025343,61,316,1.0,KG
255,SDC-VD0518684A,M-1810,item:001893,7.012672,7.012672,46,301,1.0,KG
255,SDC-VD1091642A,M-1810,item:001893,20.417857,20.417857,29,284,1.0,KG
255,SDC-VD0910216A,M-1810,item:002612,7.544959,7.544959,25,280,1.0,KG
255,SDC-VD0990780A,M-1810,item:002612,2.155703,2.155703,39,294,1.0,KG
255,SDC-VD1091642A,M-1810,item:002612,0.92272,0.92272,28,283,1.0,KG
255,SDC-VD0500655A,M-1810,item:002612,0.92272,0.92272,42,297,1.0,KG
255,SDC-VD1091642A,M-1810,item:002612,6.908297,6.908297,37,292,1.0,KG
255,SDC-VD0514881A,M-1810,item:016332,4.429056,4.429056,61,316,1.0,KG
255,SDC-VD0519670A,M-1810,item:029313,0.369088,0.369088,12,267,1.0,KG
255,SDC-VD1096202A,M-1810,item:039668,0.369088,0.369088,22,277,1.0,KG
255,SDC-VD0520132A,M-1810,item:049371,13.656255,13.656255,141,396,1.0,KG
255,SDC-VD0914320A,M-1810,item:055703,0.516723,0.516723,5,260,1.0,KG
255,SDC-VD0964290A,M-1810,item:055703,0.221453,0.221453,80,335,1.0,KG
255,SDC-VD0505677A,M-1810,item:099439,18.454399,18.454399,15,270,1.0,KG
255,SDC-VD0901566A,M-1810,item:338928,10000.0,10000.0,50,305,1.0,UN
255,SDC-VD0914360C,M-1810,item:338929,9090.837064,9090.837064,55,310,1.0,UN
255,SDC-VD0989480A,M-1810,item:426331,99.999208,99.999208,46,301,1.0,UN
255,SDC-1450,M-1810,item:693055,3690.879848,3690.879848,55,310,1.0,G
255,M-1430,DC-1920,item:268967,3026.037722,3026.037722,3,258,1.0,UN
255,M-1810,DC-1920,item:268091,9090.837064,9090.837064,3,258,1.0,UN
255,DC-1920,C-XXXXX,item:268091,9176.918773,9176.918773,2,257,1.0,UN
255,SDC-VD0949099A,SDC-1450,item:021081,124.940002,131.515792,64,319,0.95,KG
255,SDC-VD0960508A,SDC-1450,item:021081,35.697144,35.697144,79,334,1.0,KG
255,SDC-VD0972460A,SDC-1450,item:021081,8.924286,8.924286,187,442,1.0,KG
255,SDC-VD0975221A,SDC-1450,item:021081,8.924286,8.924286,92,347,1.0,KG
255,SDC-1450,M-1810,item:007923,29527.038785,29527.038785,2,257,1.0,G
256,SDC-VD0520132A,M-1430,item:038005,53.008636,53.008636,206,462,1.0,KG
256,SDC-VD0914690A,M-1430,item:042342,182788.441647,182788.441647,34,290,1.0,UN
256,SDC-VD0525412A,M-1430,item:333362,3029.207544,3029.207544,38,294,1.0,UN
256,SDC-VD0993480A,M-1430,item:344135,3029.207544,3029.207544,24,280,1.0,UN
256,SDC-VD0520115A,M-1430,item:708073,24.021616,24.021616,48,304,1.0,KG
256,SDC-VD0508918A,M-1430,item:730384,642.191999,642.191999,22,278,1.0,M
256,SDC-VD1095770A,M-1430,item:734545,24.23366,24.23366,17,273,1.0,UN
256,SDC-1450,M-1430,item:773474,29246.144605,29246.144605,11,267,1.0,G
256,SDC-VD0951020A,M-1810,item:001757,14.762617,14.762617,79,335,1.0,KG
256,SDC-VD0519670A,M-1810,item:001848,7.750374,7.750374,27,283,1.0,KG
256,SDC-VD0951020A,M-1810,item:001848,3.321589,3.321589,56,312,1.0,KG
256,SDC-VD0910216A,M-1810,item:001893,28.677456,28.677456,16,272,1.0,KG
256,SDC-VD1091642A,M-1810,item:001893,14.024487,14.024487,41,297,1.0,KG
256,SDC-VD0518684A,M-1810,item:001893,7.012243,7.012243,112,368,1.0,KG
256,SDC-VD1091642A,M-1810,item:001893,20.408247,20.408247,47,303,1.0,KG
256,SDC-VD0910216A,M-1810,item:002612,7.546699,7.546699,19,275,1.0,KG
256,SDC-VD0990780A,M-1810,item:002612,2.1562,2.1562,30,286,1.0,KG
256,SDC-VD1091642A,M-1810,item:002612,0.922664,0.922664,70,326,1.0,KG
256,SDC-VD0500655A,M-1810,item:002612,0.922664,0.922664,31,287,1.0,KG
256,SDC-VD1091642A,M-1810,item:002612,6.905046,6.905046,13,269,1.0,KG
256,SDC-VD0514881A,M-1810,item:016332,4.428785,4.428785,51,307,1.0,KG
256,SDC-VD0519670A,M-1810,item:029313,0.369065,0.369065,51,307,1.0,KG
256,SDC-VD1096202A,M-1810,item:039668,0.369065,0.369065,24,280,1.0,KG
256,SDC-VD0520132A,M-1810,item:049371,13.655421,13.655421,164,420,1.0,KG
256,SDC-VD0914320A,M-1810,item:055703,0.516692,0.516692,11,267,1.0,KG
256,SDC-VD0964290A,M-1810,item:055703,0.221439,0.221439,47,303,1.0,KG
256,SDC-VD0505677A,M-1810,item:099439,18.453272,18.453272,48,304,1.0,KG
256,SDC-VD0901566A,M-1810,item:338928,10000.0,10000.0,98,354,1.0,UN
256,SDC-VD0914360C,M-1810,item:338929,9090.281698,9090.281698,84,340,1.0,UN
256,SDC-VD0989480A,M-1810,item:426331,99.993099,99.993099,24,280,1.0,UN
256,SDC-1450,M-1810,item:693055,3690.65437,3690.65437,38,294,1.0,G
256,M-1430,DC-1920,item:268967,3029.207544,3029.207544,1,257,1.0,UN
256,M-1810,DC-1920,item:268091,9090.281698,9090.281698,3,259,1.0,UN
256,DC-1920,C-XXXXX,item:268967,2930.943057,2930.943057,2,258,1.0,UN
256,DC-1920,C-XXXXX,item:268091,9107.49804,9107.49804,2,258,1.0,UN
256,SDC-VD0949099A,SDC-1450,item:021081,140.433533,147.824771,79,335,0.95,KG
256,SDC-VD0960508A,SDC-1450,item:021081,40.123867,40.123867,105,361,1.0,KG
256,SDC-VD0972460A,SDC-1450,item:021081,10.030967,10.030967,140,396,1.0,KG
256,SDC-VD0975221A,SDC-1450,item:021081,10.030967,10.030967,70,326,1.0,KG
256,SDC-1450,M-1810,item:007923,29525.234957,29525.234957,1,257,1.0,G
257,SDC-VD0520132A,M-1430,item:038005,53.01973,53.01973,122,379,1.0,KG
257,SDC-VD0914690A,M-1430,item:042342,182826.696329,182826.696329,39,296,1.0,UN
257,SDC-VD0525412A,M-1430,item:333362,3029.841509,3029.841509,27,284,1.0,UN
257,SDC-VD0993480A,M-1430,item:344135,3029.841509,3029.841509,13,270,1.0,UN
257,SDC-VD0520115A,M-1430,item:708073,24.026643,24.026643,51,308,1.0,KG
257,SDC-VD0508918A,M-1430,item:730384,642.3264,642.3264,36,293,1.0,M
257,SDC-VD1095770A,M-1430,item:734545,24.238732,24.238732,18,275,1.0,UN
257,SDC-1450,M-1430,item:773474,29252.265353,29252.265353,11,268,1.0,G
257,SDC-VD0951020A,M-1810,item:001757,14.762437,14.762437,75,332,1.0,KG
257,SDC-VD0519670A,M-1810,item:001848,7.750279,7.750279,19,276,1.0,KG
257,SDC-VD0951020A,M-1810,item:001848,3.321548,3.321548,75,332,1.0,KG
257,SDC-VD0910216A,M-1810,item:001893,28.678779,28.678779,27,284,1.0,KG
257,SDC-VD1091642A,M-1810,item:001893,14.024315,14.024315,14,271,1.0,KG
257,SDC-VD0518684A,M-1810,item:001893,7.012158,7.012158,37,294,1.0,KG
257,SDC-VD1091642A,M-1810,item:001893,20.406325,20.406325,61,318,1.0,KG
257,SDC-VD0910216A,M-1810,item:002612,7.547047,7.547047,31,288,1.0,KG
257,SDC-VD0990780A,M-1810,item:002612,2.156299,2.156299,57,314,1.0,KG
257,SDC-VD1091642A,M-1810,item:002612,0.922652,0.922652,29,286,1.0,KG
257,SDC-VD0500655A,M-1810,item:002612,0.922652,0.922652,34,291,1.0,KG
257,SDC-VD1091642A,M-1810,item:002612,6.904396,6.904396,24,281,1.0,KG
257,SDC-VD0514881A,M-1810,item:016332,4.428731,4.428731,23,280,1.0,KG
257,SDC-VD0519670A,M-1810,item:029313,0.369061,0.369061,45,302,1.0,KG
257,SDC-VD1096202A,M-1810,item:039668,0.369061,0.369061,16,273,1.0,KG
257,SDC-VD0520132A,M-1810,item:049371,13.655254,13.655254,74,331,1.0,KG
257,SDC-VD0914320A,M-1810,item:055703,0.516685,0.516685,24,281,1.0,KG
257,SDC-VD0964290A,M-1810,item:055703,0.221437,0.221437,27,284,1.0,KG
257,SDC-VD0505677A,M-1810,item:099439,18.453046,18.453046,42,299,1.0,KG
257,SDC-VD0901566A,M-1810,item:338928,9202.099589,9202.099589,41,298,1.0,UN
257,SDC-VD0914360C,M-1810,item:338929,9090.170625,9090.170625,54,311,1.0,UN
257,SDC-VD0989480A,M-1810,item:426331,99.991877,99.991877,17,274,1.0,UN
257,SDC-1450,M-1810,item:693055,3690.609274,3690.609274,90,347,1.0,G
257,M-1430,DC-1920,item:268967,3029.841509,3029.841509,1,258,1.0,UN
257,M-1810,DC-1920,item:268091,9090.170625,9090.170625,3,260,1.0,UN
257,DC-1920,C-XXXXX,item:268967,9120.950454,9120.950454,2,259,1.0,UN
257,SDC-VD0949099A,SDC-1450,item:021081,152.050007,160.052639,181,438,0.95,KG
257,SDC-VD0960508A,SDC-1450,item:021081,43.442859,43.442859,211,468,1.0,KG
257,SDC-VD0972460A,SDC-1450,item:021081,10.860715,10.860715,64,321,1.0,KG
257,SDC-VD0975221A,SDC-1450,item:021081,10.860715,10.860715,85,342,1.0,KG
257,SDC-1450,M-1810,item:007923,29524.874191,29524.874191,2,259,1.0,G
258,SDC-VD0520132A,M-1430,item:038005,53.021949,53.021949,77,335,1.0,KG
258,SDC-VD0914690A,M-1430,item:042342,182834.347266,182834.347266,39,297,1.0,UN
258,SDC-VD0525412A,M-1430,item:333362,3029.968302,3029.968302,40,298,1.0,UN
258,SDC-VD0993480A,M-1430,item:344135,3029.968302,3029.968302,25,283,1.0,UN
258,SDC-VD0520115A,M-1430,item:708073,24.027649,24.027649,22,280,1.0,KG
258,SDC-VD0508918A,M-1430,item:730384,642.35328,642.35328,31,289,1.0,M
258,SDC-VD1095770A,M-1430,item:734545,24.239746,24.239746,6,264,1.0,UN
258,SDC-1450,M-1430,item:773474,29253.489503,29253.489503,17,275,1.0,G
258,SDC-VD0951020A,M-1810,item:001757,14.762401,14.762401,85,343,1.0,KG
258,SDC-VD0519670A,M-1810,item:001848,7.750261,7.750261,20,278,1.0,KG
258,SDC-VD0951020A,M-1810,item:001848,3.32154,3.32154,47,305,1.0,KG
258,SDC-VD0910216A,M-1810,item:001893,28.679043,28.679043,20,278,1.0,KG
258,SDC-VD1091642A,M-1810,item:001893,14.024281,14.024281,46,304,1.0,KG
258,SDC-VD0518684A,M-1810,item:001893,7.01214,7.01214,65,323,1.0,KG
258,SDC-VD1091642A,M-1810,item:001893,20.40594,20.40594,60,318,1.0,KG
258,SDC-VD0910216A,M-1810,item:002612,7.547117,7.547117,26,284,1.0,KG
258,SDC-VD0990780A,M-1810,item:002612,2.156319,2.156319,51,309,1.0,KG
258,SDC-VD1091642A,M-1810,item:002612,0.92265,0.92265,13,271,1.0,KG
258,SDC-VD0500655A,M-1810,item:002612,0.92265,0.92265,32,290,1.0,KG
258,SDC-VD1091642A,M-1810,item:002612,6.904266,6.904266,62,320,1.0,KG
258,SDC-VD0514881A,M-1810,item:016332,4.42872,4.42872,36,294,1.0,KG
258,SDC-VD0519670A,M-1810,item:029313,0.36906,0.36906,38,296,1.0,KG
258,SDC-VD1096202A,M-1810,item:039668,0.36906,0.36906,23,281,1.0,KG
258,SDC-VD0520132A,M-1810,item:049371,13.655221,13.655221,121,379,1.0,KG
258,SDC-VD0914320A,M-1810,item:055703,0.516684,0.516684,12,270,1.0,KG
258,SDC-VD0964290A,M-1810,item:055703,0.221436,0.221436,82,340,1.0,KG
258,SDC-VD0505677A,M-1810,item:099439,18.453001,18.453001,35,293,1.0,KG
258,SDC-VD0901566A,M-1810,item:338928,9090.148411,9090.148411,47,305,1.0,UN
258,SDC-VD0914360C,M-1810,item:338929,9090.148411,9090.148411,69,327,1.0,UN
258,SDC-VD0989480A,M-1810,item:426331,99.991633,99.991633,27,285,1.0,UN
258,SDC-1450,M-1810,item:693055,3690.600255,3690.600255,95,353,1.0,G
258,M-1430,DC-1920,item:268967,3029.968302,3029.968302,2,260,1.0,UN
258,M-1810,DC-1920,item:268091,9090.148411,9090.148411,3,261,1.0,UN
258,DC-1920,C-XXXXX,item:268967,6055.879231,6055.879231,4,262,1.0,UN
258,DC-1920,C-XXXXX,item:268091,18184.450958,18184.450958,4,262,1.0,UN
258,SDC-VD0949099A,SDC-1450,item:021081,160.575436,169.026774,62,320,0.95,KG
258,SDC-VD0960508A,SDC-1450,item:021081,45.878696,45.878696,94,352,1.0,KG
258,SDC-VD0972460A,SDC-1450,item:021081,11.469674,11.469674,59,317,1.0,KG
258,SDC-VD0975221A,SDC-1450,item:021081,11.469674,11.469674,32,290,1.0,KG
258,SDC-1450,M-1810,item:007923,29524.802038,29524.802038,1,259,1.0,G
259,SDC-VD0520132A,M-1430,item:038005,59.880069,59.880069,151,410,1.0,KG
259,SDC-VD0914690A,M-1430,item:042342,206483.045232,206483.045232,39,298,1.0,UN
259,SDC-VD0525412A,M-1430,item:333362,3421.879375,3421.879375,42,301,1.0,UN
259,SDC-VD0993480A,M-1430,item:344135,3421.879375,3421.879375,11,270,1.0,UN
259,SDC-VD0520115A,M-1430,item:708073,27.135503,27.135503,25,284,1.0,KG
259,SDC-VD0508918A,M-1430,item:730384,725.438427,725.438427,41,300,1.0,M
259,SDC-VD1095770A,M-1430,item:734545,27.375035,27.375035,24,283,1.0,UN
259,SDC-1450,M-1430,item:773474,33037.280393,33037.280393,14,273,1.0,G
259,SDC-VD0951020A,M-1810,item:001757,16.122842,16.122842,64,323,1.0,KG
259,SDC-VD0519670A,M-1810,item:001848,8.464492,8.464492,17,276,1.0,KG
259,SDC-VD0951020A,M-1810,item:001848,3.627639,3.627639,80,339,1.0,KG
259,SDC-VD0910216A,M-1810,item:001893,28.679096,28.679096,37,296,1.0,KG
259,SDC-VD1091642A,M-1810,item:001893,15.3167,15.3167,21,280,1.0,KG
259,SDC-VD0518684A,M-1810,item:001893,7.65835,7.65835,49,308,1.0,KG
259,SDC-VD1091642A,M-1810,item:001893,24.929353,24.929353,43,302,1.0,KG
259,SDC-VD0910216A,M-1810,item:002612,7.547131,7.547131,32,291,1.0,KG
259,SDC-VD0990780A,M-1810,item:002612,2.156323,2.156323,37,296,1.0,KG
259,SDC-VD1091642A,M-1810,item:002612,1.007678,1.007678,28,287,1.0,KG
259,SDC-VD0500655A,M-1810,item:002612,1.007678,1.007678,13,272,1.0,KG
259,SDC-VD1091642A,M-1810,item:002612,8.434744,8.434744,65,324,1.0,KG
259,SDC-VD0514881A,M-1810,item:016332,4.836853,4.836853,20,279,1.0,KG
259,SDC-VD0519670A,M-1810,item:029313,0.403071,0.403071,62,321,1.0,KG
259,SDC-VD1096202A,M-1810,item:039668,0.403071,0.403071,26,285,1.0,KG
259,SDC-VD0520132A,M-1810,item:049371,14.913629,14.913629,95,354,1.0,KG
259,SDC-VD0914320A,M-1810,item:055703,0.564299,0.564299,14,273,1.0,KG
259,SDC-VD0964290A,M-1810,item:055703,0.241843,0.241843,53,312,1.0,KG
259,SDC-VD0505677A,M-1810,item:099439,20.153552,20.153552,48,307,1.0,KG
259,SDC-VD0901566A,M-1810,item:338928,9927.858253,9927.858253,80,339,1.0,UN
259,SDC-VD0914360C,M-1810,item:338929,9927.858253,9927.858253,25,284,1.0,UN
259,SDC-VD0989480A,M-1810,item:426331,109.206441,109.206441,56,315,1.0,UN
259,SDC-1450,M-1810,item:693055,4030.710451,4030.710451,72,331,1.0,G
259,M-1430,DC-1920,item:268967,3421.879375,3421.879375,3,262,1.0,UN
259,M-1810,DC-1920,item:268091,9927.858253,9927.858253,2,261,1.0,UN
259,DC-1920,C-XXXXX,item:268091,9090.281698,9090.281698,3,262,1.0,UN
259,SDC-VD0949099A,SDC-1450,item:021081,166.779102,175.556949,133,392,0.95,KG
259,SDC-VD0960508A,SDC-1450,item:021081,47.651172,47.651172,240,499,1.0,KG
259,SDC-VD0972460A,SDC-1450,item:021081,11.912793,11.912793,186,445,1.0,KG
259,SDC-VD0975221A,SDC-1450,item:021081,11.912793,11.912793,136,395,1.0,KG
259,SDC-1450,M-1810,item:007923,32245.683607,32245.683607,2,261,1.0,G
260,SDC-VD0520132A,M-1430,item:038005,61.251694,61.251694,279,539,1.0,KG
260,SDC-VD0914690A,M-1430,item:042342,211212.784825,211212.784825,9,269,1.0,UN
260,SDC-VD0525412A,M-1430,item:333362,3500.261589,3500.261589,38,298,1.0,UN
260,SDC-VD0993480A,M-1430,item:344135,3500.261589,3500.261589,35,295,1.0,UN
260,SDC-VD0520115A,M-1430,item:708073,27.757074,27.757074,40,300,1.0,KG
260,SDC-VD0508918A,M-1430,item:730384,742.055457,742.055457,112,372,1.0,M
260,SDC-VD1095770A,M-1430,item:734545,28.002093,28.002093,12,272,1.0,UN
260,SDC-1450,M-1430,item:773474,33794.038571,33794.038571,12,272,1.0,G
260,SDC-VD0951020A,M-1810,item:001757,16.39493,16.39493,56,316,1.0,KG
260,SDC-VD0519670A,M-1810,item:001848,8.607338,8.607338,15,275,1.0,KG
260,SDC-VD0951020A,M-1810,item:001848,3.688859,3.688859,55,315,1.0,KG
260,SDC-VD0910216A,M-1810,item:001893,54.450038,54.450038,13,273,1.0,KG
260,SDC-VD1091642A,M-1810,item:001893,15.575183,15.575183,47,307,1.0,KG
260,SDC-VD0518684A,M-1810,item:001893,7.787592,7.787592,50,310,1.0,KG
260,SDC-VD1091642A,M-1810,item:001893,0.063104,0.063104,44,304,1.0,KG
260,SDC-VD0910216A,M-1810,item:002612,14.328957,14.328957,22,282,1.0,KG
260,SDC-VD0990780A,M-1810,item:002612,4.093988,4.093988,31,291,1.0,KG
260,SDC-VD1091642A,M-1810,item:002612,1.024683,1.024683,21,281,1.0,KG
260,SDC-VD0500655A,M-1810,item:002612,1.024683,1.024683,23,283,1.0,KG
260,SDC-VD1091642A,M-1810,item:002612,0.021351,0.021351,44,304,1.0,KG
260,SDC-VD0514881A,M-1810,item:016332,4.918479,4.918479,46,306,1.0,KG
260,SDC-VD0519670A,M-1810,item:029313,0.409873,0.409873,82,342,1.0,KG
260,SDC-VD1096202A,M-1810,item:039668,0.409873,0.409873,42,302,1.0,KG
260,SDC-VD0520132A,M-1810,item:049371,15.16531,15.16531,54,314,1.0,KG
260,SDC-VD0914320A,M-1810,item:055703,0.573823,0.573823,42,302,1.0,KG
260,SDC-VD0964290A,M-1810,item:055703,0.245924,0.245924,59,319,1.0,KG
260,SDC-VD0505677A,M-1810,item:099439,20.493662,20.493662,53,313,1.0,KG
260,SDC-VD0901566A,M-1810,item:338928,10000.0,10000.0,16,276,1.0,UN
260,SDC-VD0914360C,M-1810,item:338929,10095.400222,10095.400222,31,291,1.0,UN
260,SDC-VD0989480A,M-1810,item:426331,111.049402,111.049402,40,300,1.0,UN
260,SDC-1450,M-1810,item:693055,4098.73249,4098.73249,96,356,1.0,G
260,M-1430,DC-1920,item:268967,3500.261589,3500.261589,4,264,1.0,UN
260,M-1810,DC-1920,item:268091,10095.400222,10095.400222,4,264,1.0,UN
260,DC-1920,C-XXXXX,item:268967,3029.968302,3029.968302,2,262,1.0,UN
260,DC-1920,C-XXXXX,item:268091,9090.170625,9090.170625,1,261,1.0,UN
260,SDC-VD0949099A,SDC-1450,item:021081,176.013475,185.277342,79,339,0.95,KG
260,SDC-VD0960508A,SDC-1450,item:021081,50.289564,50.289564,14,274,1.0,KG
260,SDC-VD0972460A,SDC-1450,item:021081,12.572391,12.572391,237,497,1.0,KG
260,SDC-VD0975221A,SDC-1450,item:021081,12.572391,12.572391,172,432,1.0,KG
260,SDC-1450,M-1810,item:007923,32789.859921,32789.859921,2,262,1.0,G
261,SDC-VD0520132A,M-1430,item:038005,61.526018,61.526018,78,339,1.0,KG
261,SDC-VD0914690A,M-1430,item:042342,212158.732743,212158.732743,17,278,1.0,UN
261,SDC-VD0525412A,M-1430,item:333362,3515.938032,3515.938032,85,346,1.0,UN
261,SDC-VD0993480A,M-1430,item:344135,3515.938032,3515.938032,14,275,1.0,UN
261,SDC-VD0520115A,M-1430,item:708073,27.881389,27.881389,33,294,1.0,KG
261,SDC-VD0508918A,M-1430,item:730384,745.378863,745.378863,34,295,1.0,M
261,SDC-VD1095770A,M-1430,item:734545,28.127504,28.127504,18,279,1.0,UN
261,SDC-1450,M-1430,item:773474,33945.390207,33945.390207,13,274,1.0,G
261,SDC-VD0951020A,M-1810,item:001757,16.449348,16.449348,62,323,1.0,KG
261,SDC-VD0519670A,M-1810,item:001848,8.635907,8.635907,9,270,1.0,KG
261,SDC-VD0951020A,M-1810,item:001848,3.701103,3.701103,50,311,1.0,KG
261,SDC-VD0910216A,M-1810,item:001893,54.694081,54.694081,32,293,1.0,KG
261,SDC-VD1091642A,M-1810,item:001893,15.62688,15.62688,57,318,1.0,KG
261,SDC-VD0518684A,M-1810,item:001893,7.81344,7.81344,80,341,1.0,KG
261,SDC-VD0910216A,M-1810,item:002612,14.393179,14.393179,41,302,1.0,KG
261,SDC-VD0990780A,M-1810,item:002612,4.112337,4.112337,10,271,1.0,KG
261,SDC-VD1091642A,M-1810,item:002612,1.028084,1.028084,29,290,1.0,KG
261,SDC-VD0500655A,M-1810,item:002612,1.028084,1.028084,38,299,1.0,KG
261,SDC-VD0514881A,M-1810,item:016332,4.934804,4.934804,23,284,1.0,KG
261,SDC-VD0519670A,M-1810,item:029313,0.411234,0.411234,79,340,1.0,KG
261,SDC-VD1096202A,M-1810,item:039668,0.411234,0.411234,17,278,1.0,KG
261,SDC-VD0520132A,M-1810,item:049371,15.215647,15.215647,137,398,1.0,KG
261,SDC-VD0914320A,M-1810,item:055703,0.575727,0.575727,26,287,1.0,KG
261,SDC-VD0964290A,M-1810,item:055703,0.24674,0.24674,72,333,1.0,KG
261,SDC-VD0505677A,M-1810,item:099439,20.561684,20.561684,24,285,1.0,KG
261,SDC-VD0901566A,M-1810,item:338928,10000.0,10000.0,71,332,1.0,UN
261,SDC-VD0914360C,M-1810,item:338929,10128.908616,10128.908616,40,301,1.0,UN
261,SDC-VD0989480A,M-1810,item:426331,111.417995,111.417995,39,300,1.0,UN
261,SDC-1450,M-1810,item:693055,4112.336898,4112.336898,54,315,1.0,G
261,M-1430,DC-1920,item:268967,3515.938032,3515.938032,3,264,1.0,UN
261,M-1810,DC-1920,item:268091,10128.908616,10128.908616,2,263,1.0,UN
261,DC-1920,C-XXXXX,item:268091,19018.006664,19018.006664,3,264,1.0,UN
261,SDC-VD0949099A,SDC-1450,item:021081,184.954273,194.688709,122,383,0.95,KG
261,SDC-VD0960508A,SDC-1450,item:021081,52.844078,52.844078,240,501,1.0,KG
261,SDC-VD0972460A,SDC-1450,item:021081,13.21102,13.21102,47,308,1.0,KG
261,SDC-VD0975221A,SDC-1450,item:021081,13.21102,13.21102,138,399,1.0,KG
261,SDC-1450,M-1810,item:007923,32898.695183,32898.695183,1,262,1.0,G
262,SDC-VD0520132A,M-1430,item:038005,61.580883,61.580883,101,363,1.0,KG
262,SDC-VD0914690A,M-1430,item:042342,212347.922327,212347.922327,19,281,1.0,UN
262,SDC-VD0525412A,M-1430,item:333362,3519.073321,3519.073321,53,315,1.0,UN
262,SDC-VD0993480A,M-1430,item:344135,3519.073321,3519.073321,36,298,1.0,UN
262,SDC-VD0520115A,M-1430,item:708073,27.906251,27.906251,48,310,1.0,KG
262,SDC-VD0508918A,M-1430,item:730384,746.043544,746.043544,105,367,1.0,M
262,SDC-VD1095770A,M-1430,item:734545,28.152587,28.152587,27,289,1.0,UN
262,SDC-1450,M-1430,item:773474,33975.660534,33975.660534,12,274,1.0,G
262,SDC-VD0951020A,M-1810,item:001757,16.460231,16.460231,168,430,1.0,KG
262,SDC-VD0519670A,M-1810,item:001848,8.641621,8.641621,24,286,1.0,KG
262,SDC-VD0951020A,M-1810,item:001848,3.703552,3.703552,38,300,1.0,KG
262,SDC-VD0910216A,M-1810,item:001893,54.730268,54.730268,17,279,1.0,KG
262,SDC-VD1091642A,M-1810,item:001893,15.63722,15.63722,74,336,1.0,KG
262,SDC-VD0518684A,M-1810,item:001893,7.81861,7.81861,43,305,1.0,KG
262,SDC-VD0910216A,M-1810,item:002612,14.402702,14.402702,61,323,1.0,KG
262,SDC-VD0990780A,M-1810,item:002612,4.115058,4.115058,30,292,1.0,KG
262,SDC-VD1091642A,M-1810,item:002612,1.028764,1.028764,23,285,1.0,KG
262,SDC-VD0500655A,M-1810,item:002612,1.028764,1.028764,54,316,1.0,KG
262,SDC-VD0514881A,M-1810,item:016332,4.938069,4.938069,39,301,1.0,KG
262,SDC-VD0519670A,M-1810,item:029313,0.411506,0.411506,112,374,1.0,KG
262,SDC-VD1096202A,M-1810,item:039668,0.411506,0.411506,49,311,1.0,KG
262,SDC-VD0520132A,M-1810,item:049371,15.225714,15.225714,62,324,1.0,KG
262,SDC-VD0914320A,M-1810,item:055703,0.576108,0.576108,17,279,1.0,KG
262,SDC-VD0964290A,M-1810,item:055703,0.246903,0.246903,39,301,1.0,KG
262,SDC-VD0505677A,M-1810,item:099439,20.575289,20.575289,45,307,1.0,KG
262,SDC-VD0901566A,M-1810,item:338928,10000.0,10000.0,110,372,1.0,UN
262,SDC-VD0914360C,M-1810,item:338929,10135.610294,10135.610294,65,327,1.0,UN
262,SDC-VD0989480A,M-1810,item:426331,111.491713,111.491713,24,286,1.0,UN
262,SDC-1450,M-1810,item:693055,4115.057779,4115.057779,33,295,1.0,G
262,M-1430,DC-1920,item:268967,3519.073321,3519.073321,2,264,1.0,UN
262,M-1810,DC-1920,item:268091,10135.610294,10135.610294,1,263,1.0,UN
262,DC-1920,C-XXXXX,item:268967,3421.879375,3421.879375,3,265,1.0,UN
262,SDC-VD0949099A,SDC-1450,item:021081,192.237629,202.355398,76,338,0.95,KG
262,SDC-VD0960508A,SDC-1450,item:021081,54.925037,54.925037,126,388,1.0,KG
262,SDC-VD0972460A,SDC-1450,item:021081,13.731259,13.731259,240,502,1.0,KG
262,SDC-VD0975221A,SDC-1450,item:021081,13.731259,13.731259,130,392,1.0,KG
262,SDC-1450,M-1810,item:007923,32920.462236,32920.462236,2,264,1.0,G
263,SDC-VD0520132A,M-1430,item:038005,61.591856,61.591856,138,401,1.0,KG
263,SDC-VD0914690A,M-1430,item:042342,212385.760244,212385.760244,19,282,1.0,UN
263,SDC-VD0525412A,M-1430,item:333362,3519.700379,3519.700379,76,339,1.0,UN
263,SDC-VD0993480A,M-1430,item:344135,3519.700379,3519.700379,56,319,1.0,UN
263,SDC-VD0520115A,M-1430,item:708073,27.911224,27.911224,35,298,1.0,KG
263,SDC-VD0508918A,M-1430,item:730384,746.17648,746.17648,77,340,1.0,M
263,SDC-VD1095770A,M-1430,item:734545,28.157603,28.157603,27,290,1.0,UN
263,SDC-1450,M-1430,item:773474,33981.7146,33981.7146,18,281,1.0,G
263,SDC-VD0951020A,M-1810,item:001757,16.462408,16.462408,161,424,1.0,KG
263,SDC-VD0519670A,M-1810,item:001848,8.642764,8.642764,21,284,1.0,KG
263,SDC-VD0951020A,M-1810,item:001848,3.704042,3.704042,38,301,1.0,KG
263,SDC-VD0910216A,M-1810,item:001893,54.737506,54.737506,17,280,1.0,KG
263,SDC-VD1091642A,M-1810,item:001893,15.639287,15.639287,36,299,1.0,KG
263,SDC-VD0518684A,M-1810,item:001893,7.819644,7.819644,8,271,1.0,KG
263,SDC-VD0910216A,M-1810,item:002612,11.319201,11.319201,32,295,1.0,KG
263,SDC-VD0990780A,M-1810,item:002612,4.115602,4.115602,37,300,1.0,KG
263,SDC-VD1091642A,M-1810,item:002612,1.0289,1.0289,23,286,1.0,KG
263,SDC-VD0500655A,M-1810,item:002612,1.0289,1.0289,43,306,1.0,KG
263,SDC-VD0990780A,M-1810,item:002612,3.085406,3.085406,36,299,1.0,KG
263,SDC-VD0514881A,M-1810,item:016332,4.938722,4.938722,18,281,1.0,KG
263,SDC-VD0519670A,M-1810,item:029313,0.41156,0.41156,35,298,1.0,KG
263,SDC-VD1096202A,M-1810,item:039668,0.41156,0.41156,32,295,1.0,KG
263,SDC-VD0520132A,M-1810,item:049371,15.227727,15.227727,72,335,1.0,KG
263,SDC-VD0914320A,M-1810,item:055703,0.576184,0.576184,21,284,1.0,KG
263,SDC-VD0964290A,M-1810,item:055703,0.246936,0.246936,33,296,1.0,KG
263,SDC-VD0505677A,M-1810,item:099439,20.57801,20.57801,26,289,1.0,KG
263,SDC-VD0901566A,M-1810,item:338928,10000.0,10000.0,53,316,1.0,UN
263,SDC-VD0914360C,M-1810,item:338929,10136.95063,10136.95063,11,274,1.0,UN
263,SDC-VD0989480A,M-1810,item:426331,111.506457,111.506457,37,300,1.0,UN
263,SDC-1450,M-1810,item:693055,4115.601956,4115.601956,73,336,1.0,G
263,M-1430,DC-1920,item:268967,3519.700379,3519.700379,2,265,1.0,UN
263,M-1810,DC-1920,item:268091,10136.95063,10136.95063,4,267,1.0,UN
263,DC-1920,C-XXXXX,item:268091,20264.51891,20264.51891,2,265,1.0,UN
263,SDC-VD0949099A,SDC-1450,item:021081,197.770711,208.179695,79,342,0.95,KG
263,SDC-VD0960508A,SDC-1450,item:021081,56.505917,56.505917,134,397,1.0,KG
263,SDC-VD0972460A,SDC-1450,item:021081,14.126479,14.126479,149,412,1.0,KG
263,SDC-VD0975221A,SDC-1450,item:021081,14.126479,14.126479,141,404,1.0,KG
263,SDC-1450,M-1810,item:007923,32924.815646,32924.815646,1,264,1.0,G
264,SDC-VD0520132A,M-1430,item:038005,61.594051,61.594051,58,322,1.0,KG
264,SDC-VD0914690A,M-1430,item:042342,212393.327827,212393.327827,10,274,1.0,UN
264,SDC-VD0525412A,M-1430,item:333362,3519.82579,3519.82579,48,312,1.0,UN
264,SDC-VD0993480A,M-1430,item:344135,3519.82579,3519.82579,45,309,1.0,UN
264,SDC-VD0520115A,M-1430,item:708073,27.912219,27.912219,36,300,1.0,KG
264,SDC-VD0508918A,M-1430,item:730384,746.203068,746.203068,45,309,1.0,M
264,SDC-VD1095770A,M-1430,item:734545,28.158606,28.158606,9,273,1.0,UN
264,SDC-1450,M-1430,item:773474,33982.925413,33982.925413,13,277,1.0,G
264,SDC-VD0951020A,M-1810,item:001757,16.462843,16.462843,67,331,1.0,KG
264,SDC-VD0519670A,M-1810,item:001848,8.642993,8.642993,32,296,1.0,KG
264,SDC-VD0951020A,M-1810,item:001848,3.70414,3.70414,31,295,1.0,KG
264,SDC-VD0910216A,M-1810,item:001893,54.738954,54.738954,11,275,1.0,KG
264,SDC-VD1091642A,M-1810,item:001893,15.639701,15.639701,47,311,1.0,KG
264,SDC-VD0518684A,M-1810,item:001893,7.819851,7.819851,83,347,1.0,KG
264,SDC-VD0910216A,M-1810,item:002612,5.416489,5.416489,51,315,1.0,KG
264,SDC-VD0990780A,M-1810,item:002612,4.115711,4.115711,56,320,1.0,KG
264,SDC-VD1091642A,M-1810,item:002612,1.028928,1.028928,38,302,1.0,KG
264,SDC-VD0500655A,M-1810,item:002612,1.028928,1.028928,25,289,1.0,KG
264,SDC-VD0990780A,M-1810,item:002612,8.988499,8.988499,43,307,1.0,KG
264,SDC-VD0514881A,M-1810,item:016332,4.938853,4.938853,93,357,1.0,KG
264,SDC-VD0519670A,M-1810,item:029313,0.411571,0.411571,112,376,1.0,KG
264,SDC-VD1096202A,M-1810,item:039668,0.411571,0.411571,66,330,1.0,KG
264,SDC-VD0520132A,M-1810,item:049371,15.22813,15.22813,238,502,1.0,KG
264,SDC-VD0914320A,M-1810,item:055703,0.5762,0.5762,25,289,1.0,KG
264,SDC-VD0964290A,M-1810,item:055703,0.246943,0.246943,46,310,1.0,KG
264,SDC-VD0505677A,M-1810,item:099439,20.578554,20.578554,25,289,1.0,KG
264,SDC-VD0901566A,M-1810,item:338928,10000.0,10000.0,31,295,1.0,UN
264,SDC-VD0914360C,M-1810,item:338929,10137.218697,10137.218697,28,292,1.0,UN
264,SDC-VD0989480A,M-1810,item:426331,111.509406,111.509406,32,296,1.0,UN
264,SDC-1450,M-1810,item:693055,4115.710791,4115.710791,85,349,1.0,G
264,M-1430,DC-1920,item:268967,3519.82579,3519.82579,3,267,1.0,UN
264,M-1810,DC-1920,item:268091,10137.218697,10137.218697,3,267,1.0,UN
264,DC-1920,C-XXXXX,item:268967,10535.272942,10535.272942,3,267,1.0,UN
264,DC-1920,C-XXXXX,item:268091,10095.400222,10095.400222,2,266,1.0,UN
264,SDC-VD0949099A,SDC-1450,item:021081,201.854699,212.47863,89,353,0.95,KG
264,SDC-VD0960508A,SDC-1450,item:021081,57.672771,57.672771,92,356,1.0,KG
264,SDC-VD0972460A,SDC-1450,item:021081,14.418193,14.418193,209,473,1.0,KG
264,SDC-VD0975221A,SDC-1450,item:021081,14.418193,14.418193,42,306,1.0,KG
264,SDC-1450,M-1810,item:007923,32925.686329,32925.686329,1,265,1.0,G
265,SDC-VD0520132A,M-1430,item:038005,61.59449,61.59449,153,418,1.0,KG
265,SDC-VD0914690A,M-1430,item:042342,212394.841344,212394.841344,37,302,1.0,UN
265,SDC-VD0525412A,M-1430,item:333362,3519.850872,3519.850872,71,336,1.0,UN
265,SDC-VD0993480A,M-1430,item:344135,3519.850872,3519.850872,19,284,1.0,UN
265,SDC-VD0520115A,M-1430,item:708073,27.912417,27.912417,26,291,1.0,KG
265,SDC-VD0508918A,M-1430,item:730384,746.208385,746.208385,57,322,1.0,M
265,SDC-VD1095770A,M-1430,item:734545,28.158807,28.158807,13,278,1.0,UN
265,SDC-1450,M-1430,item:773474,33983.167575,33983.167575,2,267,1.0,G
265,SDC-VD0951020A,M-1810,item:001757,16.46293,16.46293,70,335,1.0,KG
265,SDC-VD0519670A,M-1810,item:001848,8.643038,8.643038,21,286,1.0,KG
265,SDC-VD0951020A,M-1810,item:001848,3.704159,3.704159,70,335,1.0,KG
265,SDC-VD0910216A,M-1810,item:001893,54.739243,54.739243,33,298,1.0,KG
265,SDC-VD1091642A,M-1810,item:001893,15.639784,15.639784,24,289,1.0,KG
265,SDC-VD0518684A,M-1810,item:001893,7.819892,7.819892,85,350,1.0,KG
265,SDC-VD0910216A,M-1810,item:002612,5.593958,5.593958,21,286,1.0,KG
265,SDC-VD0990780A,M-1810,item:002612,4.115733,4.115733,40,305,1.0,KG
265,SDC-VD1091642A,M-1810,item:002612,1.028933,1.028933,15,280,1.0,KG
265,SDC-VD0500655A,M-1810,item:002612,1.028933,1.028933,21,286,1.0,KG
265,SDC-VD0990780A,M-1810,item:002612,8.811106,8.811106,55,320,1.0,KG
265,SDC-VD0514881A,M-1810,item:016332,4.938879,4.938879,70,335,1.0,KG
265,SDC-VD0519670A,M-1810,item:029313,0.411573,0.411573,41,306,1.0,KG
265,SDC-VD1096202A,M-1810,item:039668,0.411573,0.411573,63,328,1.0,KG
265,SDC-VD0520132A,M-1810,item:049371,15.22821,15.22821,211,476,1.0,KG
265,SDC-VD0914320A,M-1810,item:055703,0.576203,0.576203,7,272,1.0,KG
265,SDC-VD0964290A,M-1810,item:055703,0.246944,0.246944,44,309,1.0,KG
265,SDC-VD0505677A,M-1810,item:099439,20.578663,20.578663,17,282,1.0,KG
265,SDC-VD0901566A,M-1810,item:338928,10000.0,10000.0,68,333,1.0,UN
265,SDC-VD0914360C,M-1810,item:338929,10137.272311,10137.272311,27,292,1.0,UN
265,SDC-VD0989480A,M-1810,item:426331,111.509995,111.509995,11,276,1.0,UN
265,SDC-1450,M-1810,item:693055,4115.732558,4115.732558,50,315,1.0,G
265,M-1430,DC-1920,item:268967,3519.850872,3519.850872,1,266,1.0,UN
265,M-1810,DC-1920,item:268091,10137.272311,10137.272311,6,271,1.0,UN
265,DC-1920,C-XXXXX,item:268967,3519.700379,3519.700379,1,266,1.0,UN
265,SDC-VD0949099A,SDC-1450,item:021081,204.833586,215.614301,72,337,0.95,KG
265,SDC-VD0960508A,SDC-1450,item:021081,58.523882,58.523882,75,340,1.0,KG
265,SDC-VD0972460A,SDC-1450,item:021081,14.63097,14.63097,167,432,1.0,KG
265,SDC-VD0975221A,SDC-1450,item:021081,14.63097,14.63097,118,383,1.0,KG
265,SDC-1450,M-1810,item:007923,32925.860465,32925.860465,1,266,1.0,G
266,SDC-VD0520132A,M-1430,item:038005,90.995715,90.995715,187,453,1.0,KG
266,SDC-VD0914690A,M-1430,item:042342,313778.4,313778.4,29,295,1.0,UN
266,SDC-VD0525412A,M-1430,item:333362,5200.0,5200.0,97,363,1.0,UN
266,SDC-VD0993480A,M-1430,item:344135,5200.0,5200.0,23,289,1.0,UN
266,SDC-VD0520115A,M-1430,item:708073,41.236,41.236,45,311,1.0,KG
266,SDC-VD0508918A,M-1430,item:730384,1102.4,1102.4,44,310,1.0,M
266,SDC-VD1095770A,M-1430,item:734545,41.6,41.6,21,287,1.0,UN
266,SDC-1450,M-1430,item:773474,50204.5336,50204.5336,6,272,1.0,G
266,SDC-VD0951020A,M-1810,item:001757,19.3256,19.3256,46,312,1.0,KG
266,SDC-VD0519670A,M-1810,item:001848,10.14594,10.14594,28,294,1.0,KG
266,SDC-VD0951020A,M-1810,item:001848,4.34826,4.34826,29,295,1.0,KG
266,SDC-VD0910216A,M-1810,item:001893,64.25762,64.25762,13,279,1.0,KG
266,SDC-VD1091642A,M-1810,item:001893,18.35932,18.35932,56,322,1.0,KG
266,SDC-VD0518684A,M-1810,item:001893,9.17966,9.17966,80,346,1.0,KG
266,SDC-VD0910216A,M-1810,item:002612,5.629452,5.629452,70,336,1.0,KG
266,SDC-VD0990780A,M-1810,item:002612,4.8314,4.8314,24,290,1.0,KG
266,SDC-VD1091642A,M-1810,item:002612,1.20785,1.20785,60,326,1.0,KG
266,SDC-VD0500655A,M-1810,item:002612,1.20785,1.20785,7,273,1.0,KG
266,SDC-VD0990780A,M-1810,item:002612,11.280448,11.280448,28,294,1.0,KG
266,SDC-VD0514881A,M-1810,item:016332,5.79768,5.79768,47,313,1.0,KG
266,SDC-VD0519670A,M-1810,item:029313,0.48314,0.48314,86,352,1.0,KG
266,SDC-VD1096202A,M-1810,item:039668,0.48314,0.48314,31,297,1.0,KG
266,SDC-VD0520132A,M-1810,item:049371,17.87618,17.87618,70,336,1.0,KG
266,SDC-VD0914320A,M-1810,item:055703,0.676396,0.676396,12,278,1.0,KG
266,SDC-VD0964290A,M-1810,item:055703,0.289884,0.289884,30,296,1.0,KG
266,SDC-VD0505677A,M-1810,item:099439,24.157,24.157,50,316,1.0,KG
266,SDC-VD0901566A,M-1810,item:338928,10000.0,10000.0,72,338,1.0,UN
266,SDC-VD0914360C,M-1810,item:338929,11900.0,11900.0,84,350,1.0,UN
266,SDC-VD0989480A,M-1810,item:426331,130.9,130.9,19,285,1.0,UN
266,SDC-1450,M-1810,item:693055,4831.4,4831.4,71,337,1.0,G
266,M-1430,DC-1920,item:268967,5200.0,5200.0,3,269,1.0,UN
266,M-1810,DC-1920,item:268091,11900.0,11900.0,3,269,1.0,UN
266,DC-1920,C-XXXXX,item:268967,3519.850872,3519.850872,3,269,1.0,UN
266,SDC-VD0949099A,SDC-1450,item:021081,206.995979,217.890504,76,342,0.95,KG
266,SDC-VD0960508A,SDC-1450,item:021081,59.141708,59.141708,109,375,1.0,KG
266,SDC-VD0972460A,SDC-1450,item:021081,14.785427,14.785427,157,423,1.0,KG
266,SDC-VD0975221A,SDC-1450,item:021081,14.785427,14.785427,21,287,1.0,KG
266,SDC-1450,M-1810,item:007923,38651.2,38651.2,2,268,1.0,G
267,SDC-VD0520132A,M-1430,item:038005,90.995715,90.995715,68,335,1.0,KG
267,SDC-VD0914690A,M-1430,item:042342,313778.4,313778.4,22,289,1.0,UN
267,SDC-VD0525412A,M-1430,item:333362,5200.0,5200.0,77,344,1.0,UN
267,SDC-VD0993480A,M-1430,item:344135,5200.0,5200.0,19,286,1.0,UN
267,SDC-VD0520115A,M-1430,item:708073,41.236,41.236,23,290,1.0,KG
267,SDC-VD0508918A,M-1430,item:730384,1102.4,1102.4,31,298,1.0,M
267,SDC-VD1095770A,M-1430,item:734545,41.6,41.6,16,283,1.0,UN
267,SDC-1450,M-1430,item:773474,50204.5336,50204.5336,8,275,1.0,G
267,SDC-VD0951020A,M-1810,item:001757,19.3256,19.3256,113,380,1.0,KG
267,SDC-VD0519670A,M-1810,item:001848,10.14594,10.14594,42,309,1.0,KG
267,SDC-VD0951020A,M-1810,item:001848,4.34826,4.34826,35,302,1.0,KG
267,SDC-VD0910216A,M-1810,item:001893,64.25762,64.25762,55,322,1.0,KG
267,SDC-VD1091642A,M-1810,item:001893,18.35932,18.35932,24,291,1.0,KG
267,SDC-VD0518684A,M-1810,item:001893,9.17966,9.17966,71,338,1.0,KG
267,SDC-VD0910216A,M-1810,item:002612,5.63655,5.63655,34,301,1.0,KG
267,SDC-VD0990780A,M-1810,item:002612,4.8314,4.8314,22,289,1.0,KG
267,SDC-VD1091642A,M-1810,item:002612,1.20785,1.20785,30,297,1.0,KG
267,SDC-VD0500655A,M-1810,item:002612,1.20785,1.20785,9,276,1.0,KG
267,SDC-VD0990780A,M-1810,item:002612,11.27335,11.27335,53,320,1.0,KG
267,SDC-VD0514881A,M-1810,item:016332,5.79768,5.79768,26,293,1.0,KG
267,SDC-VD0519670A,M-1810,item:029313,0.48314,0.48314,36,303,1.0,KG
267,SDC-VD1096202A,M-1810,item:039668,0.48314,0.48314,12,279,1.0,KG
267,SDC-VD0520132A,M-1810,item:049371,17.87618,17.87618,104,371,1.0,KG
267,SDC-VD0914320A,M-1810,item:055703,0.676396,0.676396,21,288,1.0,KG
267,SDC-VD0964290A,M-1810,item:055703,0.289884,0.289884,52,319,1.0,KG
267,SDC-VD0505677A,M-1810,item:099439,24.157,24.157,45,312,1.0,KG
267,SDC-VD0901566A,M-1810,item:338928,10000.0,10000.0,62,329,1.0,UN
267,SDC-VD0914360C,M-1810,item:338929,11900.0,11900.0,38,305,1.0,UN
267,SDC-VD0989480A,M-1810,item:426331,130.9,130.9,23,290,1.0,UN
267,SDC-1450,M-1810,item:693055,4831.4,4831.4,27,294,1.0,G
267,M-1430,DC-1920,item:268967,5200.0,5200.0,3,270,1.0,UN
267,M-1810,DC-1920,item:268091,11900.0,11900.0,3,270,1.0,UN
267,DC-1920,C-XXXXX,item:268967,3519.82579,3519.82579,2,269,1.0,UN
267,DC-1920,C-XXXXX,item:268091,20274.169327,20274.169327,3,270,1.0,UN
267,SDC-VD0949099A,SDC-1450,item:021081,228.865256,240.910796,181,448,0.95,KG
267,SDC-VD0960508A,SDC-1450,item:021081,65.390073,65.390073,199,466,1.0,KG
267,SDC-VD0972460A,SDC-1450,item:021081,16.347518,16.347518,102,369,1.0,KG
267,SDC-VD0975221A,SDC-1450,item:021081,16.347518,16.347518,107,374,1.0,KG
267,SDC-1450,M-1810,item:007923,38651.2,38651.2,1,268,1.0,G
268,SDC-VD0520132A,M-1430,item:038005,90.995715,90.995715,198,466,1.0,KG
268,SDC-VD0914690A,M-1430,item:042342,313778.4,313778.4,39,307,1.0,UN
268,SDC-VD0525412A,M-1430,item:333362,5200.0,5200.0,120,388,1.0,UN
268,SDC-VD0993480A,M-1430,item:344135,5200.0,5200.0,26,294,1.0,UN
268,SDC-VD0520115A,M-1430,item:708073,41.236,41.236,7,275,1.0,KG
268,SDC-VD0508918A,M-1430,item:730384,1102.4,1102.4,56,324,1.0,M
268,SDC-VD1095770A,M-1430,item:734545,41.6,41.6,16,284,1.0,UN
268,SDC-1450,M-1430,item:773474,50204.5336,50204.5336,24,292,1.0,G
268,SDC-VD0951020A,M-1810,item:001757,19.3256,19.3256,44,312,1.0,KG
268,SDC-VD0519670A,M-1810,item:001848,10.14594,10.14594,17,285,1.0,KG
268,SDC-VD0951020A,M-1810,item:001848,4.34826,4.34826,112,380,1.0,KG
268,SDC-VD0910216A,M-1810,item:001893,34.101534,34.101534,32,300,1.0,KG
268,SDC-VD1091642A,M-1810,item:001893,18.35932,18.35932,63,331,1.0,KG
268,SDC-VD0518684A,M-1810,item:001893,9.17966,9.17966,21,289,1.0,KG
268,SDC-VD1091642A,M-1810,item:001893,30.156086,30.156086,57,325,1.0,KG
268,SDC-VD0910216A,M-1810,item:002612,6.947564,6.947564,42,310,1.0,KG
268,SDC-VD0990780A,M-1810,item:002612,4.8314,4.8314,20,288,1.0,KG
268,SDC-VD1091642A,M-1810,item:002612,1.20785,1.20785,9,277,1.0,KG
268,SDC-VD0500655A,M-1810,item:002612,1.20785,1.20785,26,294,1.0,KG
268,SDC-VD0990780A,M-1810,item:002612,9.962336,9.962336,24,292,1.0,KG
268,SDC-VD0514881A,M-1810,item:016332,5.79768,5.79768,79,347,1.0,KG
268,SDC-VD0519670A,M-1810,item:029313,0.48314,0.48314,23,291,1.0,KG
268,SDC-VD1096202A,M-1810,item:039668,0.48314,0.48314,55,323,1.0,KG
268,SDC-VD0520132A,M-1810,item:049371,17.87618,17.87618,162,430,1.0,KG
268,SDC-VD0914320A,M-1810,item:055703,0.676396,0.676396,23,291,1.0,KG
268,SDC-VD0964290A,M-1810,item:055703,0.289884,0.289884,65,333,1.0,KG
268,SDC-VD0505677A,M-1810,item:099439,24.157,24.157,19,287,1.0,KG
268,SDC-VD0901566A,M-1810,item:338928,10000.0,10000.0,40,308,1.0,UN
268,SDC-VD0914360C,M-1810,item:338929,11900.0,11900.0,69,337,1.0,UN
268,SDC-VD0989480A,M-1810,item:426331,130.9,130.9,29,297,1.0,UN
268,SDC-1450,M-1810,item:693055,4831.4,4831.4,94,362,1.0,G
268,M-1430,DC-1920,item:268967,5200.0,5200.0,5,273,1.0,UN
268,M-1810,DC-1920,item:268091,11900.0,11900.0,3,271,1.0,UN
268,SDC-VD0949099A,SDC-1450,item:021081,250.302054,263.475847,211,479,0.95,KG
268,SDC-VD0960508A,SDC-1450,item:021081,71.514873,71.514873,108,376,1.0,KG
268,SDC-VD0972460A,SDC-1450,item:021081,17.878718,17.878718,38,306,1.0,KG
268,SDC-VD0975221A,SDC-1450,item:021081,17.878718,17.878718,42,310,1.0,KG
268,SDC-1450,M-1810,item:007923,38651.2,38651.2,2,270,1.0,G
269,SDC-VD0520132A,M-1430,item:038005,90.995715,90.995715,98,367,1.0,KG
269,SDC-VD0914690A,M-1430,item:042342,313778.4,313778.4,14,283,1.0,UN
269,SDC-VD0525412A,M-1430,item:333362,5200.0,5200.0,49,318,1.0,UN
269,SDC-VD0993480A,M-1430,item:344135,5200.0,5200.0,20,289,1.0,UN
269,SDC-VD0520115A,M-1430,item:708073,41.236,41.236,24,293,1.0,KG
269,SDC-VD0508918A,M-1430,item:730384,1102.4,1102.4,57,326,1.0,M
269,SDC-VD1095770A,M-1430,item:734545,41.6,41.6,7,276,1.0,UN
269,SDC-1450,M-1430,item:773474,50204.5336,50204.5336,24,293,1.0,G
269,SDC-VD0951020A,M-1810,item:001757,19.3256,19.3256,158,427,1.0,KG
269,SDC-VD0519670A,M-1810,item:001848,10.14594,10.14594,18,287,1.0,KG
269,SDC-VD0951020A,M-1810,item:001848,4.34826,4.34826,65,334,1.0,KG
269,SDC-VD0910216A,M-1810,item:001893,27.397112,27.397112,15,284,1.0,KG
269,SDC-VD1091642A,M-1810,item:001893,18.35932,18.35932,65,334,1.0,KG
269,SDC-VD0518684A,M-1810,item:001893,9.17966,9.17966,15,284,1.0,KG
269,SDC-VD1091642A,M-1810,item:001893,36.860508,36.860508,28,297,1.0,KG
269,SDC-VD0910216A,M-1810,item:002612,7.209766,7.209766,39,308,1.0,KG
269,SDC-VD0990780A,M-1810,item:002612,4.8314,4.8314,64,333,1.0,KG
269,SDC-VD1091642A,M-1810,item:002612,1.20785,1.20785,12,281,1.0,KG
269,SDC-VD0500655A,M-1810,item:002612,1.20785,1.20785,7,276,1.0,KG
269,SDC-VD0990780A,M-1810,item:002612,6.21715,6.21715,54,323,1.0,KG
269,SDC-VD1091642A,M-1810,item:002612,3.482983,3.482983,46,315,1.0,KG
269,SDC-VD0514881A,M-1810,item:016332,5.79768,5.79768,64,333,1.0,KG
269,SDC-VD0519670A,M-1810,item:029313,0.48314,0.48314,15,284,1.0,KG
269,SDC-VD1096202A,M-1810,item:039668,0.48314,0.48314,39,308,1.0,KG
269,SDC-VD0520132A,M-1810,item:049371,17.87618,17.87618,140,409,1.0,KG
269,SDC-VD0914320A,M-1810,item:055703,0.676396,0.676396,14,283,1.0,KG
269,SDC-VD0964290A,M-1810,item:055703,0.289884,0.289884,47,316,1.0,KG
269,SDC-VD0505677A,M-1810,item:099439,24.157,24.157,16,285,1.0,KG
269,SDC-VD0901566A,M-1810,item:338928,10000.0,10000.0,34,303,1.0,UN
269,SDC-VD0914360C,M-1810,item:338929,11900.0,11900.0,25,294,1.0,UN
269,SDC-VD0989480A,M-1810,item:426331,130.9,130.9,24,293,1.0,UN
269,SDC-1450,M-1810,item:693055,4831.4,4831.4,71,340,1.0,G
269,M-1430,DC-1920,item:268967,5200.0,5200.0,4,273,1.0,UN
269,M-1810,DC-1920,item:268091,11900.0,11900.0,2,271,1.0,UN
269,DC-1920,C-XXXXX,item:268967,5200.0,5200.0,2,271,1.0,UN
269,DC-1920,C-XXXXX,item:268091,11900.0,11900.0,1,270,1.0,UN
269,SDC-VD0949099A,SDC-1450,item:021081,267.364998,281.436839,175,444,0.95,KG
269,SDC-VD0960508A,SDC-1450,item:021081,76.389999,76.389999,232,501,1.0,KG
269,SDC-VD0972460A,SDC-1450,item:021081,19.0975,19.0975,82,351,1.0,KG
269,SDC-VD0975221A,SDC-1450,item:021081,19.0975,19.0975,132,401,1.0,KG
269,SDC-1450,M-1810,item:007923,38651.2,38651.2,1,270,1.0,G
270,SDC-VD0520132A,M-1430,item:038005,90.995715,90.995715,94,364,1.0,KG
270,SDC-VD0914690A,M-1430,item:042342,313778.4,313778.4,17,287,1.0,UN
270,SDC-VD0525412A,M-1430,item:333362,5200.0,5200.0,100,370,1.0,UN
270,SDC-VD0993480A,M-1430,item:344135,5200.0,5200.0,40,310,1.0,UN
270,SDC-VD0520115A,M-1430,item:708073,41.236,41.236,21,291,1.0,KG
270,SDC-VD0508918A,M-1430,item:730384,1102.4,1102.4,13,283,1.0,M
270,SDC-VD1095770A,M-1430,item:734545,41.6,41.6,34,304,1.0,UN
270,SDC-1450,M-1430,item:773474,50204.5336,50204.5336,14,284,1.0,G
270,SDC-VD0951020A,M-1810,item:001757,19.3256,19.3256,93,363,1.0,KG
270,SDC-VD0519670A,M-1810,item:001848,8.553375,8.553375,32,302,1.0,KG
270,SDC-VD0951020A,M-1810,item:001848,4.34826,4.34826,49,319,1.0,KG
270,SDC-VD0951020A,M-1810,item:001848,1.592565,1.592565,53,323,1.0,KG
270,SDC-VD0910216A,M-1810,item:001893,27.596386,27.596386,52,322,1.0,KG
270,SDC-VD1091642A,M-1810,item:001893,18.35932,18.35932,28,298,1.0,KG
270,SDC-VD0518684A,M-1810,item:001893,9.17966,9.17966,47,317,1.0,KG
270,SDC-VD1091642A,M-1810,item:001893,36.661234,36.661234,50,320,1.0,KG
270,SDC-VD0910216A,M-1810,item:002612,7.262207,7.262207,36,306,1.0,KG
270,SDC-VD0990780A,M-1810,item:002612,4.8314,4.8314,22,292,1.0,KG
270,SDC-VD1091642A,M-1810,item:002612,1.20785,1.20785,43,313,1.0,KG
270,SDC-VD0500655A,M-1810,item:002612,1.20785,1.20785,19,289,1.0,KG
270,SDC-VD0990780A,M-1810,item:002612,5.311865,5.311865,53,323,1.0,KG
270,SDC-VD1091642A,M-1810,item:002612,4.335828,4.335828,30,300,1.0,KG
270,SDC-VD0514881A,M-1810,item:016332,5.79768,5.79768,52,322,1.0,KG
270,SDC-VD0519670A,M-1810,item:029313,0.48314,0.48314,32,302,1.0,KG
270,SDC-VD1096202A,M-1810,item:039668,0.48314,0.48314,65,335,1.0,KG
270,SDC-VD0520132A,M-1810,item:049371,17.87618,17.87618,105,375,1.0,KG
270,SDC-VD0914320A,M-1810,item:055703,0.676396,0.676396,9,279,1.0,KG
270,SDC-VD0964290A,M-1810,item:055703,0.289884,0.289884,73,343,1.0,KG
270,SDC-VD0505677A,M-1810,item:099439,24.157,24.157,50,320,1.0,KG
270,SDC-VD0901566A,M-1810,item:338928,10000.0,10000.0,54,324,1.0,UN
270,SDC-VD0914360C,M-1810,item:338929,11900.0,11900.0,25,295,1.0,UN
270,SDC-VD0989480A,M-1810,item:426331,130.9,130.9,26,296,1.0,UN
270,SDC-1450,M-1810,item:693055,4831.4,4831.4,49,319,1.0,G
270,M-1430,DC-1920,item:268967,5200.0,5200.0,3,273,1.0,UN
270,M-1810,DC-1920,item:268091,11900.0,11900.0,3,273,1.0,UN
270,DC-1920,C-XXXXX,item:268967,5200.0,5200.0,3,273,1.0,UN
270,DC-1920,C-XXXXX,item:268091,11900.0,11900.0,4,274,1.0,UN
270,SDC-VD0949099A,SDC-1450,item:021081,280.140581,294.884822,93,363,0.95,KG
270,SDC-VD0960508A,SDC-1450,item:021081,80.040166,80.040166,112,382,1.0,KG
270,SDC-VD0972460A,SDC-1450,item:021081,20.010041,20.010041,51,321,1.0,KG
270,SDC-VD0975221A,SDC-1450,item:021081,20.010041,20.010041,156,426,1.0,KG
270,SDC-1450,M-1810,item:007923,38651.2,38651.2,1,271,1.0,G
271,SDC-VD0520132A,M-1430,item:038005,90.995715,90.995715,93,364,1.0,KG
271,SDC-VD0914690A,M-1430,item:042342,313778.4,313778.4,23,294,1.0,UN
271,SDC-VD0525412A,M-1430,item:333362,5200.0,5200.0,68,339,1.0,UN
271,SDC-VD0993480A,M-1430,item:344135,5200.0,5200.0,37,308,1.0,UN
271,SDC-VD0520115A,M-1430,item:708073,41.236,41.236,21,292,1.0,KG
271,SDC-VD0508918A,M-1430,item:730384,1102.4,1102.4,74,345,1.0,M
271,SDC-VD1095770A,M-1430,item:734545,41.6,41.6,16,287,1.0,UN
271,SDC-1450,M-1430,item:773474,50204.5336,50204.5336,7,278,1.0,G
271,SDC-VD0951020A,M-1810,item:001757,19.3256,19.3256,81,352,1.0,KG
271,SDC-VD0519670A,M-1810,item:001848,8.120258,8.120258,12,283,1.0,KG
271,SDC-VD0951020A,M-1810,item:001848,4.34826,4.34826,76,347,1.0,KG
271,SDC-VD0951020A,M-1810,item:001848,2.025682,2.025682,57,328,1.0,KG
271,SDC-VD0910216A,M-1810,item:001893,27.636241,27.636241,48,319,1.0,KG
271,SDC-VD1091642A,M-1810,item:001893,18.35932,18.35932,38,309,1.0,KG
271,SDC-VD0518684A,M-1810,item:001893,9.17966,9.17966,65,336,1.0,KG
271,SDC-VD1091642A,M-1810,item:001893,36.621379,36.621379,43,314,1.0,KG
271,SDC-VD0910216A,M-1810,item:002612,7.272695,7.272695,31,302,1.0,KG
271,SDC-VD0990780A,M-1810,item:002612,4.8314,4.8314,38,309,1.0,KG
271,SDC-VD1091642A,M-1810,item:002612,1.20785,1.20785,31,302,1.0,KG
271,SDC-VD0500655A,M-1810,item:002612,1.20785,1.20785,13,284,1.0,KG
271,SDC-VD0990780A,M-1810,item:002612,5.297278,5.297278,27,298,1.0,KG
271,SDC-VD1091642A,M-1810,item:002612,4.339927,4.339927,19,290,1.0,KG
271,SDC-VD0514881A,M-1810,item:016332,5.79768,5.79768,54,325,1.0,KG
271,SDC-VD0519670A,M-1810,item:029313,0.48314,0.48314,89,360,1.0,KG
271,SDC-VD1096202A,M-1810,item:039668,0.48314,0.48314,20,291,1.0,KG
271,SDC-VD0520132A,M-1810,item:049371,17.87618,17.87618,162,433,1.0,KG
271,SDC-VD0914320A,M-1810,item:055703,0.676396,0.676396,23,294,1.0,KG
271,SDC-VD0964290A,M-1810,item:055703,0.289884,0.289884,53,324,1.0,KG
271,SDC-VD0505677A,M-1810,item:099439,24.157,24.157,43,314,1.0,KG
271,SDC-VD0901566A,M-1810,item:338928,10000.0,10000.0,87,358,1.0,UN
271,SDC-VD0914360C,M-1810,item:338929,11900.0,11900.0,60,331,1.0,UN
271,SDC-VD0989480A,M-1810,item:426331,130.9,130.9,47,318,1.0,UN
271,SDC-1450,M-1810,item:693055,4831.4,4831.4,74,345,1.0,G
271,M-1430,DC-1920,item:268967,5200.0,5200.0,3,274,1.0,UN
271,M-1810,DC-1920,item:268091,11900.0,11900.0,3,274,1.0,UN
271,DC-1920,C-XXXXX,item:268091,33937.272311,33937.272311,4,275,1.0,UN
271,SDC-VD0949099A,SDC-1450,item:021081,289.503576,304.740606,81,352,0.95,KG
271,SDC-VD0960508A,SDC-1450,item:021081,82.715307,82.715307,181,452,1.0,KG
271,SDC-VD0972460A,SDC-1450,item:021081,20.678827,20.678827,196,467,1.0,KG
271,SDC-VD0975221A,SDC-1450,item:021081,20.678827,20.678827,38,309,1.0,KG
271,SDC-1450,M-1810,item:007923,38651.2,38651.2,2,273,1.0,G
272,SDC-VD0520132A,M-1430,item:038005,90.995715,90.995715,247,519,1.0,KG
272,SDC-VD0914690A,M-1430,item:042342,313778.4,313778.4,24,296,1.0,UN
272,SDC-VD0525412A,M-1430,item:333362,5200.0,5200.0,33,305,1.0,UN
272,SDC-VD0993480A,M-1430,item:344135,5200.0,5200.0,36,308,1.0,UN
272,SDC-VD0520115A,M-1430,item:708073,41.236,41.236,43,315,1.0,KG
272,SDC-VD0508918A,M-1430,item:730384,1102.4,1102.4,53,325,1.0,M
272,SDC-VD1095770A,M-1430,item:734545,41.6,41.6,15,287,1.0,UN
272,SDC-1450,M-1430,item:773474,50204.5336,50204.5336,15,287,1.0,G
272,SDC-VD0951020A,M-1810,item:001757,19.3256,19.3256,125,397,1.0,KG
272,SDC-VD0519670A,M-1810,item:001848,8.120182,8.120182,41,313,1.0,KG
272,SDC-VD0951020A,M-1810,item:001848,4.34826,4.34826,55,327,1.0,KG
272,SDC-VD0951020A,M-1810,item:001848,2.025758,2.025758,49,321,1.0,KG
272,SDC-VD0910216A,M-1810,item:001893,27.644212,27.644212,56,328,1.0,KG
272,SDC-VD1091642A,M-1810,item:001893,18.35932,18.35932,39,311,1.0,KG
272,SDC-VD0518684A,M-1810,item:001893,9.17966,9.17966,57,329,1.0,KG
272,SDC-VD1091642A,M-1810,item:001893,36.613408,36.613408,78,350,1.0,KG
272,SDC-VD0910216A,M-1810,item:002612,7.274793,7.274793,70,342,1.0,KG
272,SDC-VD0990780A,M-1810,item:002612,4.8314,4.8314,23,295,1.0,KG
272,SDC-VD1091642A,M-1810,item:002612,1.20785,1.20785,70,342,1.0,KG
272,SDC-VD0500655A,M-1810,item:002612,1.20785,1.20785,53,325,1.0,KG
272,SDC-VD0990780A,M-1810,item:002612,5.29436,5.29436,18,290,1.0,KG
272,SDC-VD1091642A,M-1810,item:002612,4.340747,4.340747,41,313,1.0,KG
272,SDC-VD0514881A,M-1810,item:016332,5.79768,5.79768,67,339,1.0,KG
272,SDC-VD0519670A,M-1810,item:029313,0.48314,0.48314,27,299,1.0,KG
272,SDC-VD1096202A,M-1810,item:039668,0.48314,0.48314,44,316,1.0,KG
272,SDC-VD0520132A,M-1810,item:049371,17.87618,17.87618,99,371,1.0,KG
272,SDC-VD0914320A,M-1810,item:055703,0.676396,0.676396,12,284,1.0,KG
272,SDC-VD0964290A,M-1810,item:055703,0.289884,0.289884,20,292,1.0,KG
272,SDC-VD0505677A,M-1810,item:099439,24.157,24.157,31,303,1.0,KG
272,SDC-VD0901566A,M-1810,item:338928,10000.0,10000.0,70,342,1.0,UN
272,SDC-VD0914360C,M-1810,item:338929,11900.0,11900.0,41,313,1.0,UN
272,SDC-VD0989480A,M-1810,item:426331,130.9,130.9,26,298,1.0,UN
272,SDC-1450,M-1810,item:693055,4831.4,4831.4,140,412,1.0,G
272,M-1430,DC-1920,item:268967,5200.0,5200.0,4,276,1.0,UN
272,M-1810,DC-1920,item:268091,11900.0,11900.0,2,274,1.0,UN
272,SDC-VD0949099A,SDC-1450,item:021081,296.311454,311.906793,179,451,0.95,KG
272,SDC-VD0960508A,SDC-1450,item:021081,84.660415,84.660415,105,377,1.0,KG
272,SDC-VD0972460A,SDC-1450,item:021081,21.165104,21.165104,87,359,1.0,KG
272,SDC-VD0975221A,SDC-1450,item:021081,21.165104,21.165104,113,385,1.0,KG
272,SDC-1450,M-1810,item:007923,38651.2,38651.2,2,274,1.0,G
273,SDC-VD0520132A,M-1430,item:038005,51.450958,51.450958,111,384,1.0,KG
273,SDC-VD0914690A,M-1430,item:042342,177417.136158,177417.136158,26,299,1.0,UN
273,SDC-VD0525412A,M-1430,item:333362,2940.193168,2940.193168,86,359,1.0,UN
273,SDC-VD0993480A,M-1430,item:344135,2940.193168,2940.193168,18,291,1.0,UN
273,SDC-VD0520115A,M-1430,item:708073,23.315732,23.315732,54,327,1.0,KG
273,SDC-VD0508918A,M-1430,item:730384,623.320952,623.320952,29,302,1.0,M
273,SDC-VD1095770A,M-1430,item:734545,23.521545,23.521545,14,287,1.0,UN
273,SDC-1450,M-1430,item:773474,28386.735905,28386.735905,13,286,1.0,G
273,SDC-VD0951020A,M-1810,item:001757,14.413126,14.413126,95,368,1.0,KG
273,SDC-VD0519670A,M-1810,item:001848,7.566891,7.566891,16,289,1.0,KG
273,SDC-VD0951020A,M-1810,item:001848,3.242953,3.242953,50,323,1.0,KG
273,SDC-VD0910216A,M-1810,item:001893,27.645806,27.645806,24,297,1.0,KG
273,SDC-VD1091642A,M-1810,item:001893,13.69247,13.69247,54,327,1.0,KG
273,SDC-VD0518684A,M-1810,item:001893,6.846235,6.846235,51,324,1.0,KG
273,SDC-VD1091642A,M-1810,item:001893,20.277839,20.277839,58,331,1.0,KG
273,SDC-VD0910216A,M-1810,item:002612,7.275212,7.275212,50,323,1.0,KG
273,SDC-VD0990780A,M-1810,item:002612,3.603282,3.603282,10,283,1.0,KG
273,SDC-VD1091642A,M-1810,item:002612,0.90082,0.90082,30,303,1.0,KG
273,SDC-VD0500655A,M-1810,item:002612,0.90082,0.90082,19,292,1.0,KG
273,SDC-VD0990780A,M-1810,item:002612,5.336274,5.336274,70,343,1.0,KG
273,SDC-VD0514881A,M-1810,item:016332,4.323938,4.323938,21,294,1.0,KG
273,SDC-VD0519670A,M-1810,item:029313,0.360328,0.360328,94,367,1.0,KG
273,SDC-VD1096202A,M-1810,item:039668,0.360328,0.360328,62,335,1.0,KG
273,SDC-VD0520132A,M-1810,item:049371,13.332142,13.332142,123,396,1.0,KG
273,SDC-VD0914320A,M-1810,item:055703,0.504459,0.504459,26,299,1.0,KG
273,SDC-VD0964290A,M-1810,item:055703,0.216197,0.216197,52,325,1.0,KG
273,SDC-VD0505677A,M-1810,item:099439,18.016408,18.016408,48,321,1.0,KG
273,SDC-VD0901566A,M-1810,item:338928,10000.0,10000.0,78,351,1.0,UN
273,SDC-VD0914360C,M-1810,item:338929,8875.077871,8875.077871,27,300,1.0,UN
273,SDC-VD0989480A,M-1810,item:426331,97.625857,97.625857,37,310,1.0,UN
273,SDC-1450,M-1810,item:693055,3603.281616,3603.281616,54,327,1.0,G
273,M-1810,DC-1920,item:268091,8875.077871,8875.077871,2,275,1.0,UN
273,DC-1920,C-XXXXX,item:268967,15600.0,15600.0,4,277,1.0,UN
273,DC-1920,C-XXXXX,item:268091,11900.0,11900.0,4,277,1.0,UN
273,SDC-VD0949099A,SDC-1450,item:021081,301.246733,317.101824,132,405,0.95,KG
273,SDC-VD0960508A,SDC-1450,item:021081,86.070495,86.070495,93,366,1.0,KG
273,SDC-VD0972460A,SDC-1450,item:021081,21.517624,21.517624,105,378,1.0,KG
273,SDC-VD0975221A,SDC-1450,item:021081,21.517624,21.517624,177,450,1.0,KG
273,SDC-1450,M-1810,item:007923,28826.252925,28826.252925,1,274,1.0,G
274,SDC-VD0520132A,M-1430,item:038005,29.792597,29.792597,259,533,1.0,KG
274,SDC-VD0914690A,M-1430,item:042342,102733.117022,102733.117022,11,285,1.0,UN
274,SDC-VD0525412A,M-1430,item:333362,1702.514286,1702.514286,112,386,1.0,UN
274,SDC-VD0993480A,M-1430,item:344135,1702.514286,1702.514286,38,312,1.0,UN
274,SDC-VD0520115A,M-1430,item:708073,13.500938,13.500938,16,290,1.0,KG
274,SDC-VD0508918A,M-1430,item:730384,360.933029,360.933029,62,336,1.0,M
274,SDC-VD1095770A,M-1430,item:734545,13.620114,13.620114,19,293,1.0,UN
274,SDC-1450,M-1430,item:773474,16437.295318,16437.295318,13,287,1.0,G
274,SDC-VD0951020A,M-1810,item:001757,13.008033,13.008033,67,341,1.0,KG
274,SDC-VD0519670A,M-1810,item:001848,6.829217,6.829217,21,295,1.0,KG
274,SDC-VD0951020A,M-1810,item:001848,2.926807,2.926807,64,338,1.0,KG
274,SDC-VD0910216A,M-1810,item:001893,27.646125,27.646125,39,313,1.0,KG
274,SDC-VD1091642A,M-1810,item:001893,12.357632,12.357632,33,307,1.0,KG
274,SDC-VD0518684A,M-1810,item:001893,6.178816,6.178816,33,307,1.0,KG
274,SDC-VD1091642A,M-1810,item:001893,15.605586,15.605586,28,302,1.0,KG
274,SDC-VD0910216A,M-1810,item:002612,7.275296,7.275296,37,311,1.0,KG
274,SDC-VD0990780A,M-1810,item:002612,3.252008,3.252008,13,287,1.0,KG
274,SDC-VD1091642A,M-1810,item:002612,0.813002,0.813002,32,306,1.0,KG
274,SDC-VD0500655A,M-1810,item:002612,0.813002,0.813002,17,291,1.0,KG
274,SDC-VD0990780A,M-1810,item:002612,4.106733,4.106733,55,329,1.0,KG
274,SDC-VD0514881A,M-1810,item:016332,3.90241,3.90241,66,340,1.0,KG
274,SDC-VD0519670A,M-1810,item:029313,0.325201,0.325201,29,303,1.0,KG
274,SDC-VD1096202A,M-1810,item:039668,0.325201,0.325201,70,344,1.0,KG
274,SDC-VD0520132A,M-1810,item:049371,12.032431,12.032431,97,371,1.0,KG
274,SDC-VD0914320A,M-1810,item:055703,0.455281,0.455281,11,285,1.0,KG
274,SDC-VD0964290A,M-1810,item:055703,0.19512,0.19512,29,303,1.0,KG
274,SDC-VD0505677A,M-1810,item:099439,16.260042,16.260042,33,307,1.0,KG
274,SDC-VD0901566A,M-1810,item:338928,10000.0,10000.0,72,346,1.0,UN
274,SDC-VD0914360C,M-1810,item:338929,8009.872717,8009.872717,57,331,1.0,UN
274,SDC-VD0989480A,M-1810,item:426331,88.1086,88.1086,41,315,1.0,UN
274,SDC-1450,M-1810,item:693055,3252.008323,3252.008323,77,351,1.0,G
274,M-1430,DC-1920,item:268967,4642.707454,4642.707454,4,278,1.0,UN
274,M-1810,DC-1920,item:268091,8009.872717,8009.872717,6,280,1.0,UN
274,DC-1920,C-XXXXX,item:268967,5200.0,5200.0,2,276,1.0,UN
274,DC-1920,C-XXXXX,item:268091,23800.0,23800.0,4,278,1.0,UN
274,SDC-VD0949099A,SDC-1450,item:021081,277.513281,292.119243,174,448,0.95,KG
274,SDC-VD0960508A,SDC-1450,item:021081,79.289509,79.289509,57,331,1.0,KG
274,SDC-VD0972460A,SDC-1450,item:021081,19.822377,19.822377,104,378,1.0,KG
274,SDC-VD0975221A,SDC-1450,item:021081,19.822377,19.822377,184,458,1.0,KG
274,SDC-1450,M-1810,item:007923,26016.066586,26016.066586,2,276,1.0,G
275,SDC-VD0520132A,M-1430,item:038005,35.751117,35.751117,197,472,1.0,KG
275,SDC-VD0914690A,M-1430,item:042342,123279.740426,123279.740426,7,282,1.0,UN
275,SDC-VD0525412A,M-1430,item:333362,2043.017143,2043.017143,90,365,1.0,UN
275,SDC-VD0993480A,M-1430,item:344135,2043.017143,2043.017143,28,303,1.0,UN
275,SDC-VD0520115A,M-1430,item:708073,16.201126,16.201126,41,316,1.0,KG
275,SDC-VD0508918A,M-1430,item:730384,433.119634,433.119634,97,372,1.0,M
275,SDC-VD1095770A,M-1430,item:734545,16.344137,16.344137,7,282,1.0,UN
275,SDC-1450,M-1430,item:773474,19724.754382,19724.754382,5,280,1.0,G
275,SDC-VD0951020A,M-1810,item:001757,12.727015,12.727015,32,307,1.0,KG
275,SDC-VD0519670A,M-1810,item:001848,6.681683,6.681683,19,294,1.0,KG
275,SDC-VD0951020A,M-1810,item:001848,2.863578,2.863578,70,345,1.0,KG
275,SDC-VD0910216A,M-1810,item:001893,28.472512,28.472512,26,301,1.0,KG
275,SDC-VD1091642A,M-1810,item:001893,12.090664,12.090664,38,313,1.0,KG
275,SDC-VD0518684A,M-1810,item:001893,6.045332,6.045332,57,332,1.0,KG
275,SDC-VD1091642A,M-1810,item:001893,13.844811,13.844811,57,332,1.0,KG
275,SDC-VD0910216A,M-1810,item:002612,7.492766,7.492766,39,314,1.0,KG
275,SDC-VD0990780A,M-1810,item:002612,3.181754,3.181754,30,305,1.0,KG
275,SDC-VD1091642A,M-1810,item:002612,0.795438,0.795438,33,308,1.0,KG
275,SDC-VD0500655A,M-1810,item:002612,0.795438,0.795438,34,309,1.0,KG
275,SDC-VD0990780A,M-1810,item:002612,3.643371,3.643371,57,332,1.0,KG
275,SDC-VD0514881A,M-1810,item:016332,3.818104,3.818104,98,373,1.0,KG
275,SDC-VD0519670A,M-1810,item:029313,0.318175,0.318175,66,341,1.0,KG
275,SDC-VD1096202A,M-1810,item:039668,0.318175,0.318175,30,305,1.0,KG
275,SDC-VD0520132A,M-1810,item:049371,11.772489,11.772489,77,352,1.0,KG
275,SDC-VD0914320A,M-1810,item:055703,0.445446,0.445446,9,284,1.0,KG
275,SDC-VD0964290A,M-1810,item:055703,0.190905,0.190905,63,338,1.0,KG
275,SDC-VD0505677A,M-1810,item:099439,15.908768,15.908768,50,325,1.0,KG
275,SDC-VD0901566A,M-1810,item:338928,10000.0,10000.0,108,383,1.0,UN
275,SDC-VD0914360C,M-1810,item:338929,7836.831687,7836.831687,42,317,1.0,UN
275,SDC-VD0989480A,M-1810,item:426331,86.205149,86.205149,29,304,1.0,UN
275,SDC-1450,M-1810,item:693055,3181.753665,3181.753665,17,292,1.0,G
275,M-1430,DC-1920,item:268967,2043.017143,2043.017143,4,279,1.0,UN
275,M-1810,DC-1920,item:268091,7836.831687,7836.831687,2,277,1.0,UN
275,DC-1920,C-XXXXX,item:268091,8875.077871,8875.077871,3,278,1.0,UN
275,SDC-VD0949099A,SDC-1450,item:021081,237.836853,250.354582,86,361,0.95,KG
275,SDC-VD0960508A,SDC-1450,item:021081,67.953387,67.953387,83,358,1.0,KG
275,SDC-VD0972460A,SDC-1450,item:021081,16.988347,16.988347,101,376,1.0,KG
275,SDC-VD0975221A,SDC-1450,item:021081,16.988347,16.988347,168,443,1.0,KG
275,SDC-1450,M-1810,item:007923,25454.029318,25454.029318,1,276,1.0,G
276,SDC-VD0520132A,M-1430,item:038005,36.94282,36.94282,76,352,1.0,KG
276,SDC-VD0914690A,M-1430,item:042342,127389.065107,127389.065107,14,290,1.0,UN
276,SDC-VD0525412A,M-1430,item:333362,2111.117714,2111.117714,31,307,1.0,UN
276,SDC-VD0993480A,M-1430,item:344135,2111.117714,2111.117714,51,327,1.0,UN
276,SDC-VD0520115A,M-1430,item:708073,16.741163,16.741163,12,288,1.0,KG
276,SDC-VD0508918A,M-1430,item:730384,447.556955,447.556955,25,301,1.0,M
276,SDC-VD1095770A,M-1430,item:734545,16.888942,16.888942,40,316,1.0,UN
276,SDC-1450,M-1430,item:773474,20382.246195,20382.246195,10,286,1.0,G
276,SDC-VD0951020A,M-1810,item:001757,12.670811,12.670811,72,348,1.0,KG
276,SDC-VD0519670A,M-1810,item:001848,6.652176,6.652176,5,281,1.0,KG
276,SDC-VD0951020A,M-1810,item:001848,2.850932,2.850932,57,333,1.0,KG
276,SDC-VD0910216A,M-1810,item:001893,28.63779,28.63779,21,297,1.0,KG
276,SDC-VD1091642A,M-1810,item:001893,12.03727,12.03727,44,320,1.0,KG
276,SDC-VD0518684A,M-1810,item:001893,6.018635,6.018635,69,345,1.0,KG
276,SDC-VD1091642A,M-1810,item:001893,13.492657,13.492657,79,355,1.0,KG
276,SDC-VD0910216A,M-1810,item:002612,7.53626,7.53626,34,310,1.0,KG
276,SDC-VD0990780A,M-1810,item:002612,3.167703,3.167703,39,315,1.0,KG
276,SDC-VD1091642A,M-1810,item:002612,0.791926,0.791926,17,293,1.0,KG
276,SDC-VD0500655A,M-1810,item:002612,0.791926,0.791926,26,302,1.0,KG
276,SDC-VD0990780A,M-1810,item:002612,3.550699,3.550699,30,306,1.0,KG
276,SDC-VD0514881A,M-1810,item:016332,3.801243,3.801243,41,317,1.0,KG
276,SDC-VD0519670A,M-1810,item:029313,0.31677,0.31677,50,326,1.0,KG
276,SDC-VD1096202A,M-1810,item:039668,0.31677,0.31677,33,309,1.0,KG
276,SDC-VD0520132A,M-1810,item:049371,11.7205,11.7205,74,350,1.0,KG
276,SDC-VD0914320A,M-1810,item:055703,0.443478,0.443478,14,290,1.0,KG
276,SDC-VD0964290A,M-1810,item:055703,0.190062,0.190062,41,317,1.0,KG
276,SDC-VD0505677A,M-1810,item:099439,15.838514,15.838514,24,300,1.0,KG
276,SDC-VD0901566A,M-1810,item:338928,10000.0,10000.0,84,360,1.0,UN
276,SDC-VD0914360C,M-1810,item:338929,7802.223481,7802.223481,64,340,1.0,UN
276,SDC-VD0989480A,M-1810,item:426331,85.824458,85.824458,22,298,1.0,UN
276,SDC-1450,M-1810,item:693055,3167.702733,3167.702733,130,406,1.0,G
276,M-1430,DC-1920,item:268967,2111.117714,2111.117714,6,282,1.0,UN
276,M-1810,DC-1920,item:268091,7802.223481,7802.223481,5,281,1.0,UN
276,DC-1920,C-XXXXX,item:268967,5200.0,5200.0,4,280,1.0,UN
276,SDC-VD0949099A,SDC-1450,item:021081,207.021699,217.917578,59,335,0.95,KG
276,SDC-VD0960508A,SDC-1450,item:021081,59.149057,59.149057,182,458,1.0,KG
276,SDC-VD0972460A,SDC-1450,item:021081,14.787264,14.787264,134,410,1.0,KG
276,SDC-VD0975221A,SDC-1450,item:021081,14.787264,14.787264,75,351,1.0,KG
276,SDC-1450,M-1810,item:007923,25341.621865,25341.621865,1,277,1.0,G
277,SDC-VD0520132A,M-1430,item:038005,37.181161,37.181161,308,585,1.0,KG
277,SDC-VD0914690A,M-1430,item:042342,128210.930043,128210.930043,29,306,1.0,UN
277,SDC-VD0525412A,M-1430,item:333362,2124.737828,2124.737828,17,294,1.0,UN
277,SDC-VD0993480A,M-1430,item:344135,2124.737828,2124.737828,17,294,1.0,UN
277,SDC-VD0520115A,M-1430,item:708073,16.849171,16.849171,53,330,1.0,KG
277,SDC-VD0508918A,M-1430,item:730384,450.44442,450.44442,70,347,1.0,M
277,SDC-VD1095770A,M-1430,item:734545,16.997903,16.997903,19,296,1.0,UN
277,SDC-1450,M-1430,item:773474,20513.744557,20513.744557,15,292,1.0,G
277,SDC-VD0951020A,M-1810,item:001757,12.65957,12.65957,106,383,1.0,KG
277,SDC-VD0519670A,M-1810,item:001848,6.646274,6.646274,7,284,1.0,KG
277,SDC-VD0951020A,M-1810,item:001848,2.848403,2.848403,23,300,1.0,KG
277,SDC-VD0910216A,M-1810,item:001893,28.670845,28.670845,21,298,1.0,KG
277,SDC-VD1091642A,M-1810,item:001893,12.026592,12.026592,43,320,1.0,KG
277,SDC-VD0518684A,M-1810,item:001893,6.013296,6.013296,54,331,1.0,KG
277,SDC-VD1091642A,M-1810,item:001893,13.422226,13.422226,36,313,1.0,KG
277,SDC-VD0910216A,M-1810,item:002612,7.544959,7.544959,44,321,1.0,KG
277,SDC-VD0990780A,M-1810,item:002612,3.164893,3.164893,50,327,1.0,KG
277,SDC-VD1091642A,M-1810,item:002612,0.791223,0.791223,54,331,1.0,KG
277,SDC-VD0500655A,M-1810,item:002612,0.791223,0.791223,17,294,1.0,KG
277,SDC-VD0990780A,M-1810,item:002612,3.532165,3.532165,27,304,1.0,KG
277,SDC-VD0514881A,M-1810,item:016332,3.797871,3.797871,34,311,1.0,KG
277,SDC-VD0519670A,M-1810,item:029313,0.316489,0.316489,88,365,1.0,KG
277,SDC-VD1096202A,M-1810,item:039668,0.316489,0.316489,56,333,1.0,KG
277,SDC-VD0520132A,M-1810,item:049371,11.710102,11.710102,98,375,1.0,KG
277,SDC-VD0914320A,M-1810,item:055703,0.443085,0.443085,17,294,1.0,KG
277,SDC-VD0964290A,M-1810,item:055703,0.189894,0.189894,19,296,1.0,KG
277,SDC-VD0505677A,M-1810,item:099439,15.824463,15.824463,37,314,1.0,KG
277,SDC-VD0901566A,M-1810,item:338928,10000.0,10000.0,30,307,1.0,UN
277,SDC-VD0914360C,M-1810,item:338929,7795.301839,7795.301839,30,307,1.0,UN
277,SDC-VD0989480A,M-1810,item:426331,85.74832,85.74832,24,301,1.0,UN
277,SDC-1450,M-1810,item:693055,3164.892547,3164.892547,80,357,1.0,G
277,M-1430,DC-1920,item:268967,2124.737828,2124.737828,4,281,1.0,UN
277,M-1810,DC-1920,item:268091,7795.301839,7795.301839,5,282,1.0,UN
277,DC-1920,C-XXXXX,item:268091,7836.831687,7836.831687,2,279,1.0,UN
277,SDC-VD0949099A,SDC-1450,item:021081,184.964748,194.699735,185,462,0.95,KG
277,SDC-VD0960508A,SDC-1450,item:021081,52.847071,52.847071,85,362,1.0,KG
277,SDC-VD0972460A,SDC-1450,item:021081,13.211768,13.211768,162,439,1.0,KG
277,SDC-VD0975221A,SDC-1450,item:021081,13.211768,13.211768,138,415,1.0,KG
277,SDC-1450,M-1810,item:007923,25319.140374,25319.140374,1,278,1.0,G
278,SDC-VD0520132A,M-1430,item:038005,37.228829,37.228829,178,456,1.0,KG
278,SDC-VD0914690A,M-1430,item:042342,128375.30303,128375.30303,21,299,1.0,UN
278,SDC-VD0525412A,M-1430,item:333362,2127.461851,2127.461851,68,346,1.0,UN
278,SDC-VD0993480A,M-1430,item:344135,2127.461851,2127.461851,64,342,1.0,UN
278,SDC-VD0520115A,M-1430,item:708073,16.870772,16.870772,16,294,1.0,KG
278,SDC-VD0508918A,M-1430,item:730384,451.021912,451.021912,28,306,1.0,M
278,SDC-VD1095770A,M-1430,item:734545,17.019695,17.019695,11,289,1.0,UN
278,SDC-1450,M-1430,item:773474,20540.04423,20540.04423,8,286,1.0,G
278,SDC-VD0951020A,M-1810,item:001757,12.657322,12.657322,163,441,1.0,KG
278,SDC-VD0519670A,M-1810,item:001848,6.645094,6.645094,30,308,1.0,KG
278,SDC-VD0951020A,M-1810,item:001848,2.847897,2.847897,59,337,1.0,KG
278,SDC-VD0910216A,M-1810,item:001893,28.677456,28.677456,29,307,1.0,KG
278,SDC-VD1091642A,M-1810,item:001893,12.024456,12.024456,44,322,1.0,KG
278,SDC-VD0518684A,M-1810,item:001893,6.012228,6.012228,80,358,1.0,KG
278,SDC-VD1091642A,M-1810,item:001893,13.408139,13.408139,17,295,1.0,KG
278,SDC-VD0910216A,M-1810,item:002612,7.546699,7.546699,40,318,1.0,KG
278,SDC-VD0990780A,M-1810,item:002612,2.982152,2.982152,25,303,1.0,KG
278,SDC-VD1091642A,M-1810,item:002612,0.791083,0.791083,49,327,1.0,KG
278,SDC-VD0500655A,M-1810,item:002612,0.791083,0.791083,40,318,1.0,KG
278,SDC-VD1091642A,M-1810,item:002612,3.710637,3.710637,32,310,1.0,KG
278,SDC-VD0514881A,M-1810,item:016332,3.797197,3.797197,61,339,1.0,KG
278,SDC-VD0519670A,M-1810,item:029313,0.316433,0.316433,19,297,1.0,KG
278,SDC-VD1096202A,M-1810,item:039668,0.316433,0.316433,33,311,1.0,KG
278,SDC-VD0520132A,M-1810,item:049371,11.708023,11.708023,164,442,1.0,KG
278,SDC-VD0914320A,M-1810,item:055703,0.443006,0.443006,28,306,1.0,KG
278,SDC-VD0964290A,M-1810,item:055703,0.18986,0.18986,69,347,1.0,KG
278,SDC-VD0505677A,M-1810,item:099439,15.821653,15.821653,64,342,1.0,KG
278,SDC-VD0901566A,M-1810,item:338928,10000.0,10000.0,140,418,1.0,UN
278,SDC-VD0914360C,M-1810,item:338929,7793.917511,7793.917511,84,362,1.0,UN
278,SDC-VD0989480A,M-1810,item:426331,85.733093,85.733093,32,310,1.0,UN
278,SDC-1450,M-1810,item:693055,3164.330509,3164.330509,76,354,1.0,G
278,M-1430,DC-1920,item:268967,2127.461851,2127.461851,5,283,1.0,UN
278,M-1810,DC-1920,item:268091,7793.917511,7793.917511,1,279,1.0,UN
278,DC-1920,C-XXXXX,item:268967,4642.707454,4642.707454,3,281,1.0,UN
278,SDC-VD0949099A,SDC-1450,item:021081,169.235411,178.142538,33,311,0.95,KG
278,SDC-VD0960508A,SDC-1450,item:021081,48.352975,48.352975,68,346,1.0,KG
278,SDC-VD0972460A,SDC-1450,item:021081,12.088244,12.088244,157,435,1.0,KG
278,SDC-VD0975221A,SDC-1450,item:021081,12.088244,12.088244,103,381,1.0,KG
278,SDC-1450,M-1810,item:007923,25314.644076,25314.644076,1,279,1.0,G
279,SDC-VD0520132A,M-1430,item:038005,37.238363,37.238363,120,399,1.0,KG
279,SDC-VD0914690A,M-1430,item:042342,128408.177628,128408.177628,24,303,1.0,UN
279,SDC-VD0525412A,M-1430,item:333362,2128.006656,2128.006656,19,298,1.0,UN
279,SDC-VD0993480A,M-1430,item:344135,2128.006656,2128.006656,33,312,1.0,UN
279,SDC-VD0520115A,M-1430,item:708073,16.875093,16.875093,46,325,1.0,KG
279,SDC-VD0508918A,M-1430,item:730384,451.137411,451.137411,12,291,1.0,M
279,SDC-VD1095770A,M-1430,item:734545,17.024053,17.024053,21,300,1.0,UN
279,SDC-1450,M-1430,item:773474,20545.304164,20545.304164,6,285,1.0,G
279,SDC-VD0951020A,M-1810,item:001757,12.656872,12.656872,166,445,1.0,KG
279,SDC-VD0519670A,M-1810,item:001848,6.644858,6.644858,16,295,1.0,KG
279,SDC-VD0951020A,M-1810,item:001848,2.847796,2.847796,77,356,1.0,KG
279,SDC-VD0910216A,M-1810,item:001893,28.678779,28.678779,25,304,1.0,KG
279,SDC-VD1091642A,M-1810,item:001893,12.024029,12.024029,21,300,1.0,KG
279,SDC-VD0518684A,M-1810,item:001893,6.012014,6.012014,58,337,1.0,KG
279,SDC-VD1091642A,M-1810,item:001893,13.405322,13.405322,40,319,1.0,KG
279,SDC-VD0910216A,M-1810,item:002612,7.547047,7.547047,19,298,1.0,KG
279,SDC-VD0990780A,M-1810,item:002612,2.156299,2.156299,20,299,1.0,KG
279,SDC-VD1091642A,M-1810,item:002612,0.791055,0.791055,47,326,1.0,KG
279,SDC-VD0500655A,M-1810,item:002612,0.791055,0.791055,28,307,1.0,KG
279,SDC-VD1091642A,M-1810,item:002612,4.535635,4.535635,70,349,1.0,KG
279,SDC-VD0514881A,M-1810,item:016332,3.797062,3.797062,24,303,1.0,KG
279,SDC-VD0519670A,M-1810,item:029313,0.316422,0.316422,89,368,1.0,KG
279,SDC-VD1096202A,M-1810,item:039668,0.316422,0.316422,35,314,1.0,KG
279,SDC-VD0520132A,M-1810,item:049371,11.707607,11.707607,206,485,1.0,KG
279,SDC-VD0914320A,M-1810,item:055703,0.442991,0.442991,25,304,1.0,KG
279,SDC-VD0964290A,M-1810,item:055703,0.189853,0.189853,41,320,1.0,KG
279,SDC-VD0505677A,M-1810,item:099439,15.821091,15.821091,43,322,1.0,KG
279,SDC-VD0901566A,M-1810,item:338928,9978.226521,9978.226521,40,319,1.0,UN
279,SDC-VD0914360C,M-1810,item:338929,7793.640645,7793.640645,84,363,1.0,UN
279,SDC-VD0989480A,M-1810,item:426331,85.730047,85.730047,33,312,1.0,UN
279,SDC-1450,M-1810,item:693055,3164.218102,3164.218102,48,327,1.0,G
279,M-1430,DC-1920,item:268967,2128.006656,2128.006656,6,285,1.0,UN
279,M-1810,DC-1920,item:268091,7793.640645,7793.640645,3,282,1.0,UN
279,DC-1920,C-XXXXX,item:268967,2043.017143,2043.017143,3,282,1.0,UN
279,DC-1920,C-XXXXX,item:268091,7793.917511,7793.917511,4,283,1.0,UN
279,SDC-VD0949099A,SDC-1450,item:021081,157.950381,166.263559,182,461,0.95,KG
279,SDC-VD0960508A,SDC-1450,item:021081,45.12868,45.12868,183,462,1.0,KG
279,SDC-VD0972460A,SDC-1450,item:021081,11.28217,11.28217,189,468,1.0,KG
279,SDC-VD0975221A,SDC-1450,item:021081,11.28217,11.28217,107,386,1.0,KG
279,SDC-1450,M-1810,item:007923,25313.744816,25313.744816,1,280,1.0,G
280,SDC-VD0520132A,M-1430,item:038005,63.423037,63.423037,51,331,1.0,KG
280,SDC-VD0914690A,M-1430,item:042342,218700.176991,218700.176991,33,313,1.0,UN
280,SDC-VD0525412A,M-1430,item:333362,3624.344188,3624.344188,50,330,1.0,UN
280,SDC-VD0993480A,M-1430,item:344135,3624.344188,3624.344188,29,309,1.0,UN
280,SDC-VD0520115A,M-1430,item:708073,28.741049,28.741049,41,321,1.0,KG
280,SDC-VD0508918A,M-1430,item:730384,768.360968,768.360968,56,336,1.0,M
280,SDC-VD1095770A,M-1430,item:734545,28.994754,28.994754,4,284,1.0,UN
280,SDC-1450,M-1430,item:773474,34992.02107,34992.02107,16,296,1.0,G
280,SDC-VD0951020A,M-1810,item:001757,14.529301,14.529301,109,389,1.0,KG
280,SDC-VD0519670A,M-1810,item:001848,7.627883,7.627883,29,309,1.0,KG
280,SDC-VD0951020A,M-1810,item:001848,3.269093,3.269093,41,321,1.0,KG
280,SDC-VD0910216A,M-1810,item:001893,28.679043,28.679043,24,304,1.0,KG
280,SDC-VD1091642A,M-1810,item:001893,13.802836,13.802836,37,317,1.0,KG
280,SDC-VD0518684A,M-1810,item:001893,6.901418,6.901418,47,327,1.0,KG
280,SDC-VD1091642A,M-1810,item:001893,19.630882,19.630882,58,338,1.0,KG
280,SDC-VD0910216A,M-1810,item:002612,7.547117,7.547117,21,301,1.0,KG
280,SDC-VD0990780A,M-1810,item:002612,2.156319,2.156319,40,320,1.0,KG
280,SDC-VD1091642A,M-1810,item:002612,0.908081,0.908081,30,310,1.0,KG
280,SDC-VD0500655A,M-1810,item:002612,0.908081,0.908081,18,298,1.0,KG
280,SDC-VD1091642A,M-1810,item:002612,6.642028,6.642028,11,291,1.0,KG
280,SDC-VD0514881A,M-1810,item:016332,4.35879,4.35879,60,340,1.0,KG
280,SDC-VD0519670A,M-1810,item:029313,0.363233,0.363233,48,328,1.0,KG
280,SDC-VD1096202A,M-1810,item:039668,0.363233,0.363233,22,302,1.0,KG
280,SDC-VD0520132A,M-1810,item:049371,13.439603,13.439603,187,467,1.0,KG
280,SDC-VD0914320A,M-1810,item:055703,0.508526,0.508526,11,291,1.0,KG
280,SDC-VD0964290A,M-1810,item:055703,0.21794,0.21794,56,336,1.0,KG
280,SDC-VD0505677A,M-1810,item:099439,18.161626,18.161626,13,293,1.0,KG
280,SDC-VD0901566A,M-1810,item:338928,8946.613843,8946.613843,140,420,1.0,UN
280,SDC-VD0914360C,M-1810,item:338929,8946.613843,8946.613843,73,353,1.0,UN
280,SDC-VD0989480A,M-1810,item:426331,98.412752,98.412752,10,290,1.0,UN
280,SDC-1450,M-1810,item:693055,3632.32522,3632.32522,42,322,1.0,G
280,M-1430,DC-1920,item:268967,3624.344188,3624.344188,4,284,1.0,UN
280,M-1810,DC-1920,item:268091,8946.613843,8946.613843,2,282,1.0,UN
280,DC-1920,C-XXXXX,item:268091,8009.872717,8009.872717,3,283,1.0,UN
280,SDC-VD0949099A,SDC-1450,item:021081,149.817801,157.702949,141,421,0.95,KG
280,SDC-VD0960508A,SDC-1450,item:021081,42.805086,42.805086,65,345,1.0,KG
280,SDC-VD0972460A,SDC-1450,item:021081,10.701272,10.701272,240,520,1.0,KG
280,SDC-VD0975221A,SDC-1450,item:021081,10.701272,10.701272,139,419,1.0,KG
280,SDC-1450,M-1810,item:007923,29058.601764,29058.601764,2,282,1.0,G
281,SDC-VD0520132A,M-1430,item:038005,68.659972,68.659972,147,428,1.0,KG
281,SDC-VD0914690A,M-1430,item:042342,236758.576863,236758.576863,17,298,1.0,UN
281,SDC-VD0525412A,M-1430,item:333362,3923.611694,3923.611694,69,350,1.0,UN
281,SDC-VD0993480A,M-1430,item:344135,3923.611694,3923.611694,34,315,1.0,UN
281,SDC-VD0520115A,M-1430,item:708073,31.114241,31.114241,39,320,1.0,KG
281,SDC-VD0508918A,M-1430,item:730384,831.805679,831.805679,47,328,1.0,M
281,SDC-VD1095770A,M-1430,item:734545,31.388894,31.388894,30,311,1.0,UN
281,SDC-1450,M-1430,item:773474,37881.364451,37881.364451,18,299,1.0,G
281,SDC-VD0951020A,M-1810,item:001757,14.903787,14.903787,28,309,1.0,KG
281,SDC-VD0519670A,M-1810,item:001848,7.824488,7.824488,14,295,1.0,KG
281,SDC-VD0951020A,M-1810,item:001848,3.353352,3.353352,28,309,1.0,KG
281,SDC-VD0910216A,M-1810,item:001893,28.679096,28.679096,17,298,1.0,KG
281,SDC-VD1091642A,M-1810,item:001893,14.158597,14.158597,38,319,1.0,KG
281,SDC-VD0518684A,M-1810,item:001893,7.079299,7.079299,37,318,1.0,KG
281,SDC-VD1091642A,M-1810,item:001893,20.875994,20.875994,34,315,1.0,KG
281,SDC-VD0910216A,M-1810,item:002612,7.547131,7.547131,48,329,1.0,KG
281,SDC-VD0990780A,M-1810,item:002612,2.156323,2.156323,20,301,1.0,KG
281,SDC-VD1091642A,M-1810,item:002612,0.931487,0.931487,29,310,1.0,KG
281,SDC-VD0500655A,M-1810,item:002612,0.931487,0.931487,23,304,1.0,KG
281,SDC-VD1091642A,M-1810,item:002612,7.063306,7.063306,15,296,1.0,KG
281,SDC-VD0514881A,M-1810,item:016332,4.471136,4.471136,54,335,1.0,KG
281,SDC-VD0519670A,M-1810,item:029313,0.372595,0.372595,35,316,1.0,KG
281,SDC-VD1096202A,M-1810,item:039668,0.372595,0.372595,70,351,1.0,KG
281,SDC-VD0520132A,M-1810,item:049371,13.786003,13.786003,112,393,1.0,KG
281,SDC-VD0914320A,M-1810,item:055703,0.521633,0.521633,6,287,1.0,KG
281,SDC-VD0964290A,M-1810,item:055703,0.223557,0.223557,39,320,1.0,KG
281,SDC-VD0505677A,M-1810,item:099439,18.629733,18.629733,46,327,1.0,KG
281,SDC-VD0901566A,M-1810,item:338928,9177.208483,9177.208483,76,357,1.0,UN
281,SDC-VD0914360C,M-1810,item:338929,9177.208483,9177.208483,24,305,1.0,UN
281,SDC-VD0989480A,M-1810,item:426331,100.949293,100.949293,47,328,1.0,UN
281,SDC-1450,M-1810,item:693055,3725.946644,3725.946644,36,317,1.0,G
281,M-1430,DC-1920,item:268967,3923.611694,3923.611694,3,284,1.0,UN
281,M-1810,DC-1920,item:268091,9177.208483,9177.208483,3,284,1.0,UN
281,DC-1920,C-XXXXX,item:268967,2124.737828,2124.737828,2,283,1.0,UN
281,DC-1920,C-XXXXX,item:268091,7802.223481,7802.223481,3,284,1.0,UN
281,SDC-VD0949099A,SDC-1450,item:021081,162.023739,170.551304,156,437,0.95,KG
281,SDC-VD0960508A,SDC-1450,item:021081,46.292497,46.292497,120,401,1.0,KG
281,SDC-VD0972460A,SDC-1450,item:021081,11.573124,11.573124,159,440,1.0,KG
281,SDC-VD0975221A,SDC-1450,item:021081,11.573124,11.573124,113,394,1.0,KG
281,SDC-1450,M-1810,item:007923,29807.573153,29807.573153,2,283,1.0,G
282,SDC-VD0520132A,M-1430,item:038005,69.707359,69.707359,27,309,1.0,KG
282,SDC-VD0914690A,M-1430,item:042342,240370.256838,240370.256838,23,305,1.0,UN
282,SDC-VD0525412A,M-1430,item:333362,3983.465196,3983.465196,59,341,1.0,UN
282,SDC-VD0993480A,M-1430,item:344135,3983.465196,3983.465196,26,308,1.0,UN
282,SDC-VD0520115A,M-1430,item:708073,31.588879,31.588879,23,305,1.0,KG
282,SDC-VD0508918A,M-1430,item:730384,844.494621,844.494621,75,357,1.0,M
282,SDC-VD1095770A,M-1430,item:734545,31.867722,31.867722,27,309,1.0,UN
282,SDC-1450,M-1430,item:773474,38459.233127,38459.233127,14,296,1.0,G
282,SDC-VD0951020A,M-1810,item:001757,14.978684,14.978684,98,380,1.0,KG
282,SDC-VD0519670A,M-1810,item:001848,7.863809,7.863809,15,297,1.0,KG
282,SDC-VD0951020A,M-1810,item:001848,3.370204,3.370204,23,305,1.0,KG
282,SDC-VD0910216A,M-1810,item:001893,49.804123,49.804123,30,312,1.0,KG
282,SDC-VD1091642A,M-1810,item:001893,14.22975,14.22975,46,328,1.0,KG
282,SDC-VD0518684A,M-1810,item:001893,7.114875,7.114875,33,315,1.0,KG
282,SDC-VD0910216A,M-1810,item:002612,13.106348,13.106348,44,326,1.0,KG
282,SDC-VD0990780A,M-1810,item:002612,3.744671,3.744671,27,309,1.0,KG
282,SDC-VD1091642A,M-1810,item:002612,0.936168,0.936168,23,305,1.0,KG
282,SDC-VD0500655A,M-1810,item:002612,0.936168,0.936168,26,308,1.0,KG
282,SDC-VD0514881A,M-1810,item:016332,4.493605,4.493605,43,325,1.0,KG
282,SDC-VD0519670A,M-1810,item:029313,0.374467,0.374467,112,394,1.0,KG
282,SDC-VD1096202A,M-1810,item:039668,0.374467,0.374467,17,299,1.0,KG
282,SDC-VD0520132A,M-1810,item:049371,13.855282,13.855282,116,398,1.0,KG
282,SDC-VD0914320A,M-1810,item:055703,0.524254,0.524254,21,303,1.0,KG
282,SDC-VD0964290A,M-1810,item:055703,0.22468,0.22468,84,366,1.0,KG
282,SDC-VD0505677A,M-1810,item:099439,18.723355,18.723355,25,307,1.0,KG
282,SDC-VD0901566A,M-1810,item:338928,9223.327411,9223.327411,53,335,1.0,UN
282,SDC-VD0914360C,M-1810,item:338929,9223.327411,9223.327411,49,331,1.0,UN
282,SDC-VD0989480A,M-1810,item:426331,101.456602,101.456602,27,309,1.0,UN
282,SDC-1450,M-1810,item:693055,3744.670929,3744.670929,18,300,1.0,G
282,M-1430,DC-1920,item:268967,3983.465196,3983.465196,2,284,1.0,UN
282,M-1810,DC-1920,item:268091,9223.327411,9223.327411,2,284,1.0,UN
282,DC-1920,C-XXXXX,item:268967,2111.117714,2111.117714,2,284,1.0,UN
282,DC-1920,C-XXXXX,item:268091,24535.556328,24535.556328,2,284,1.0,UN
282,SDC-VD0949099A,SDC-1450,item:021081,179.472494,188.918415,127,409,0.95,KG
282,SDC-VD0960508A,SDC-1450,item:021081,51.277855,51.277855,90,372,1.0,KG
282,SDC-VD0972460A,SDC-1450,item:021081,12.819464,12.819464,131,413,1.0,KG
282,SDC-VD0975221A,SDC-1450,item:021081,12.819464,12.819464,87,369,1.0,KG
282,SDC-1450,M-1810,item:007923,29957.367431,29957.367431,1,283,1.0,G
283,SDC-VD0520132A,M-1430,item:038005,69.916836,69.916836,93,376,1.0,KG
283,SDC-VD0914690A,M-1430,item:042342,241092.592833,241092.592833,22,305,1.0,UN
283,SDC-VD0525412A,M-1430,item:333362,3995.435896,3995.435896,56,339,1.0,UN
283,SDC-VD0993480A,M-1430,item:344135,3995.435896,3995.435896,53,336,1.0,UN
283,SDC-VD0520115A,M-1430,item:708073,31.683807,31.683807,23,306,1.0,KG
283,SDC-VD0508918A,M-1430,item:730384,847.03241,847.03241,46,329,1.0,M
283,SDC-VD1095770A,M-1430,item:734545,31.963487,31.963487,10,293,1.0,UN
283,SDC-1450,M-1430,item:773474,38574.806862,38574.806862,11,294,1.0,G
283,SDC-VD0951020A,M-1810,item:001757,14.993663,14.993663,58,341,1.0,KG
283,SDC-VD0519670A,M-1810,item:001848,7.871673,7.871673,25,308,1.0,KG
283,SDC-VD0951020A,M-1810,item:001848,3.373574,3.373574,62,345,1.0,KG
283,SDC-VD0910216A,M-1810,item:001893,49.85393,49.85393,28,311,1.0,KG
283,SDC-VD1091642A,M-1810,item:001893,14.24398,14.24398,41,324,1.0,KG
283,SDC-VD0518684A,M-1810,item:001893,7.12199,7.12199,70,353,1.0,KG
283,SDC-VD0910216A,M-1810,item:002612,13.119455,13.119455,22,305,1.0,KG
283,SDC-VD0990780A,M-1810,item:002612,3.748416,3.748416,33,316,1.0,KG
283,SDC-VD1091642A,M-1810,item:002612,0.937104,0.937104,69,352,1.0,KG
283,SDC-VD0500655A,M-1810,item:002612,0.937104,0.937104,56,339,1.0,KG
283,SDC-VD0514881A,M-1810,item:016332,4.498099,4.498099,90,373,1.0,KG
283,SDC-VD0519670A,M-1810,item:029313,0.374842,0.374842,47,330,1.0,KG
283,SDC-VD1096202A,M-1810,item:039668,0.374842,0.374842,46,329,1.0,KG
283,SDC-VD0520132A,M-1810,item:049371,13.869138,13.869138,92,375,1.0,KG
283,SDC-VD0914320A,M-1810,item:055703,0.524778,0.524778,34,317,1.0,KG
283,SDC-VD0964290A,M-1810,item:055703,0.224905,0.224905,32,315,1.0,KG
283,SDC-VD0505677A,M-1810,item:099439,18.742079,18.742079,25,308,1.0,KG
283,SDC-VD0901566A,M-1810,item:338928,9232.551197,9232.551197,64,347,1.0,UN
283,SDC-VD0914360C,M-1810,item:338929,9232.551197,9232.551197,46,329,1.0,UN
283,SDC-VD0989480A,M-1810,item:426331,101.558063,101.558063,22,305,1.0,UN
283,SDC-1450,M-1810,item:693055,3748.415786,3748.415786,79,362,1.0,G
283,M-1430,DC-1920,item:268967,3995.435896,3995.435896,2,285,1.0,UN
283,M-1810,DC-1920,item:268091,9232.551197,9232.551197,2,285,1.0,UN
283,DC-1920,C-XXXXX,item:268967,2127.461851,2127.461851,2,285,1.0,UN
283,SDC-VD0949099A,SDC-1450,item:021081,195.203323,205.477182,42,325,0.95,KG
283,SDC-VD0960508A,SDC-1450,item:021081,55.772378,55.772378,104,387,1.0,KG
283,SDC-VD0972460A,SDC-1450,item:021081,13.943094,13.943094,99,382,1.0,KG
283,SDC-VD0975221A,SDC-1450,item:021081,13.943094,13.943094,128,411,1.0,KG
283,SDC-1450,M-1810,item:007923,29987.326287,29987.326287,1,284,1.0,G
284,SDC-VD0520132A,M-1430,item:038005,69.958731,69.958731,178,462,1.0,KG
284,SDC-VD0914690A,M-1430,item:042342,241237.060032,241237.060032,22,306,1.0,UN
284,SDC-VD0525412A,M-1430,item:333362,3997.830036,3997.830036,94,378,1.0,UN
284,SDC-VD0993480A,M-1430,item:344135,3997.830036,3997.830036,34,318,1.0,UN
284,SDC-VD0520115A,M-1430,item:708073,31.702792,31.702792,31,315,1.0,KG
284,SDC-VD0508918A,M-1430,item:730384,847.539968,847.539968,92,376,1.0,M
284,SDC-VD1095770A,M-1430,item:734545,31.98264,31.98264,20,304,1.0,UN
284,SDC-1450,M-1430,item:773474,38597.921609,38597.921609,7,291,1.0,G
284,SDC-VD0951020A,M-1810,item:001757,14.996659,14.996659,81,365,1.0,KG
284,SDC-VD0519670A,M-1810,item:001848,7.873246,7.873246,27,311,1.0,KG
284,SDC-VD0951020A,M-1810,item:001848,3.374248,3.374248,37,321,1.0,KG
284,SDC-VD0910216A,M-1810,item:001893,49.863891,49.863891,24,308,1.0,KG
284,SDC-VD1091642A,M-1810,item:001893,14.246826,14.246826,42,326,1.0,KG
284,SDC-VD0518684A,M-1810,item:001893,7.123413,7.123413,56,340,1.0,KG
284,SDC-VD0910216A,M-1810,item:002612,13.122077,13.122077,70,354,1.0,KG
284,SDC-VD0990780A,M-1810,item:002612,3.749165,3.749165,58,342,1.0,KG
284,SDC-VD1091642A,M-1810,item:002612,0.937291,0.937291,48,332,1.0,KG
284,SDC-VD0500655A,M-1810,item:002612,0.937291,0.937291,26,310,1.0,KG
284,SDC-VD0514881A,M-1810,item:016332,4.498998,4.498998,43,327,1.0,KG
284,SDC-VD0519670A,M-1810,item:029313,0.374916,0.374916,112,396,1.0,KG
284,SDC-VD1096202A,M-1810,item:039668,0.374916,0.374916,33,317,1.0,KG
284,SDC-VD0520132A,M-1810,item:049371,13.87191,13.87191,84,368,1.0,KG
284,SDC-VD0914320A,M-1810,item:055703,0.524883,0.524883,19,303,1.0,KG
284,SDC-VD0964290A,M-1810,item:055703,0.22495,0.22495,44,328,1.0,KG
284,SDC-VD0505677A,M-1810,item:099439,18.745824,18.745824,30,314,1.0,KG
284,SDC-VD0901566A,M-1810,item:338928,9234.395954,9234.395954,85,369,1.0,UN
284,SDC-VD0914360C,M-1810,item:338929,9234.395954,9234.395954,63,347,1.0,UN
284,SDC-VD0989480A,M-1810,item:426331,101.578355,101.578355,14,298,1.0,UN
284,SDC-1450,M-1810,item:693055,3749.164757,3749.164757,53,337,1.0,G
284,M-1430,DC-1920,item:268967,3997.830036,3997.830036,5,289,1.0,UN
284,M-1810,DC-1920,item:268091,9234.395954,9234.395954,2,286,1.0,UN
284,DC-1920,C-XXXXX,item:268967,11531.421078,11531.421078,3,287,1.0,UN
284,DC-1920,C-XXXXX,item:268091,18400.535894,18400.535894,3,287,1.0,UN
284,SDC-VD0949099A,SDC-1450,item:021081,207.589052,218.514792,131,415,0.95,KG
284,SDC-VD0960508A,SDC-1450,item:021081,59.311158,59.311158,88,372,1.0,KG
284,SDC-VD0972460A,SDC-1450,item:021081,14.827789,14.827789,169,453,1.0,KG
284,SDC-VD0975221A,SDC-1450,item:021081,14.827789,14.827789,163,447,1.0,KG
284,SDC-1450,M-1810,item:007923,29993.318058,29993.318058,1,285,1.0,G
285,SDC-VD0520132A,M-1430,item:038005,69.967111,69.967111,120,405,1.0,KG
285,SDC-VD0914690A,M-1430,item:042342,241265.953471,241265.953471,11,296,1.0,UN
285,SDC-VD0525412A,M-1430,item:333362,3998.308864,3998.308864,120,405,1.0,UN
285,SDC-VD0993480A,M-1430,item:344135,3998.308864,3998.308864,10,295,1.0,UN
285,SDC-VD0520115A,M-1430,item:708073,31.706589,31.706589,12,297,1.0,KG
285,SDC-VD0508918A,M-1430,item:730384,847.641479,847.641479,18,303,1.0,M
285,SDC-VD1095770A,M-1430,item:734545,31.986471,31.986471,20,305,1.0,UN
285,SDC-1450,M-1430,item:773474,38602.544559,38602.544559,5,290,1.0,G
285,SDC-VD0951020A,M-1810,item:001757,14.997258,14.997258,71,356,1.0,KG
285,SDC-VD0519670A,M-1810,item:001848,7.873561,7.873561,20,305,1.0,KG
285,SDC-VD0951020A,M-1810,item:001848,3.374383,3.374383,112,397,1.0,KG
285,SDC-VD0910216A,M-1810,item:001893,49.865884,49.865884,18,303,1.0,KG
285,SDC-VD1091642A,M-1810,item:001893,14.247395,14.247395,74,359,1.0,KG
285,SDC-VD0518684A,M-1810,item:001893,7.123698,7.123698,26,311,1.0,KG
285,SDC-VD0910216A,M-1810,item:002612,13.122601,13.122601,51,336,1.0,KG
285,SDC-VD0990780A,M-1810,item:002612,3.749315,3.749315,15,300,1.0,KG
285,SDC-VD1091642A,M-1810,item:002612,0.937329,0.937329,34,319,1.0,KG
285,SDC-VD0500655A,M-1810,item:002612,0.937329,0.937329,56,341,1.0,KG
285,SDC-VD0514881A,M-1810,item:016332,4.499177,4.499177,55,340,1.0,KG
285,SDC-VD0519670A,M-1810,item:029313,0.374931,0.374931,59,344,1.0,KG
285,SDC-VD1096202A,M-1810,item:039668,0.374931,0.374931,10,295,1.0,KG
285,SDC-VD0520132A,M-1810,item:049371,13.872464,13.872464,197,482,1.0,KG
285,SDC-VD0914320A,M-1810,item:055703,0.524904,0.524904,11,296,1.0,KG
285,SDC-VD0964290A,M-1810,item:055703,0.224959,0.224959,25,310,1.0,KG
285,SDC-VD0505677A,M-1810,item:099439,18.746573,18.746573,28,313,1.0,KG
285,SDC-VD0901566A,M-1810,item:338928,9234.764905,9234.764905,58,343,1.0,UN
285,SDC-VD0914360C,M-1810,item:338929,9234.764905,9234.764905,47,332,1.0,UN
285,SDC-VD0989480A,M-1810,item:426331,101.582414,101.582414,19,304,1.0,UN
285,SDC-1450,M-1810,item:693055,3749.314551,3749.314551,116,401,1.0,G
285,M-1430,DC-1920,item:268967,3998.308864,3998.308864,5,290,1.0,UN
285,M-1810,DC-1920,item:268091,9234.764905,9234.764905,4,289,1.0,UN
285,DC-1920,C-XXXXX,item:268967,6123.442552,6123.442552,3,288,1.0,UN
285,DC-1920,C-XXXXX,item:268091,9232.551197,9232.551197,2,287,1.0,UN
285,SDC-VD0949099A,SDC-1450,item:021081,216.857546,228.271101,182,467,0.95,KG
285,SDC-VD0960508A,SDC-1450,item:021081,61.959299,61.959299,178,463,1.0,KG
285,SDC-VD0972460A,SDC-1450,item:021081,15.489825,15.489825,31,316,1.0,KG
285,SDC-VD0975221A,SDC-1450,item:021081,15.489825,15.489825,91,376,1.0,KG
285,SDC-1450,M-1810,item:007923,29994.516412,29994.516412,1,286,1.0,G
286,SDC-VD0520132A,M-1430,item:038005,69.968786,69.968786,151,437,1.0,KG
286,SDC-VD0914690A,M-1430,item:042342,241271.732159,241271.732159,17,303,1.0,UN
286,SDC-VD0525412A,M-1430,item:333362,3998.40463,3998.40463,32,318,1.0,UN
286,SDC-VD0993480A,M-1430,item:344135,3998.40463,3998.40463,19,305,1.0,UN
286,SDC-VD0520115A,M-1430,item:708073,31.707349,31.707349,6,292,1.0,KG
286,SDC-VD0508918A,M-1430,item:730384,847.661781,847.661781,46,332,1.0,M
286,SDC-VD1095770A,M-1430,item:734545,31.987237,31.987237,31,317,1.0,UN
286,SDC-1450,M-1430,item:773474,38603.469149,38603.469149,8,294,1.0,G
286,SDC-VD0951020A,M-1810,item:001757,14.997378,14.997378,73,359,1.0,KG
286,SDC-VD0519670A,M-1810,item:001848,7.873623,7.873623,28,314,1.0,KG
286,SDC-VD0951020A,M-1810,item:001848,3.37441,3.37441,75,361,1.0,KG
286,SDC-VD0910216A,M-1810,item:001893,49.866282,49.866282,22,308,1.0,KG
286,SDC-VD1091642A,M-1810,item:001893,14.247509,14.247509,36,322,1.0,KG
286,SDC-VD0518684A,M-1810,item:001893,7.123755,7.123755,36,322,1.0,KG
286,SDC-VD0910216A,M-1810,item:002612,7.390047,7.390047,49,335,1.0,KG
286,SDC-VD0990780A,M-1810,item:002612,3.749345,3.749345,45,331,1.0,KG
286,SDC-VD1091642A,M-1810,item:002612,0.937336,0.937336,11,297,1.0,KG
286,SDC-VD0500655A,M-1810,item:002612,0.937336,0.937336,22,308,1.0,KG
286,SDC-VD0990780A,M-1810,item:002612,5.732658,5.732658,18,304,1.0,KG
286,SDC-VD0514881A,M-1810,item:016332,4.499213,4.499213,12,298,1.0,KG
286,SDC-VD0519670A,M-1810,item:029313,0.374934,0.374934,63,349,1.0,KG
286,SDC-VD1096202A,M-1810,item:039668,0.374934,0.374934,42,328,1.0,KG
286,SDC-VD0520132A,M-1810,item:049371,13.872575,13.872575,96,382,1.0,KG
286,SDC-VD0914320A,M-1810,item:055703,0.524908,0.524908,17,303,1.0,KG
286,SDC-VD0964290A,M-1810,item:055703,0.224961,0.224961,84,370,1.0,KG
286,SDC-VD0505677A,M-1810,item:099439,18.746723,18.746723,70,356,1.0,KG
286,SDC-VD0901566A,M-1810,item:338928,9234.838695,9234.838695,44,330,1.0,UN
286,SDC-VD0914360C,M-1810,item:338929,9234.838695,9234.838695,26,312,1.0,UN
286,SDC-VD0989480A,M-1810,item:426331,101.583226,101.583226,21,307,1.0,UN
286,SDC-1450,M-1810,item:693055,3749.34451,3749.34451,38,324,1.0,G
286,M-1430,DC-1920,item:268967,3998.40463,3998.40463,4,290,1.0,UN
286,M-1810,DC-1920,item:268091,9234.838695,9234.838695,4,290,1.0,UN
286,DC-1920,C-XXXXX,item:268091,9234.395954,9234.395954,1,287,1.0,UN
286,SDC-VD0949099A,SDC-1450,item:021081,223.654681,235.42598,87,373,0.95,KG
286,SDC-VD0960508A,SDC-1450,item:021081,63.901337,63.901337,69,355,1.0,KG
286,SDC-VD0972460A,SDC-1450,item:021081,15.975334,15.975334,149,435,1.0,KG
286,SDC-VD0975221A,SDC-1450,item:021081,15.975334,15.975334,147,433,1.0,KG
286,SDC-1450,M-1810,item:007923,29994.756083,29994.756083,1,287,1.0,G
287,SDC-VD0520132A,M-1430,item:038005,78.020742,78.020742,182,469,1.0,KG
287,SDC-VD0914690A,M-1430,item:042342,269037.104167,269037.104167,31,318,1.0,UN
287,SDC-VD0525412A,M-1430,item:333362,4458.538069,4458.538069,37,324,1.0,UN
287,SDC-VD0993480A,M-1430,item:344135,4458.538069,4458.538069,49,336,1.0,UN
287,SDC-VD0520115A,M-1430,item:708073,35.356207,35.356207,41,328,1.0,KG
287,SDC-VD0508918A,M-1430,item:730384,945.210071,945.210071,60,347,1.0,M
287,SDC-VD1095770A,M-1430,item:734545,35.668305,35.668305,21,308,1.0,UN
287,SDC-1450,M-1430,item:773474,43045.92775,43045.92775,8,295,1.0,G
287,SDC-VD0951020A,M-1810,item:001757,16.374183,16.374183,114,401,1.0,KG
287,SDC-VD0519670A,M-1810,item:001848,8.596446,8.596446,24,311,1.0,KG
287,SDC-VD0951020A,M-1810,item:001848,3.684191,3.684191,34,321,1.0,KG
287,SDC-VD0910216A,M-1810,item:001893,54.444158,54.444158,6,293,1.0,KG
287,SDC-VD1091642A,M-1810,item:001893,15.555474,15.555474,52,339,1.0,KG
287,SDC-VD0518684A,M-1810,item:001893,7.777737,7.777737,66,353,1.0,KG
287,SDC-VD0910216A,M-1810,item:002612,5.593958,5.593958,38,325,1.0,KG
287,SDC-VD0990780A,M-1810,item:002612,4.093546,4.093546,16,303,1.0,KG
287,SDC-VD1091642A,M-1810,item:002612,1.023386,1.023386,24,311,1.0,KG
287,SDC-VD0500655A,M-1810,item:002612,1.023386,1.023386,18,305,1.0,KG
287,SDC-VD0990780A,M-1810,item:002612,8.733452,8.733452,28,315,1.0,KG
287,SDC-VD0514881A,M-1810,item:016332,4.912255,4.912255,24,311,1.0,KG
287,SDC-VD0519670A,M-1810,item:029313,0.409355,0.409355,57,344,1.0,KG
287,SDC-VD1096202A,M-1810,item:039668,0.409355,0.409355,56,343,1.0,KG
287,SDC-VD0520132A,M-1810,item:049371,15.146119,15.146119,226,513,1.0,KG
287,SDC-VD0914320A,M-1810,item:055703,0.573096,0.573096,17,304,1.0,KG
287,SDC-VD0964290A,M-1810,item:055703,0.245613,0.245613,64,351,1.0,KG
287,SDC-VD0505677A,M-1810,item:099439,20.467729,20.467729,26,313,1.0,KG
287,SDC-VD0901566A,M-1810,item:338928,10000.0,10000.0,78,365,1.0,UN
287,SDC-VD0914360C,M-1810,item:338929,10082.624882,10082.624882,84,371,1.0,UN
287,SDC-VD0989480A,M-1810,item:426331,110.908874,110.908874,12,299,1.0,UN
287,SDC-1450,M-1810,item:693055,4093.545702,4093.545702,70,357,1.0,G
287,M-1430,DC-1920,item:268967,4458.538069,4458.538069,1,288,1.0,UN
287,M-1810,DC-1920,item:268091,10082.624882,10082.624882,3,290,1.0,UN
287,SDC-VD0949099A,SDC-1450,item:021081,228.599273,240.630814,49,336,0.95,KG
287,SDC-VD0960508A,SDC-1450,item:021081,65.314078,65.314078,190,477,1.0,KG
287,SDC-VD0972460A,SDC-1450,item:021081,16.32852,16.32852,54,341,1.0,KG
287,SDC-VD0975221A,SDC-1450,item:021081,16.32852,16.32852,82,369,1.0,KG
287,SDC-1450,M-1810,item:007923,32748.365618,32748.365618,2,289,1.0,G
288,SDC-VD0520132A,M-1430,item:038005,79.631134,79.631134,190,478,1.0,KG
288,SDC-VD0914690A,M-1430,item:042342,274590.178568,274590.178568,35,323,1.0,UN
288,SDC-VD0525412A,M-1430,item:333362,4550.564757,4550.564757,43,331,1.0,UN
288,SDC-VD0993480A,M-1430,item:344135,4550.564757,4550.564757,24,312,1.0,UN
288,SDC-VD0520115A,M-1430,item:708073,36.085979,36.085979,53,341,1.0,KG
288,SDC-VD0508918A,M-1430,item:730384,964.719728,964.719728,26,314,1.0,M
288,SDC-VD1095770A,M-1430,item:734545,36.404518,36.404518,31,319,1.0,UN
288,SDC-1450,M-1430,item:773474,43934.41947,43934.41947,4,292,1.0,G
288,SDC-VD0951020A,M-1810,item:001757,16.649544,16.649544,83,371,1.0,KG
288,SDC-VD0519670A,M-1810,item:001848,8.74101,8.74101,23,311,1.0,KG
288,SDC-VD0951020A,M-1810,item:001848,3.746147,3.746147,37,325,1.0,KG
288,SDC-VD0910216A,M-1810,item:001893,55.359733,55.359733,22,310,1.0,KG
288,SDC-VD1091642A,M-1810,item:001893,15.817067,15.817067,84,372,1.0,KG
288,SDC-VD0518684A,M-1810,item:001893,7.908533,7.908533,95,383,1.0,KG
288,SDC-VD0910216A,M-1810,item:002612,5.629452,5.629452,47,335,1.0,KG
288,SDC-VD0990780A,M-1810,item:002612,4.162386,4.162386,24,312,1.0,KG
288,SDC-VD1091642A,M-1810,item:002612,1.040596,1.040596,25,313,1.0,KG
288,SDC-VD0500655A,M-1810,item:002612,1.040596,1.040596,26,314,1.0,KG
288,SDC-VD0990780A,M-1810,item:002612,8.938899,8.938899,28,316,1.0,KG
288,SDC-VD0514881A,M-1810,item:016332,4.994863,4.994863,38,326,1.0,KG
288,SDC-VD0519670A,M-1810,item:029313,0.416239,0.416239,23,311,1.0,KG
288,SDC-VD1096202A,M-1810,item:039668,0.416239,0.416239,62,350,1.0,KG
288,SDC-VD0520132A,M-1810,item:049371,15.400828,15.400828,77,365,1.0,KG
288,SDC-VD0914320A,M-1810,item:055703,0.582734,0.582734,23,311,1.0,KG
288,SDC-VD0964290A,M-1810,item:055703,0.249743,0.249743,55,343,1.0,KG
288,SDC-VD0505677A,M-1810,item:099439,20.81193,20.81193,18,306,1.0,KG
288,SDC-VD0901566A,M-1810,item:338928,10000.0,10000.0,57,345,1.0,UN
288,SDC-VD0914360C,M-1810,item:338929,10252.18212,10252.18212,41,329,1.0,UN
288,SDC-VD0989480A,M-1810,item:426331,112.774003,112.774003,25,313,1.0,UN
288,SDC-1450,M-1810,item:693055,4162.385941,4162.385941,87,375,1.0,G
288,M-1430,DC-1920,item:268967,4550.564757,4550.564757,2,290,1.0,UN
288,M-1810,DC-1920,item:268091,10252.18212,10252.18212,3,291,1.0,UN
288,DC-1920,C-XXXXX,item:268967,4458.538069,4458.538069,2,290,1.0,UN
288,SDC-VD0949099A,SDC-1450,item:021081,237.74462,250.257495,89,377,0.95,KG
288,SDC-VD0960508A,SDC-1450,item:021081,67.927034,67.927034,69,357,1.0,KG
288,SDC-VD0972460A,SDC-1450,item:021081,16.981759,16.981759,118,406,1.0,KG
288,SDC-VD0975221A,SDC-1450,item:021081,16.981759,16.981759,176,464,1.0,KG
288,SDC-1450,M-1810,item:007923,33299.087525,33299.087525,1,289,1.0,G
289,SDC-VD0520132A,M-1430,item:038005,79.953212,79.953212,102,391,1.0,KG
289,SDC-VD0914690A,M-1430,item:042342,275700.793449,275700.793449,19,308,1.0,UN
289,SDC-VD0525412A,M-1430,item:333362,4568.970095,4568.970095,43,332,1.0,UN
289,SDC-VD0993480A,M-1430,item:344135,4568.970095,4568.970095,28,317,1.0,UN
289,SDC-VD0520115A,M-1430,item:708073,36.231933,36.231933,29,318,1.0,KG
289,SDC-VD0508918A,M-1430,item:730384,968.62166,968.62166,69,358,1.0,M
289,SDC-VD1095770A,M-1430,item:734545,36.551761,36.551761,18,307,1.0,UN
289,SDC-1450,M-1430,item:773474,44112.117814,44112.117814,13,302,1.0,G
289,SDC-VD0951020A,M-1810,item:001757,16.704616,16.704616,61,350,1.0,KG
289,SDC-VD0519670A,M-1810,item:001848,8.769923,8.769923,25,314,1.0,KG
289,SDC-VD0951020A,M-1810,item:001848,3.758539,3.758539,22,311,1.0,KG
289,SDC-VD0910216A,M-1810,item:001893,55.542848,55.542848,23,312,1.0,KG
289,SDC-VD1091642A,M-1810,item:001893,15.869385,15.869385,23,312,1.0,KG
289,SDC-VD0518684A,M-1810,item:001893,7.934693,7.934693,82,371,1.0,KG
289,SDC-VD0910216A,M-1810,item:002612,5.63655,5.63655,31,320,1.0,KG
289,SDC-VD0990780A,M-1810,item:002612,4.176154,4.176154,62,351,1.0,KG
289,SDC-VD1091642A,M-1810,item:002612,1.044038,1.044038,5,294,1.0,KG
289,SDC-VD0500655A,M-1810,item:002612,1.044038,1.044038,18,307,1.0,KG
289,SDC-VD0990780A,M-1810,item:002612,8.979989,8.979989,70,359,1.0,KG
289,SDC-VD0514881A,M-1810,item:016332,5.011385,5.011385,30,319,1.0,KG
289,SDC-VD0519670A,M-1810,item:029313,0.417615,0.417615,33,322,1.0,KG
289,SDC-VD1096202A,M-1810,item:039668,0.417615,0.417615,70,359,1.0,KG
289,SDC-VD0520132A,M-1810,item:049371,15.45177,15.45177,89,378,1.0,KG
289,SDC-VD0914320A,M-1810,item:055703,0.584662,0.584662,20,309,1.0,KG
289,SDC-VD0964290A,M-1810,item:055703,0.250569,0.250569,28,317,1.0,KG
289,SDC-VD0505677A,M-1810,item:099439,20.88077,20.88077,22,311,1.0,KG
289,SDC-VD0901566A,M-1810,item:338928,10000.0,10000.0,44,333,1.0,UN
289,SDC-VD0914360C,M-1810,item:338929,10286.093567,10286.093567,54,343,1.0,UN
289,SDC-VD0989480A,M-1810,item:426331,113.147029,113.147029,37,326,1.0,UN
289,SDC-1450,M-1810,item:693055,4176.153988,4176.153988,60,349,1.0,G
289,M-1430,DC-1920,item:268967,4568.970095,4568.970095,3,292,1.0,UN
289,M-1810,DC-1920,item:268091,10286.093567,10286.093567,6,295,1.0,UN
289,DC-1920,C-XXXXX,item:268967,3997.830036,3997.830036,2,291,1.0,UN
289,DC-1920,C-XXXXX,item:268091,9234.764905,9234.764905,3,292,1.0,UN
289,SDC-VD0949099A,SDC-1450,item:021081,247.013085,260.013774,151,440,0.95,KG
289,SDC-VD0960508A,SDC-1450,item:021081,70.575167,70.575167,71,360,1.0,KG
289,SDC-VD0972460A,SDC-1450,item:021081,17.643792,17.643792,84,373,1.0,KG
289,SDC-VD0975221A,SDC-1450,item:021081,17.643792,17.643792,240,529,1.0,KG
289,SDC-1450,M-1810,item:007923,33409.231906,33409.231906,2,291,1.0,G
290,SDC-VD0520132A,M-1430,item:038005,80.017627,80.017627,151,441,1.0,KG
290,SDC-VD0914690A,M-1430,item:042342,275922.916425,275922.916425,9,299,1.0,UN
290,SDC-VD0525412A,M-1430,item:333362,4572.651162,4572.651162,50,340,1.0,UN
290,SDC-VD0993480A,M-1430,item:344135,4572.651162,4572.651162,36,326,1.0,UN
290,SDC-VD0520115A,M-1430,item:708073,36.261124,36.261124,18,308,1.0,KG
290,SDC-VD0508918A,M-1430,item:730384,969.402046,969.402046,20,310,1.0,M
290,SDC-VD1095770A,M-1430,item:734545,36.581209,36.581209,11,301,1.0,UN
290,SDC-1450,M-1430,item:773474,44147.657483,44147.657483,10,300,1.0,G
290,SDC-VD0951020A,M-1810,item:001757,16.71563,16.71563,42,332,1.0,KG
290,SDC-VD0519670A,M-1810,item:001848,8.775706,8.775706,35,325,1.0,KG
290,SDC-VD0951020A,M-1810,item:001848,3.761017,3.761017,29,319,1.0,KG
290,SDC-VD0910216A,M-1810,item:001893,55.579471,55.579471,26,316,1.0,KG
290,SDC-VD1091642A,M-1810,item:001893,15.879849,15.879849,33,323,1.0,KG
290,SDC-VD0518684A,M-1810,item:001893,7.939924,7.939924,27,317,1.0,KG
290,SDC-VD0910216A,M-1810,item:002612,6.947564,6.947564,25,315,1.0,KG
290,SDC-VD0990780A,M-1810,item:002612,4.178908,4.178908,70,360,1.0,KG
290,SDC-VD1091642A,M-1810,item:002612,1.044727,1.044727,45,335,1.0,KG
290,SDC-VD0500655A,M-1810,item:002612,1.044727,1.044727,40,330,1.0,KG
290,SDC-VD0990780A,M-1810,item:002612,7.678613,7.678613,13,303,1.0,KG
290,SDC-VD0514881A,M-1810,item:016332,5.014689,5.014689,59,349,1.0,KG
290,SDC-VD0519670A,M-1810,item:029313,0.417891,0.417891,32,322,1.0,KG
290,SDC-VD1096202A,M-1810,item:039668,0.417891,0.417891,37,327,1.0,KG
290,SDC-VD0520132A,M-1810,item:049371,15.461958,15.461958,122,412,1.0,KG
290,SDC-VD0914320A,M-1810,item:055703,0.585047,0.585047,13,303,1.0,KG
290,SDC-VD0964290A,M-1810,item:055703,0.250734,0.250734,66,356,1.0,KG
290,SDC-VD0505677A,M-1810,item:099439,20.894538,20.894538,61,351,1.0,KG
290,SDC-VD0901566A,M-1810,item:338928,10000.0,10000.0,33,323,1.0,UN
290,SDC-VD0914360C,M-1810,item:338929,10292.875857,10292.875857,25,315,1.0,UN
290,SDC-VD0989480A,M-1810,item:426331,113.221634,113.221634,20,310,1.0,UN
290,SDC-1450,M-1810,item:693055,4178.907598,4178.907598,16,306,1.0,G
290,M-1430,DC-1920,item:268967,4572.651162,4572.651162,3,293,1.0,UN
290,M-1810,DC-1920,item:268091,10292.875857,10292.875857,5,295,1.0,UN
290,DC-1920,C-XXXXX,item:268967,12547.278251,12547.278251,2,292,1.0,UN
290,DC-1920,C-XXXXX,item:268091,19317.463578,19317.463578,2,292,1.0,UN
290,SDC-VD0949099A,SDC-1450,item:021081,254.674888,268.078829,85,375,0.95,KG
290,SDC-VD0960508A,SDC-1450,item:021081,72.764254,72.764254,216,506,1.0,KG
290,SDC-VD0972460A,SDC-1450,item:021081,18.191063,18.191063,112,402,1.0,KG
290,SDC-VD0975221A,SDC-1450,item:021081,18.191063,18.191063,127,417,1.0,KG
290,SDC-1450,M-1810,item:007923,33431.260782,33431.260782,1,291,1.0,G
291,SDC-VD0520132A,M-1430,item:038005,80.030511,80.030511,146,437,1.0,KG
291,SDC-VD0914690A,M-1430,item:042342,275967.34102,275967.34102,42,333,1.0,UN
291,SDC-VD0525412A,M-1430,item:333362,4573.387376,4573.387376,32,323,1.0,UN
291,SDC-VD0993480A,M-1430,item:344135,4573.387376,4573.387376,22,313,1.0,UN
291,SDC-VD0520115A,M-1430,item:708073,36.266962,36.266962,27,318,1.0,KG
291,SDC-VD0508918A,M-1430,item:730384,969.558124,969.558124,17,308,1.0,M
291,SDC-VD1095770A,M-1430,item:734545,36.587099,36.587099,28,319,1.0,UN
291,SDC-1450,M-1430,item:773474,44154.765416,44154.765416,11,302,1.0,G
291,SDC-VD0951020A,M-1810,item:001757,16.717833,16.717833,105,396,1.0,KG
291,SDC-VD0519670A,M-1810,item:001848,8.776862,8.776862,19,310,1.0,KG
291,SDC-VD0951020A,M-1810,item:001848,3.761512,3.761512,66,357,1.0,KG
291,SDC-VD0910216A,M-1810,item:001893,47.923655,47.923655,10,301,1.0,KG
291,SDC-VD1091642A,M-1810,item:001893,15.881942,15.881942,52,343,1.0,KG
291,SDC-VD0518684A,M-1810,item:001893,7.940971,7.940971,32,323,1.0,KG
291,SDC-VD1091642A,M-1810,item:001893,7.66314,7.66314,65,356,1.0,KG
291,SDC-VD0910216A,M-1810,item:002612,7.209766,7.209766,31,322,1.0,KG
291,SDC-VD0990780A,M-1810,item:002612,4.179458,4.179458,37,328,1.0,KG
291,SDC-VD1091642A,M-1810,item:002612,1.044865,1.044865,28,319,1.0,KG
291,SDC-VD0500655A,M-1810,item:002612,1.044865,1.044865,36,327,1.0,KG
291,SDC-VD0990780A,M-1810,item:002612,7.418338,7.418338,25,316,1.0,KG
291,SDC-VD0514881A,M-1810,item:016332,5.01535,5.01535,53,344,1.0,KG
291,SDC-VD0519670A,M-1810,item:029313,0.417946,0.417946,46,337,1.0,KG
291,SDC-VD1096202A,M-1810,item:039668,0.417946,0.417946,53,344,1.0,KG
291,SDC-VD0520132A,M-1810,item:049371,15.463996,15.463996,50,341,1.0,KG
291,SDC-VD0914320A,M-1810,item:055703,0.585124,0.585124,20,311,1.0,KG
291,SDC-VD0964290A,M-1810,item:055703,0.250767,0.250767,52,343,1.0,KG
291,SDC-VD0505677A,M-1810,item:099439,20.897292,20.897292,23,314,1.0,KG
291,SDC-VD0901566A,M-1810,item:338928,10000.0,10000.0,81,372,1.0,UN
291,SDC-VD0914360C,M-1810,item:338929,10294.232315,10294.232315,30,321,1.0,UN
291,SDC-VD0989480A,M-1810,item:426331,113.236555,113.236555,13,304,1.0,UN
291,SDC-1450,M-1810,item:693055,4179.45832,4179.45832,93,384,1.0,G
291,M-1430,DC-1920,item:268967,4573.387376,4573.387376,2,293,1.0,UN
291,M-1810,DC-1920,item:268091,10294.232315,10294.232315,2,293,1.0,UN
291,DC-1920,C-XXXXX,item:268091,10252.18212,10252.18212,1,292,1.0,UN
291,SDC-VD0949099A,SDC-1450,item:021081,260.527479,274.239451,72,363,0.95,KG
291,SDC-VD0960508A,SDC-1450,item:021081,74.436423,74.436423,73,364,1.0,KG
291,SDC-VD0972460A,SDC-1450,item:021081,18.609106,18.609106,231,522,1.0,KG
291,SDC-VD0975221A,SDC-1450,item:021081,18.609106,18.609106,101,392,1.0,KG
291,SDC-1450,M-1810,item:007923,33435.666558,33435.666558,1,292,1.0,G
292,SDC-VD0520132A,M-1430,item:038005,80.033087,80.033087,231,523,1.0,KG
292,SDC-VD0914690A,M-1430,item:042342,275976.225939,275976.225939,18,310,1.0,UN
292,SDC-VD0525412A,M-1430,item:333362,4573.534618,4573.534618,38,330,1.0,UN
292,SDC-VD0993480A,M-1430,item:344135,4573.534618,4573.534618,15,307,1.0,UN
292,SDC-VD0520115A,M-1430,item:708073,36.26813,36.26813,31,323,1.0,KG
292,SDC-VD0508918A,M-1430,item:730384,969.589339,969.589339,25,317,1.0,M
292,SDC-VD1095770A,M-1430,item:734545,36.588277,36.588277,9,301,1.0,UN
292,SDC-1450,M-1430,item:773474,44156.187003,44156.187003,12,304,1.0,G
292,SDC-VD0951020A,M-1810,item:001757,16.718274,16.718274,63,355,1.0,KG
292,SDC-VD0519670A,M-1810,item:001848,8.777094,8.777094,14,306,1.0,KG
292,SDC-VD0951020A,M-1810,item:001848,3.761612,3.761612,26,318,1.0,KG
292,SDC-VD0910216A,M-1810,item:001893,27.596386,27.596386,32,324,1.0,KG
292,SDC-VD1091642A,M-1810,item:001893,15.88236,15.88236,17,309,1.0,KG
292,SDC-VD0518684A,M-1810,item:001893,7.94118,7.94118,11,303,1.0,KG
292,SDC-VD1091642A,M-1810,item:001893,27.991874,27.991874,65,357,1.0,KG
292,SDC-VD0910216A,M-1810,item:002612,7.262207,7.262207,56,348,1.0,KG
292,SDC-VD0990780A,M-1810,item:002612,4.179568,4.179568,23,315,1.0,KG
292,SDC-VD1091642A,M-1810,item:002612,1.044892,1.044892,60,352,1.0,KG
292,SDC-VD0500655A,M-1810,item:002612,1.044892,1.044892,23,315,1.0,KG
292,SDC-VD0990780A,M-1810,item:002612,7.366283,7.366283,34,326,1.0,KG
292,SDC-VD0514881A,M-1810,item:016332,5.015482,5.015482,40,332,1.0,KG
292,SDC-VD0519670A,M-1810,item:029313,0.417957,0.417957,37,329,1.0,KG
292,SDC-VD1096202A,M-1810,item:039668,0.417957,0.417957,19,311,1.0,KG
292,SDC-VD0520132A,M-1810,item:049371,15.464403,15.464403,226,518,1.0,KG
292,SDC-VD0914320A,M-1810,item:055703,0.58514,0.58514,10,302,1.0,KG
292,SDC-VD0964290A,M-1810,item:055703,0.250774,0.250774,32,324,1.0,KG
292,SDC-VD0505677A,M-1810,item:099439,20.897842,20.897842,20,312,1.0,KG
292,SDC-VD0901566A,M-1810,item:338928,10000.0,10000.0,65,357,1.0,UN
292,SDC-VD0914360C,M-1810,item:338929,10294.503606,10294.503606,17,309,1.0,UN
292,SDC-VD0989480A,M-1810,item:426331,113.23954,113.23954,9,301,1.0,UN
292,SDC-1450,M-1810,item:693055,4179.568464,4179.568464,70,362,1.0,G
292,M-1430,DC-1920,item:268967,4573.534618,4573.534618,2,294,1.0,UN
292,M-1810,DC-1920,item:268091,10294.503606,10294.503606,4,296,1.0,UN
292,DC-1920,C-XXXXX,item:268967,4568.970095,4568.970095,4,296,1.0,UN
292,SDC-VD0949099A,SDC-1450,item:021081,264.856606,278.796427,200,492,0.95,KG
292,SDC-VD0960508A,SDC-1450,item:021081,75.673316,75.673316,65,357,1.0,KG
292,SDC-VD0972460A,SDC-1450,item:021081,18.918329,18.918329,90,382,1.0,KG
292,SDC-VD0975221A,SDC-1450,item:021081,18.918329,18.918329,240,532,1.0,KG
292,SDC-1450,M-1810,item:007923,33436.547713,33436.547713,2,294,1.0,G
293,SDC-VD0520132A,M-1430,item:038005,80.033603,80.033603,133,426,1.0,KG
293,SDC-VD0914690A,M-1430,item:042342,275978.002923,275978.002923,15,308,1.0,UN
293,SDC-VD0525412A,M-1430,item:333362,4573.564067,4573.564067,28,321,1.0,UN
293,SDC-VD0993480A,M-1430,item:344135,4573.564067,4573.564067,60,353,1.0,UN
293,SDC-VD0520115A,M-1430,item:708073,36.268363,36.268363,23,316,1.0,KG
293,SDC-VD0508918A,M-1430,item:730384,969.595582,969.595582,50,343,1.0,M
293,SDC-VD1095770A,M-1430,item:734545,36.588513,36.588513,42,335,1.0,UN
293,SDC-1450,M-1430,item:773474,44156.471321,44156.471321,10,303,1.0,G
293,SDC-VD0951020A,M-1810,item:001757,16.718362,16.718362,81,374,1.0,KG
293,SDC-VD0519670A,M-1810,item:001848,8.77714,8.77714,30,323,1.0,KG
293,SDC-VD0951020A,M-1810,item:001848,3.761631,3.761631,49,342,1.0,KG
293,SDC-VD0910216A,M-1810,item:001893,27.636241,27.636241,21,314,1.0,KG
293,SDC-VD1091642A,M-1810,item:001893,15.882444,15.882444,54,347,1.0,KG
293,SDC-VD0518684A,M-1810,item:001893,7.941222,7.941222,54,347,1.0,KG
293,SDC-VD1091642A,M-1810,item:001893,27.952313,27.952313,20,313,1.0,KG
293,SDC-VD0910216A,M-1810,item:002612,7.272695,7.272695,15,308,1.0,KG
293,SDC-VD0990780A,M-1810,item:002612,4.17959,4.17959,45,338,1.0,KG
293,SDC-VD1091642A,M-1810,item:002612,1.044898,1.044898,16,309,1.0,KG
293,SDC-VD0500655A,M-1810,item:002612,1.044898,1.044898,18,311,1.0,KG
293,SDC-VD0990780A,M-1810,item:002612,7.355872,7.355872,15,308,1.0,KG
293,SDC-VD0514881A,M-1810,item:016332,5.015509,5.015509,61,354,1.0,KG
293,SDC-VD0519670A,M-1810,item:029313,0.417959,0.417959,53,346,1.0,KG
293,SDC-VD1096202A,M-1810,item:039668,0.417959,0.417959,23,316,1.0,KG
293,SDC-VD0520132A,M-1810,item:049371,15.464485,15.464485,168,461,1.0,KG
293,SDC-VD0914320A,M-1810,item:055703,0.585143,0.585143,6,299,1.0,KG
293,SDC-VD0964290A,M-1810,item:055703,0.250775,0.250775,55,348,1.0,KG
293,SDC-VD0505677A,M-1810,item:099439,20.897952,20.897952,70,363,1.0,KG
293,SDC-VD0901566A,M-1810,item:338928,10000.0,10000.0,50,343,1.0,UN
293,SDC-VD0914360C,M-1810,item:338929,10294.557864,10294.557864,36,329,1.0,UN
293,SDC-VD0989480A,M-1810,item:426331,113.240137,113.240137,20,313,1.0,UN
293,SDC-1450,M-1810,item:693055,4179.590493,4179.590493,109,402,1.0,G
293,M-1430,DC-1920,item:268967,4573.564067,4573.564067,5,298,1.0,UN
293,M-1810,DC-1920,item:268091,10294.557864,10294.557864,2,295,1.0,UN
293,DC-1920,C-XXXXX,item:268967,9146.038538,9146.038538,2,295,1.0,UN
293,DC-1920,C-XXXXX,item:268091,10294.232315,10294.232315,2,295,1.0,UN
293,SDC-VD0949099A,SDC-1450,item:021081,268.016994,282.123151,84,377,0.95,KG
293,SDC-VD0960508A,SDC-1450,item:021081,76.576284,76.576284,62,355,1.0,KG
293,SDC-VD0972460A,SDC-1450,item:021081,19.144071,19.144071,227,520,1.0,KG
293,SDC-VD0975221A,SDC-1450,item:021081,19.144071,19.144071,240,533,1.0,KG
293,SDC-1450,M-1810,item:007923,33436.723944,33436.723944,1,294,1.0,G
294,SDC-VD0520132A,M-1430,item:038005,90.995715,90.995715,61,355,1.0,KG
294,SDC-VD0914690A,M-1430,item:042342,313778.4,313778.4,15,309,1.0,UN
294,SDC-VD0525412A,M-1430,item:333362,5200.0,5200.0,62,356,1.0,UN
294,SDC-VD0993480A,M-1430,item:344135,5200.0,5200.0,41,335,1.0,UN
294,SDC-VD0520115A,M-1430,item:708073,41.236,41.236,35,329,1.0,KG
294,SDC-VD0508918A,M-1430,item:730384,1102.4,1102.4,29,323,1.0,M
294,SDC-VD1095770A,M-1430,item:734545,41.6,41.6,29,323,1.0,UN
294,SDC-1450,M-1430,item:773474,50204.5336,50204.5336,6,300,1.0,G
294,SDC-VD0951020A,M-1810,item:001757,18.212088,18.212088,84,378,1.0,KG
294,SDC-VD0519670A,M-1810,item:001848,9.561346,9.561346,16,310,1.0,KG
294,SDC-VD0951020A,M-1810,item:001848,4.09772,4.09772,36,330,1.0,KG
294,SDC-VD0910216A,M-1810,item:001893,27.644212,27.644212,43,337,1.0,KG
294,SDC-VD1091642A,M-1810,item:001893,17.301484,17.301484,12,306,1.0,KG
294,SDC-VD0518684A,M-1810,item:001893,8.650742,8.650742,76,370,1.0,KG
294,SDC-VD1091642A,M-1810,item:001893,32.910982,32.910982,19,313,1.0,KG
294,SDC-VD0910216A,M-1810,item:002612,7.274793,7.274793,47,341,1.0,KG
294,SDC-VD0990780A,M-1810,item:002612,4.553022,4.553022,53,347,1.0,KG
294,SDC-VD1091642A,M-1810,item:002612,1.138256,1.138256,43,337,1.0,KG
294,SDC-VD0500655A,M-1810,item:002612,1.138256,1.138256,6,300,1.0,KG
294,SDC-VD0990780A,M-1810,item:002612,8.660785,8.660785,41,335,1.0,KG
294,SDC-VD0514881A,M-1810,item:016332,5.463627,5.463627,61,355,1.0,KG
294,SDC-VD0519670A,M-1810,item:029313,0.455302,0.455302,63,357,1.0,KG
294,SDC-VD1096202A,M-1810,item:039668,0.455302,0.455302,27,321,1.0,KG
294,SDC-VD0520132A,M-1810,item:049371,16.846182,16.846182,50,344,1.0,KG
294,SDC-VD0914320A,M-1810,item:055703,0.637423,0.637423,33,327,1.0,KG
294,SDC-VD0964290A,M-1810,item:055703,0.273181,0.273181,56,350,1.0,KG
294,SDC-VD0505677A,M-1810,item:099439,22.76511,22.76511,35,329,1.0,KG
294,SDC-VD0901566A,M-1810,item:338928,10000.0,10000.0,46,340,1.0,UN
294,SDC-VD0914360C,M-1810,item:338929,11214.340144,11214.340144,27,321,1.0,UN
294,SDC-VD0989480A,M-1810,item:426331,123.357742,123.357742,51,345,1.0,UN
294,SDC-1450,M-1810,item:693055,4553.022098,4553.022098,67,361,1.0,G
294,M-1430,DC-1920,item:268967,5200.0,5200.0,3,297,1.0,UN
294,M-1810,DC-1920,item:268091,11214.340144,11214.340144,4,298,1.0,UN
294,DC-1920,C-XXXXX,item:268967,4573.534618,4573.534618,2,296,1.0,UN
294,SDC-VD0949099A,SDC-1450,item:021081,270.311912,284.538855,97,391,0.95,KG
294,SDC-VD0960508A,SDC-1450,item:021081,77.231975,77.231975,156,450,1.0,KG
294,SDC-VD0972460A,SDC-1450,item:021081,19.307994,19.307994,118,412,1.0,KG
294,SDC-VD0975221A,SDC-1450,item:021081,19.307994,19.307994,40,334,1.0,KG
294,SDC-1450,M-1810,item:007923,36424.176788,36424.176788,2,296,1.0,G
295,SDC-VD0520132A,M-1430,item:038005,90.995715,90.995715,35,330,1.0,KG
295,SDC-VD0914690A,M-1430,item:042342,313778.4,313778.4,10,305,1.0,UN
295,SDC-VD0525412A,M-1430,item:333362,5200.0,5200.0,52,347,1.0,UN
295,SDC-VD0993480A,M-1430,item:344135,5200.0,5200.0,33,328,1.0,UN
295,SDC-VD0520115A,M-1430,item:708073,41.236,41.236,42,337,1.0,KG
295,SDC-VD0508918A,M-1430,item:730384,1102.4,1102.4,62,357,1.0,M
295,SDC-VD1095770A,M-1430,item:734545,41.6,41.6,35,330,1.0,UN
295,SDC-1450,M-1430,item:773474,50204.5336,50204.5336,3,298,1.0,G
295,SDC-VD0951020A,M-1810,item:001757,18.510834,18.510834,32,327,1.0,KG
295,SDC-VD0519670A,M-1810,item:001848,9.718188,9.718188,31,326,1.0,KG
295,SDC-VD0951020A,M-1810,item:001848,4.164938,4.164938,57,352,1.0,KG
295,SDC-VD0910216A,M-1810,item:001893,27.645806,27.645806,17,312,1.0,KG
295,SDC-VD1091642A,M-1810,item:001893,17.585292,17.585292,50,345,1.0,KG
295,SDC-VD0518684A,M-1810,item:001893,8.792646,8.792646,40,335,1.0,KG
295,SDC-VD1091642A,M-1810,item:001893,33.902716,33.902716,52,347,1.0,KG
295,SDC-VD0910216A,M-1810,item:002612,7.275212,7.275212,28,323,1.0,KG
295,SDC-VD0990780A,M-1810,item:002612,4.627708,4.627708,61,356,1.0,KG
295,SDC-VD1091642A,M-1810,item:002612,1.156927,1.156927,52,347,1.0,KG
295,SDC-VD0500655A,M-1810,item:002612,1.156927,1.156927,56,351,1.0,KG
295,SDC-VD0990780A,M-1810,item:002612,8.921767,8.921767,36,331,1.0,KG
295,SDC-VD0514881A,M-1810,item:016332,5.55325,5.55325,73,368,1.0,KG
295,SDC-VD0519670A,M-1810,item:029313,0.462771,0.462771,48,343,1.0,KG
295,SDC-VD1096202A,M-1810,item:039668,0.462771,0.462771,15,310,1.0,KG
295,SDC-VD0520132A,M-1810,item:049371,17.122521,17.122521,139,434,1.0,KG
295,SDC-VD0914320A,M-1810,item:055703,0.647879,0.647879,25,320,1.0,KG
295,SDC-VD0964290A,M-1810,item:055703,0.277663,0.277663,22,317,1.0,KG
295,SDC-VD0505677A,M-1810,item:099439,23.138542,23.138542,19,314,1.0,KG
295,SDC-VD0901566A,M-1810,item:338928,10000.0,10000.0,28,323,1.0,UN
295,SDC-VD0914360C,M-1810,item:338929,11398.2966,11398.2966,42,337,1.0,UN
295,SDC-VD0989480A,M-1810,item:426331,125.381263,125.381263,3,298,1.0,UN
295,SDC-1450,M-1810,item:693055,4627.70842,4627.70842,129,424,1.0,G
295,M-1430,DC-1920,item:268967,5200.0,5200.0,2,297,1.0,UN
295,M-1810,DC-1920,item:268091,11398.2966,11398.2966,3,298,1.0,UN
295,DC-1920,C-XXXXX,item:268091,30873.527288,30873.527288,3,298,1.0,UN
295,SDC-VD0949099A,SDC-1450,item:021081,279.544507,294.257376,70,365,0.95,KG
295,SDC-VD0960508A,SDC-1450,item:021081,79.869859,79.869859,120,415,1.0,KG
295,SDC-VD0972460A,SDC-1450,item:021081,19.967465,19.967465,70,365,1.0,KG
295,SDC-VD0975221A,SDC-1450,item:021081,19.967465,19.967465,152,447,1.0,KG
295,SDC-1450,M-1810,item:007923,37021.667357,37021.667357,1,296,1.0,G
296,SDC-VD0520132A,M-1430,item:038005,90.995715,90.995715,308,604,1.0,KG
296,SDC-VD0914690A,M-1430,item:042342,313778.4,313778.4,6,302,1.0,UN
296,SDC-VD0525412A,M-1430,item:333362,5200.0,5200.0,50,346,1.0,UN
296,SDC-VD0993480A,M-1430,item:344135,5200.0,5200.0,13,309,1.0,UN
296,SDC-VD0520115A,M-1430,item:708073,41.236,41.236,20,316,1.0,KG
296,SDC-VD0508918A,M-1430,item:730384,1102.4,1102.4,36,332,1.0,M
296,SDC-VD1095770A,M-1430,item:734545,41.6,41.6,27,323,1.0,UN
296,SDC-1450,M-1430,item:773474,50204.5336,50204.5336,21,317,1.0,G
296,SDC-VD0951020A,M-1810,item:001757,18.570583,18.570583,68,364,1.0,KG
296,SDC-VD0519670A,M-1810,item:001848,9.749556,9.749556,29,325,1.0,KG
296,SDC-VD0951020A,M-1810,item:001848,4.178381,4.178381,67,363,1.0,KG
296,SDC-VD0910216A,M-1810,item:001893,27.646125,27.646125,33,329,1.0,KG
296,SDC-VD1091642A,M-1810,item:001893,17.642054,17.642054,56,352,1.0,KG
296,SDC-VD0518684A,M-1810,item:001893,8.821027,8.821027,35,331,1.0,KG
296,SDC-VD1091642A,M-1810,item:001893,34.101063,34.101063,40,336,1.0,KG
296,SDC-VD0910216A,M-1810,item:002612,7.275296,7.275296,51,347,1.0,KG
296,SDC-VD0990780A,M-1810,item:002612,4.642646,4.642646,14,310,1.0,KG
296,SDC-VD1091642A,M-1810,item:002612,1.160661,1.160661,15,311,1.0,KG
296,SDC-VD0500655A,M-1810,item:002612,1.160661,1.160661,13,309,1.0,KG
296,SDC-VD0990780A,M-1810,item:002612,8.80777,8.80777,14,310,1.0,KG
296,SDC-VD1091642A,M-1810,item:002612,0.166194,0.166194,27,323,1.0,KG
296,SDC-VD0514881A,M-1810,item:016332,5.571175,5.571175,56,352,1.0,KG
296,SDC-VD0519670A,M-1810,item:029313,0.464265,0.464265,103,399,1.0,KG
296,SDC-VD1096202A,M-1810,item:039668,0.464265,0.464265,50,346,1.0,KG
296,SDC-VD0520132A,M-1810,item:049371,17.177789,17.177789,81,377,1.0,KG
296,SDC-VD0914320A,M-1810,item:055703,0.64997,0.64997,31,327,1.0,KG
296,SDC-VD0964290A,M-1810,item:055703,0.278559,0.278559,83,379,1.0,KG
296,SDC-VD0505677A,M-1810,item:099439,23.213228,23.213228,39,335,1.0,KG
296,SDC-VD0901566A,M-1810,item:338928,10000.0,10000.0,73,369,1.0,UN
296,SDC-VD0914360C,M-1810,item:338929,11435.087891,11435.087891,59,355,1.0,UN
296,SDC-VD0989480A,M-1810,item:426331,125.785967,125.785967,10,306,1.0,UN
296,SDC-1450,M-1810,item:693055,4642.645684,4642.645684,110,406,1.0,G
296,M-1430,DC-1920,item:268967,5200.0,5200.0,2,298,1.0,UN
296,M-1810,DC-1920,item:268091,11435.087891,11435.087891,2,298,1.0,UN
296,DC-1920,C-XXXXX,item:268091,10294.503606,10294.503606,3,299,1.0,UN
296,SDC-VD0949099A,SDC-1450,item:021081,288.318119,303.492757,124,420,0.95,KG
296,SDC-VD0960508A,SDC-1450,item:021081,82.376606,82.376606,66,362,1.0,KG
296,SDC-VD0972460A,SDC-1450,item:021081,20.594151,20.594151,61,357,1.0,KG
296,SDC-VD0975221A,SDC-1450,item:021081,20.594151,20.594151,123,419,1.0,KG
296,SDC-1450,M-1810,item:007923,37141.165471,37141.165471,1,297,1.0,G
297,SDC-VD0520132A,M-1430,item:038005,90.995715,90.995715,98,395,1.0,KG
297,SDC-VD0914690A,M-1430,item:042342,313778.4,313778.4,30,327,1.0,UN
297,SDC-VD0525412A,M-1430,item:333362,5200.0,5200.0,99,396,1.0,UN
297,SDC-VD0993480A,M-1430,item:344135,5200.0,5200.0,38,335,1.0,UN
297,SDC-VD0520115A,M-1430,item:708073,41.236,41.236,35,332,1.0,KG
297,SDC-VD0508918A,M-1430,item:730384,1102.4,1102.4,51,348,1.0,M
297,SDC-VD1095770A,M-1430,item:734545,41.6,41.6,14,311,1.0,UN
297,SDC-1450,M-1430,item:773474,50204.5336,50204.5336,7,304,1.0,G
297,SDC-VD0951020A,M-1810,item:001757,18.582533,18.582533,30,327,1.0,KG
297,SDC-VD0519670A,M-1810,item:001848,9.75583,9.75583,15,312,1.0,KG
297,SDC-VD0951020A,M-1810,item:001848,4.18107,4.18107,106,403,1.0,KG
297,SDC-VD0910216A,M-1810,item:001893,28.472512,28.472512,8,305,1.0,KG
297,SDC-VD1091642A,M-1810,item:001893,17.653406,17.653406,32,329,1.0,KG
297,SDC-VD0518684A,M-1810,item:001893,8.826703,8.826703,45,342,1.0,KG
297,SDC-VD1091642A,M-1810,item:001893,33.314408,33.314408,43,340,1.0,KG
297,SDC-VD0910216A,M-1810,item:002612,7.492766,7.492766,21,318,1.0,KG
297,SDC-VD0990780A,M-1810,item:002612,4.645633,4.645633,51,348,1.0,KG
297,SDC-VD1091642A,M-1810,item:002612,1.161408,1.161408,39,336,1.0,KG
297,SDC-VD0500655A,M-1810,item:002612,1.161408,1.161408,36,333,1.0,KG
297,SDC-VD0990780A,M-1810,item:002612,2.179492,2.179492,37,334,1.0,KG
297,SDC-VD1091642A,M-1810,item:002612,6.587458,6.587458,41,338,1.0,KG
297,SDC-VD0514881A,M-1810,item:016332,5.57476,5.57476,27,324,1.0,KG
297,SDC-VD0519670A,M-1810,item:029313,0.464563,0.464563,55,352,1.0,KG
297,SDC-VD1096202A,M-1810,item:039668,0.464563,0.464563,34,331,1.0,KG
297,SDC-VD0520132A,M-1810,item:049371,17.188843,17.188843,132,429,1.0,KG
297,SDC-VD0914320A,M-1810,item:055703,0.650389,0.650389,16,313,1.0,KG
297,SDC-VD0964290A,M-1810,item:055703,0.278738,0.278738,12,309,1.0,KG
297,SDC-VD0505677A,M-1810,item:099439,23.228166,23.228166,30,327,1.0,KG
297,SDC-VD0901566A,M-1810,item:338928,10000.0,10000.0,140,437,1.0,UN
297,SDC-VD0914360C,M-1810,item:338929,11442.446149,11442.446149,26,323,1.0,UN
297,SDC-VD0989480A,M-1810,item:426331,125.866908,125.866908,12,309,1.0,UN
297,SDC-1450,M-1810,item:693055,4645.633137,4645.633137,96,393,1.0,G
297,M-1430,DC-1920,item:268967,5200.0,5200.0,2,299,1.0,UN
297,M-1810,DC-1920,item:268091,11442.446149,11442.446149,3,300,1.0,UN
297,DC-1920,C-XXXXX,item:268967,10400.0,10400.0,3,300,1.0,UN
297,SDC-VD0949099A,SDC-1450,item:021081,295.245212,310.784434,81,378,0.95,KG
297,SDC-VD0960508A,SDC-1450,item:021081,84.355775,84.355775,118,415,1.0,KG
297,SDC-VD0972460A,SDC-1450,item:021081,21.088944,21.088944,147,444,1.0,KG
297,SDC-VD0975221A,SDC-1450,item:021081,21.088944,21.088944,106,403,1.0,KG
297,SDC-1450,M-1810,item:007923,37165.065093,37165.065093,2,299,1.0,G
298,SDC-VD0520132A,M-1430,item:038005,90.995715,90.995715,49,347,1.0,KG
298,SDC-VD0914690A,M-1430,item:042342,313778.4,313778.4,10,308,1.0,UN
298,SDC-VD0525412A,M-1430,item:333362,5200.0,5200.0,42,340,1.0,UN
298,SDC-VD0993480A,M-1430,item:344135,5200.0,5200.0,26,324,1.0,UN
298,SDC-VD0520115A,M-1430,item:708073,41.236,41.236,31,329,1.0,KG
298,SDC-VD0508918A,M-1430,item:730384,1102.4,1102.4,37,335,1.0,M
298,SDC-VD1095770A,M-1430,item:734545,41.6,41.6,35,333,1.0,UN
298,SDC-1450,M-1430,item:773474,50204.5336,50204.5336,16,314,1.0,G
298,SDC-VD0951020A,M-1810,item:001757,18.584923,18.584923,155,453,1.0,KG
298,SDC-VD0519670A,M-1810,item:001848,9.757084,9.757084,25,323,1.0,KG
298,SDC-VD0951020A,M-1810,item:001848,4.181608,4.181608,70,368,1.0,KG
298,SDC-VD0910216A,M-1810,item:001893,28.63779,28.63779,49,347,1.0,KG
298,SDC-VD1091642A,M-1810,item:001893,17.655676,17.655676,84,382,1.0,KG
298,SDC-VD0518684A,M-1810,item:001893,8.827838,8.827838,16,314,1.0,KG
298,SDC-VD1091642A,M-1810,item:001893,33.157078,33.157078,46,344,1.0,KG
298,SDC-VD0910216A,M-1810,item:002612,7.53626,7.53626,42,340,1.0,KG
298,SDC-VD0990780A,M-1810,item:002612,4.646231,4.646231,27,325,1.0,KG
298,SDC-VD1091642A,M-1810,item:002612,1.161558,1.161558,27,325,1.0,KG
298,SDC-VD0500655A,M-1810,item:002612,1.161558,1.161558,30,328,1.0,KG
298,SDC-VD0990780A,M-1810,item:002612,2.072171,2.072171,54,352,1.0,KG
298,SDC-VD1091642A,M-1810,item:002612,6.653376,6.653376,68,366,1.0,KG
298,SDC-VD0514881A,M-1810,item:016332,5.575477,5.575477,83,381,1.0,KG
298,SDC-VD0519670A,M-1810,item:029313,0.464623,0.464623,38,336,1.0,KG
298,SDC-VD1096202A,M-1810,item:039668,0.464623,0.464623,27,325,1.0,KG
298,SDC-VD0520132A,M-1810,item:049371,17.191053,17.191053,210,508,1.0,KG
298,SDC-VD0914320A,M-1810,item:055703,0.650472,0.650472,38,336,1.0,KG
298,SDC-VD0964290A,M-1810,item:055703,0.278774,0.278774,31,329,1.0,KG
298,SDC-VD0505677A,M-1810,item:099439,23.231153,23.231153,70,368,1.0,KG
298,SDC-VD0901566A,M-1810,item:338928,10000.0,10000.0,140,438,1.0,UN
298,SDC-VD0914360C,M-1810,item:338929,11443.917801,11443.917801,55,353,1.0,UN
298,SDC-VD0989480A,M-1810,item:426331,125.883096,125.883096,48,346,1.0,UN
298,SDC-1450,M-1810,item:693055,4646.230627,4646.230627,78,376,1.0,G
298,M-1430,DC-1920,item:268967,5200.0,5200.0,2,300,1.0,UN
298,M-1810,DC-1920,item:268091,11443.917801,11443.917801,3,301,1.0,UN
298,DC-1920,C-XXXXX,item:268967,9773.564067,9773.564067,3,301,1.0,UN
298,DC-1920,C-XXXXX,item:268091,34047.724635,34047.724635,1,299,1.0,UN
298,SDC-VD0949099A,SDC-1450,item:021081,300.417582,316.229034,46,344,0.95,KG
298,SDC-VD0960508A,SDC-1450,item:021081,85.833595,85.833595,147,445,1.0,KG
298,SDC-VD0972460A,SDC-1450,item:021081,21.458399,21.458399,147,445,1.0,KG
298,SDC-VD0975221A,SDC-1450,item:021081,21.458399,21.458399,46,344,1.0,KG
298,SDC-1450,M-1810,item:007923,37169.845018,37169.845018,2,300,1.0,G
299,SDC-VD0520132A,M-1430,item:038005,90.995715,90.995715,124,423,1.0,KG
299,SDC-VD0914690A,M-1430,item:042342,313778.4,313778.4,7,306,1.0,UN
299,SDC-VD0525412A,M-1430,item:333362,5200.0,5200.0,15,314,1.0,UN
299,SDC-VD0993480A,M-1430,item:344135,5200.0,5200.0,24,323,1.0,UN
299,SDC-VD0520115A,M-1430,item:708073,41.236,41.236,34,333,1.0,KG
299,SDC-VD0508918A,M-1430,item:730384,1102.4,1102.4,93,392,1.0,M
299,SDC-VD1095770A,M-1430,item:734545,41.6,41.6,17,316,1.0,UN
299,SDC-1450,M-1430,item:773474,50204.5336,50204.5336,3,302,1.0,G
299,SDC-VD0951020A,M-1810,item:001757,18.585401,18.585401,91,390,1.0,KG
299,SDC-VD0519670A,M-1810,item:001848,8.790673,8.790673,42,341,1.0,KG
299,SDC-VD0951020A,M-1810,item:001848,4.181715,4.181715,28,327,1.0,KG
299,SDC-VD0951020A,M-1810,item:001848,0.966662,0.966662,20,319,1.0,KG
299,SDC-VD0910216A,M-1810,item:001893,28.670845,28.670845,30,329,1.0,KG
299,SDC-VD1091642A,M-1810,item:001893,17.65613,17.65613,50,349,1.0,KG
299,SDC-VD0518684A,M-1810,item:001893,8.828065,8.828065,24,323,1.0,KG
299,SDC-VD1091642A,M-1810,item:001893,33.125611,33.125611,24,323,1.0,KG
299,SDC-VD0910216A,M-1810,item:002612,7.544959,7.544959,59,358,1.0,KG
299,SDC-VD0990780A,M-1810,item:002612,4.64635,4.64635,20,319,1.0,KG
299,SDC-VD1091642A,M-1810,item:002612,1.161588,1.161588,13,312,1.0,KG
299,SDC-VD0500655A,M-1810,item:002612,1.161588,1.161588,23,322,1.0,KG
299,SDC-VD0990780A,M-1810,item:002612,2.050707,2.050707,9,308,1.0,KG
299,SDC-VD1091642A,M-1810,item:002612,6.666559,6.666559,28,327,1.0,KG
299,SDC-VD0514881A,M-1810,item:016332,5.57562,5.57562,98,397,1.0,KG
299,SDC-VD0519670A,M-1810,item:029313,0.464635,0.464635,22,321,1.0,KG
299,SDC-VD1096202A,M-1810,item:039668,0.464635,0.464635,14,313,1.0,KG
299,SDC-VD0520132A,M-1810,item:049371,17.191495,17.191495,102,401,1.0,KG
299,SDC-VD0914320A,M-1810,item:055703,0.650489,0.650489,21,320,1.0,KG
299,SDC-VD0964290A,M-1810,item:055703,0.278781,0.278781,61,360,1.0,KG
299,SDC-VD0505677A,M-1810,item:099439,23.231751,23.231751,21,320,1.0,KG
299,SDC-VD0901566A,M-1810,item:338928,10000.0,10000.0,123,422,1.0,UN
299,SDC-VD0914360C,M-1810,item:338929,11444.212131,11444.212131,57,356,1.0,UN
299,SDC-VD0989480A,M-1810,item:426331,125.886333,125.886333,45,344,1.0,UN
299,SDC-1450,M-1810,item:693055,4646.350125,4646.350125,46,345,1.0,G
299,M-1430,DC-1920,item:268967,5200.0,5200.0,3,302,1.0,UN
299,M-1810,DC-1920,item:268091,11444.212131,11444.212131,3,302,1.0,UN
299,DC-1920,C-XXXXX,item:268967,5200.0,5200.0,1,300,1.0,UN
299,SDC-VD0949099A,SDC-1450,item:021081,304.204534,320.215299,139,438,0.95,KG
299,SDC-VD0960508A,SDC-1450,item:021081,86.915581,86.915581,186,485,1.0,KG
299,SDC-VD0972460A,SDC-1450,item:021081,21.728895,21.728895,142,441,1.0,KG
299,SDC-VD0975221A,SDC-1450,item:021081,21.728895,21.728895,80,379,1.0,KG
299,SDC-1450,M-1810,item:007923,37170.801003,37170.801003,1,300,1.0,G
300,SDC-VD0520132A,M-1430,item:038005,90.995715,90.995715,58,358,1.0,KG
300,SDC-VD0914690A,M-1430,item:042342,313778.4,313778.4,36,336,1.0,UN
300,SDC-VD0525412A,M-1430,item:333362,5200.0,5200.0,56,356,1.0,UN
300,SDC-VD0993480A,M-1430,item:344135,5200.0,5200.0,25,325,1.0,UN
300,SDC-VD0520115A,M-1430,item:708073,41.236,41.236,40,340,1.0,KG
300,SDC-VD0508918A,M-1430,item:730384,1102.4,1102.4,30,330,1.0,M
300,SDC-VD1095770A,M-1430,item:734545,41.6,41.6,32,332,1.0,UN
300,SDC-1450,M-1430,item:773474,50204.5336,50204.5336,12,312,1.0,G
300,SDC-VD0951020A,M-1810,item:001757,18.585496,18.585496,58,358,1.0,KG
300,SDC-VD0519670A,M-1810,item:001848,6.644858,6.644858,24,324,1.0,KG
300,SDC-VD0951020A,M-1810,item:001848,4.181737,4.181737,112,412,1.0,KG
300,SDC-VD0951020A,M-1810,item:001848,3.112527,3.112527,42,342,1.0,KG
300,SDC-VD0910216A,M-1810,item:001893,28.677456,28.677456,44,344,1.0,KG
300,SDC-VD1091642A,M-1810,item:001893,17.656221,17.656221,53,353,1.0,KG
300,SDC-VD0518684A,M-1810,item:001893,8.828111,8.828111,84,384,1.0,KG
300,SDC-VD1091642A,M-1810,item:001893,33.119318,33.119318,42,342,1.0,KG
300,SDC-VD0910216A,M-1810,item:002612,7.546699,7.546699,34,334,1.0,KG
300,SDC-VD0990780A,M-1810,item:002612,2.982152,2.982152,47,347,1.0,KG
300,SDC-VD1091642A,M-1810,item:002612,1.161594,1.161594,60,360,1.0,KG
300,SDC-VD0500655A,M-1810,item:002612,1.161594,1.161594,27,327,1.0,KG
300,SDC-VD1091642A,M-1810,item:002612,10.379833,10.379833,37,337,1.0,KG
300,SDC-VD0514881A,M-1810,item:016332,5.575649,5.575649,34,334,1.0,KG
300,SDC-VD0519670A,M-1810,item:029313,0.464637,0.464637,26,326,1.0,KG
300,SDC-VD1096202A,M-1810,item:039668,0.464637,0.464637,38,338,1.0,KG
300,SDC-VD0520132A,M-1810,item:049371,17.191584,17.191584,71,371,1.0,KG
300,SDC-VD0914320A,M-1810,item:055703,0.650492,0.650492,20,320,1.0,KG
300,SDC-VD0964290A,M-1810,item:055703,0.278782,0.278782,73,373,1.0,KG
300,SDC-VD0505677A,M-1810,item:099439,23.23187,23.23187,48,348,1.0,KG
300,SDC-VD0901566A,M-1810,item:338928,10000.0,10000.0,25,325,1.0,UN
300,SDC-VD0914360C,M-1810,item:338929,11444.270997,11444.270997,49,349,1.0,UN
300,SDC-VD0989480A,M-1810,item:426331,125.886981,125.886981,32,332,1.0,UN
300,SDC-1450,M-1810,item:693055,4646.374025,4646.374025,43,343,1.0,G
300,M-1430,DC-1920,item:268967,5200.0,5200.0,6,306,1.0,UN
300,M-1810,DC-1920,item:268091,11444.270997,11444.270997,5,305,1.0,UN
300,DC-1920,C-XXXXX,item:268967,5200.0,5200.0,1,301,1.0,UN
300,DC-1920,C-XXXXX,item:268091,11442.446149,11442.446149,4,304,1.0,UN
300,SDC-VD0949099A,SDC-1450,item:021081,306.957012,323.112644,197,497,0.95,KG
300,SDC-VD0960508A,SDC-1450,item:021081,87.702003,87.702003,177,477,1.0,KG
300,SDC-VD0972460A,SDC-1450,item:021081,21.925501,21.925501,216,516,1.0,KG
300,SDC-VD0975221A,SDC-1450,item:021081,21.925501,21.925501,39,339,1.0,KG
300,SDC-1450,M-1810,item:007923,37170.9922,37170.9922,1,301,1.0,G
301,SDC-VD0520132A,M-1430,item:038005,74.9809,74.9809,123,424,1.0,KG
301,SDC-VD0914690A,M-1430,item:042342,258554.88637,258554.88637,41,342,1.0,UN
301,SDC-VD0525412A,M-1430,item:333362,4284.824606,4284.824606,21,322,1.0,UN
301,SDC-VD0993480A,M-1430,item:344135,4284.824606,4284.824606,48,349,1.0,UN
301,SDC-VD0520115A,M-1430,item:708073,33.978659,33.978659,20,321,1.0,KG
301,SDC-VD0508918A,M-1430,item:730384,908.382816,908.382816,92,393,1.0,M
301,SDC-VD1095770A,M-1430,item:734545,34.278597,34.278597,18,319,1.0,UN
301,SDC-1450,M-1430,item:773474,41368.773249,41368.773249,10,311,1.0,G
301,SDC-VD0951020A,M-1810,item:001757,13.285707,13.285707,58,359,1.0,KG
301,SDC-VD0519670A,M-1810,item:001848,6.974996,6.974996,15,316,1.0,KG
301,SDC-VD0951020A,M-1810,item:001848,2.989284,2.989284,44,345,1.0,KG
301,SDC-VD0910216A,M-1810,item:001893,28.678779,28.678779,27,328,1.0,KG
301,SDC-VD1091642A,M-1810,item:001893,12.621422,12.621422,26,327,1.0,KG
301,SDC-VD0518684A,M-1810,item:001893,6.310711,6.310711,76,377,1.0,KG
301,SDC-VD1091642A,M-1810,item:001893,15.496198,15.496198,5,306,1.0,KG
301,SDC-VD0910216A,M-1810,item:002612,7.547047,7.547047,27,328,1.0,KG
301,SDC-VD0990780A,M-1810,item:002612,2.156299,2.156299,70,371,1.0,KG
301,SDC-VD1091642A,M-1810,item:002612,0.830357,0.830357,57,358,1.0,KG
301,SDC-VD0500655A,M-1810,item:002612,0.830357,0.830357,15,316,1.0,KG
301,SDC-VD1091642A,M-1810,item:002612,5.243074,5.243074,34,335,1.0,KG
301,SDC-VD0514881A,M-1810,item:016332,3.985712,3.985712,69,370,1.0,KG
301,SDC-VD0519670A,M-1810,item:029313,0.332143,0.332143,54,355,1.0,KG
301,SDC-VD1096202A,M-1810,item:039668,0.332143,0.332143,46,347,1.0,KG
301,SDC-VD0520132A,M-1810,item:049371,12.289279,12.289279,147,448,1.0,KG
301,SDC-VD0914320A,M-1810,item:055703,0.465,0.465,23,324,1.0,KG
301,SDC-VD0964290A,M-1810,item:055703,0.199286,0.199286,79,380,1.0,KG
301,SDC-VD0505677A,M-1810,item:099439,16.607134,16.607134,52,353,1.0,KG
301,SDC-VD0901566A,M-1810,item:338928,10000.0,10000.0,63,364,1.0,UN
301,SDC-VD0914360C,M-1810,item:338929,8180.854199,8180.854199,27,328,1.0,UN
301,SDC-VD0989480A,M-1810,item:426331,89.989396,89.989396,49,350,1.0,UN
301,SDC-1450,M-1810,item:693055,3321.426805,3321.426805,115,416,1.0,G
301,M-1430,DC-1920,item:268967,4284.824606,4284.824606,3,304,1.0,UN
301,M-1810,DC-1920,item:268091,8180.854199,8180.854199,2,303,1.0,UN
301,DC-1920,C-XXXXX,item:268091,11443.917801,11443.917801,3,304,1.0,UN
301,SDC-VD0949099A,SDC-1450,item:021081,308.952099,325.212736,85,386,0.95,KG
301,SDC-VD0960508A,SDC-1450,item:021081,88.272028,88.272028,39,340,1.0,KG
301,SDC-VD0972460A,SDC-1450,item:021081,22.068007,22.068007,141,442,1.0,KG
301,SDC-VD0975221A,SDC-1450,item:021081,22.068007,22.068007,53,354,1.0,KG
301,SDC-1450,M-1810,item:007923,26571.41444,26571.41444,1,302,1.0,G
302,SDC-VD0520132A,M-1430,item:038005,68.549658,68.549658,147,449,1.0,KG
302,SDC-VD0914690A,M-1430,item:042342,236378.185939,236378.185939,11,313,1.0,UN
302,SDC-VD0525412A,M-1430,item:333362,3917.307778,3917.307778,54,356,1.0,UN
302,SDC-VD0993480A,M-1430,item:344135,3917.307778,3917.307778,30,332,1.0,UN
302,SDC-VD0520115A,M-1430,item:708073,31.064251,31.064251,26,328,1.0,KG
302,SDC-VD0508918A,M-1430,item:730384,830.469249,830.469249,110,412,1.0,M
302,SDC-VD1095770A,M-1430,item:734545,31.338462,31.338462,36,338,1.0,UN
302,SDC-1450,M-1430,item:773474,37820.501916,37820.501916,6,308,1.0,G
302,SDC-VD0951020A,M-1810,item:001757,12.225749,12.225749,71,373,1.0,KG
302,SDC-VD0519670A,M-1810,item:001848,6.418518,6.418518,19,321,1.0,KG
302,SDC-VD0951020A,M-1810,item:001848,2.750794,2.750794,21,323,1.0,KG
302,SDC-VD0910216A,M-1810,item:001893,28.679043,28.679043,15,317,1.0,KG
302,SDC-VD1091642A,M-1810,item:001893,11.614462,11.614462,16,318,1.0,KG
302,SDC-VD0518684A,M-1810,item:001893,5.807231,5.807231,34,336,1.0,KG
302,SDC-VD1091642A,M-1810,item:001893,11.971574,11.971574,31,333,1.0,KG
302,SDC-VD0910216A,M-1810,item:002612,7.547117,7.547117,50,352,1.0,KG
302,SDC-VD0990780A,M-1810,item:002612,2.156319,2.156319,25,327,1.0,KG
302,SDC-VD1091642A,M-1810,item:002612,0.764109,0.764109,38,340,1.0,KG
302,SDC-VD0500655A,M-1810,item:002612,0.764109,0.764109,24,326,1.0,KG
302,SDC-VD1091642A,M-1810,item:002612,4.050532,4.050532,28,330,1.0,KG
302,SDC-VD0514881A,M-1810,item:016332,3.667725,3.667725,23,325,1.0,KG
302,SDC-VD0519670A,M-1810,item:029313,0.305644,0.305644,32,334,1.0,KG
302,SDC-VD1096202A,M-1810,item:039668,0.305644,0.305644,32,334,1.0,KG
302,SDC-VD0520132A,M-1810,item:049371,11.308818,11.308818,97,399,1.0,KG
302,SDC-VD0914320A,M-1810,item:055703,0.427901,0.427901,23,325,1.0,KG
302,SDC-VD0964290A,M-1810,item:055703,0.183386,0.183386,29,331,1.0,KG
302,SDC-VD0505677A,M-1810,item:099439,15.282187,15.282187,41,343,1.0,KG
302,SDC-VD0901566A,M-1810,item:338928,10000.0,10000.0,29,331,1.0,UN
302,SDC-VD0914360C,M-1810,item:338929,7528.17084,7528.17084,73,375,1.0,UN
302,SDC-VD0989480A,M-1810,item:426331,82.809879,82.809879,31,333,1.0,UN
302,SDC-1450,M-1810,item:693055,3056.437361,3056.437361,82,384,1.0,G
302,M-1430,DC-1920,item:268967,3917.307778,3917.307778,3,305,1.0,UN
302,M-1810,DC-1920,item:268091,7528.17084,7528.17084,3,305,1.0,UN
302,DC-1920,C-XXXXX,item:268967,5200.0,5200.0,3,305,1.0,UN
302,DC-1920,C-XXXXX,item:268091,11444.212131,11444.212131,4,306,1.0,UN
302,SDC-VD0949099A,SDC-1450,item:021081,299.337854,315.092478,73,375,0.95,KG
302,SDC-VD0960508A,SDC-1450,item:021081,85.525101,85.525101,240,542,1.0,KG
302,SDC-VD0972460A,SDC-1450,item:021081,21.381275,21.381275,64,366,1.0,KG
302,SDC-VD0975221A,SDC-1450,item:021081,21.381275,21.381275,101,403,1.0,KG
302,SDC-1450,M-1810,item:007923,24451.498888,24451.498888,1,303,1.0,G
303,SDC-VD0520132A,M-1430,item:038005,67.26341,67.26341,167,470,1.0,KG
303,SDC-VD0914690A,M-1430,item:042342,231942.845853,231942.845853,8,311,1.0,UN
303,SDC-VD0525412A,M-1430,item:333362,3843.804412,3843.804412,106,409,1.0,UN
303,SDC-VD0993480A,M-1430,item:344135,3843.804412,3843.804412,70,373,1.0,UN
303,SDC-VD0520115A,M-1430,item:708073,30.481369,30.481369,14,317,1.0,KG
303,SDC-VD0508918A,M-1430,item:730384,814.886535,814.886535,98,401,1.0,M
303,SDC-VD1095770A,M-1430,item:734545,30.750435,30.750435,17,320,1.0,UN
303,SDC-1450,M-1430,item:773474,37110.847649,37110.847649,8,311,1.0,G
303,SDC-VD0951020A,M-1810,item:001757,12.013758,12.013758,75,378,1.0,KG
303,SDC-VD0519670A,M-1810,item:001848,6.307223,6.307223,11,314,1.0,KG
303,SDC-VD0951020A,M-1810,item:001848,2.703096,2.703096,72,375,1.0,KG
303,SDC-VD0910216A,M-1810,item:001893,28.679096,28.679096,45,348,1.0,KG
303,SDC-VD1091642A,M-1810,item:001893,11.41307,11.41307,57,360,1.0,KG
303,SDC-VD0518684A,M-1810,item:001893,5.706535,5.706535,87,390,1.0,KG
303,SDC-VD1091642A,M-1810,item:001893,11.266649,11.266649,84,387,1.0,KG
303,SDC-VD0910216A,M-1810,item:002612,7.547131,7.547131,70,373,1.0,KG
303,SDC-VD0990780A,M-1810,item:002612,2.156323,2.156323,65,368,1.0,KG
303,SDC-VD1091642A,M-1810,item:002612,0.75086,0.75086,14,317,1.0,KG
303,SDC-VD0500655A,M-1810,item:002612,0.75086,0.75086,30,333,1.0,KG
303,SDC-VD1091642A,M-1810,item:002612,3.812024,3.812024,20,323,1.0,KG
303,SDC-VD0514881A,M-1810,item:016332,3.604127,3.604127,33,336,1.0,KG
303,SDC-VD0519670A,M-1810,item:029313,0.300344,0.300344,47,350,1.0,KG
303,SDC-VD1096202A,M-1810,item:039668,0.300344,0.300344,30,333,1.0,KG
303,SDC-VD0520132A,M-1810,item:049371,11.112726,11.112726,240,543,1.0,KG
303,SDC-VD0914320A,M-1810,item:055703,0.420482,0.420482,42,345,1.0,KG
303,SDC-VD0964290A,M-1810,item:055703,0.180206,0.180206,35,338,1.0,KG
303,SDC-VD0505677A,M-1810,item:099439,15.017197,15.017197,27,330,1.0,KG
303,SDC-VD0901566A,M-1810,item:338928,10000.0,10000.0,91,394,1.0,UN
303,SDC-VD0914360C,M-1810,item:338929,7397.634168,7397.634168,17,320,1.0,UN
303,SDC-VD0989480A,M-1810,item:426331,81.373976,81.373976,27,330,1.0,UN
303,SDC-1450,M-1810,item:693055,3003.439472,3003.439472,27,330,1.0,G
303,M-1430,DC-1920,item:268967,3843.804412,3843.804412,5,308,1.0,UN
303,M-1810,DC-1920,item:268091,7397.634168,7397.634168,4,307,1.0,UN
303,DC-1920,C-XXXXX,item:268091,8180.854199,8180.854199,2,305,1.0,UN
303,SDC-VD0949099A,SDC-1450,item:021081,284.883574,299.877446,53,356,0.95,KG
303,SDC-VD0960508A,SDC-1450,item:021081,81.395307,81.395307,75,378,1.0,KG
303,SDC-VD0972460A,SDC-1450,item:021081,20.348827,20.348827,33,336,1.0,KG
303,SDC-VD0975221A,SDC-1450,item:021081,20.348827,20.348827,99,402,1.0,KG
303,SDC-1450,M-1810,item:007923,24027.515778,24027.515778,2,305,1.0,G
304,SDC-VD0520132A,M-1430,item:038005,67.00616,67.00616,71,375,1.0,KG
304,SDC-VD0914690A,M-1430,item:042342,231055.777836,231055.777836,16,320,1.0,UN
304,SDC-VD0525412A,M-1430,item:333362,3829.103739,3829.103739,114,418,1.0,UN
304,SDC-VD0993480A,M-1430,item:344135,3829.103739,3829.103739,15,319,1.0,UN
304,SDC-VD0520115A,M-1430,item:708073,30.364793,30.364793,39,343,1.0,KG
304,SDC-VD0508918A,M-1430,item:730384,811.769993,811.769993,73,377,1.0,M
304,SDC-VD1095770A,M-1430,item:734545,30.63283,30.63283,24,328,1.0,UN
304,SDC-1450,M-1430,item:773474,36968.916795,36968.916795,14,318,1.0,G
304,SDC-VD0951020A,M-1810,item:001757,11.97136,11.97136,52,356,1.0,KG
304,SDC-VD0519670A,M-1810,item:001848,6.284964,6.284964,21,325,1.0,KG
304,SDC-VD0951020A,M-1810,item:001848,2.693556,2.693556,18,322,1.0,KG
304,SDC-VD0910216A,M-1810,item:001893,39.804771,39.804771,16,320,1.0,KG
304,SDC-VD1091642A,M-1810,item:001893,11.372792,11.372792,76,380,1.0,KG
304,SDC-VD0518684A,M-1810,item:001893,5.686396,5.686396,68,372,1.0,KG
304,SDC-VD0910216A,M-1810,item:002612,10.47494,10.47494,70,374,1.0,KG
304,SDC-VD0990780A,M-1810,item:002612,2.99284,2.99284,47,351,1.0,KG
304,SDC-VD1091642A,M-1810,item:002612,0.74821,0.74821,22,326,1.0,KG
304,SDC-VD0500655A,M-1810,item:002612,0.74821,0.74821,20,324,1.0,KG
304,SDC-VD0514881A,M-1810,item:016332,3.591408,3.591408,44,348,1.0,KG
304,SDC-VD0519670A,M-1810,item:029313,0.299284,0.299284,31,335,1.0,KG
304,SDC-VD1096202A,M-1810,item:039668,0.299284,0.299284,69,373,1.0,KG
304,SDC-VD0520132A,M-1810,item:049371,11.073508,11.073508,102,406,1.0,KG
304,SDC-VD0914320A,M-1810,item:055703,0.418998,0.418998,31,335,1.0,KG
304,SDC-VD0964290A,M-1810,item:055703,0.17957,0.17957,77,381,1.0,KG
304,SDC-VD0505677A,M-1810,item:099439,14.964199,14.964199,10,314,1.0,KG
304,SDC-VD0901566A,M-1810,item:338928,10000.0,10000.0,29,333,1.0,UN
304,SDC-VD0914360C,M-1810,item:338929,7371.526834,7371.526834,28,332,1.0,UN
304,SDC-VD0989480A,M-1810,item:426331,81.086795,81.086795,13,317,1.0,UN
304,SDC-1450,M-1810,item:693055,2992.839894,2992.839894,84,388,1.0,G
304,M-1430,DC-1920,item:268967,3829.103739,3829.103739,3,307,1.0,UN
304,M-1810,DC-1920,item:268091,7371.526834,7371.526834,2,306,1.0,UN
304,DC-1920,C-XXXXX,item:268967,4284.824606,4284.824606,4,308,1.0,UN
304,SDC-VD0949099A,SDC-1450,item:021081,271.46394,285.751516,167,471,0.95,KG
304,SDC-VD0960508A,SDC-1450,item:021081,77.561126,77.561126,240,544,1.0,KG
304,SDC-VD0972460A,SDC-1450,item:021081,19.390281,19.390281,106,410,1.0,KG
304,SDC-VD0975221A,SDC-1450,item:021081,19.390281,19.390281,81,385,1.0,KG
304,SDC-1450,M-1810,item:007923,23942.719156,23942.719156,1,305,1.0,G
305,SDC-VD0520132A,M-1430,item:038005,66.95471,66.95471,114,419,1.0,KG
305,SDC-VD0914690A,M-1430,item:042342,230878.364232,230878.364232,33,338,1.0,UN
305,SDC-VD0525412A,M-1430,item:333362,3826.163605,3826.163605,120,425,1.0,UN
305,SDC-VD0993480A,M-1430,item:344135,3826.163605,3826.163605,48,353,1.0,UN
305,SDC-VD0520115A,M-1430,item:708073,30.341477,30.341477,13,318,1.0,KG
305,SDC-VD0508918A,M-1430,item:730384,811.146684,811.146684,56,361,1.0,M
305,SDC-VD1095770A,M-1430,item:734545,30.609309,30.609309,42,347,1.0,UN
305,SDC-1450,M-1430,item:773474,36940.530625,36940.530625,6,311,1.0,G
305,SDC-VD0951020A,M-1810,item:001757,11.96288,11.96288,39,344,1.0,KG
305,SDC-VD0519670A,M-1810,item:001848,6.280512,6.280512,24,329,1.0,KG
305,SDC-VD0951020A,M-1810,item:001848,2.691648,2.691648,25,330,1.0,KG
305,SDC-VD0910216A,M-1810,item:001893,39.776576,39.776576,11,316,1.0,KG
305,SDC-VD1091642A,M-1810,item:001893,11.364736,11.364736,69,374,1.0,KG
305,SDC-VD0518684A,M-1810,item:001893,5.682368,5.682368,31,336,1.0,KG
305,SDC-VD0910216A,M-1810,item:002612,10.46752,10.46752,38,343,1.0,KG
305,SDC-VD0990780A,M-1810,item:002612,2.99072,2.99072,27,332,1.0,KG
305,SDC-VD1091642A,M-1810,item:002612,0.74768,0.74768,25,330,1.0,KG
305,SDC-VD0500655A,M-1810,item:002612,0.74768,0.74768,56,361,1.0,KG
305,SDC-VD0514881A,M-1810,item:016332,3.588864,3.588864,35,340,1.0,KG
305,SDC-VD0519670A,M-1810,item:029313,0.299072,0.299072,29,334,1.0,KG
305,SDC-VD1096202A,M-1810,item:039668,0.299072,0.299072,38,343,1.0,KG
305,SDC-VD0520132A,M-1810,item:049371,11.065664,11.065664,192,497,1.0,KG
305,SDC-VD0914320A,M-1810,item:055703,0.418701,0.418701,19,324,1.0,KG
305,SDC-VD0964290A,M-1810,item:055703,0.179443,0.179443,51,356,1.0,KG
305,SDC-VD0505677A,M-1810,item:099439,14.9536,14.9536,11,316,1.0,KG
305,SDC-VD0901566A,M-1810,item:338928,9464.133333,9464.133333,26,331,1.0,UN
305,SDC-VD0914360C,M-1810,item:338929,7366.305367,7366.305367,55,360,1.0,UN
305,SDC-VD0989480A,M-1810,item:426331,81.029359,81.029359,15,320,1.0,UN
305,SDC-1450,M-1810,item:693055,2990.719979,2990.719979,10,315,1.0,G
305,M-1430,DC-1920,item:268967,3826.163605,3826.163605,4,309,1.0,UN
305,M-1810,DC-1920,item:268091,7366.305367,7366.305367,4,309,1.0,UN
305,DC-1920,C-XXXXX,item:268967,3917.307778,3917.307778,3,308,1.0,UN
305,DC-1920,C-XXXXX,item:268091,18972.441837,18972.441837,2,307,1.0,UN
305,SDC-VD0949099A,SDC-1450,item:021081,260.757522,274.481602,116,421,0.95,KG
305,SDC-VD0960508A,SDC-1450,item:021081,74.502149,74.502149,76,381,1.0,KG
305,SDC-VD0972460A,SDC-1450,item:021081,18.625537,18.625537,197,502,1.0,KG
305,SDC-VD0975221A,SDC-1450,item:021081,18.625537,18.625537,178,483,1.0,KG
305,SDC-1450,M-1810,item:007923,23925.759831,23925.759831,1,306,1.0,G
306,SDC-VD0520132A,M-1430,item:038005,66.94442,66.94442,145,451,1.0,KG
306,SDC-VD0914690A,M-1430,item:042342,230842.881511,230842.881511,7,313,1.0,UN
306,SDC-VD0525412A,M-1430,item:333362,3825.575578,3825.575578,55,361,1.0,UN
306,SDC-VD0993480A,M-1430,item:344135,3825.575578,3825.575578,65,371,1.0,UN
306,SDC-VD0520115A,M-1430,item:708073,30.336814,30.336814,42,348,1.0,KG
306,SDC-VD0508918A,M-1430,item:730384,811.022022,811.022022,54,360,1.0,M
306,SDC-VD1095770A,M-1430,item:734545,30.604605,30.604605,22,328,1.0,UN
306,SDC-1450,M-1430,item:773474,36934.853391,36934.853391,9,315,1.0,G
306,SDC-VD0951020A,M-1810,item:001757,11.961184,11.961184,88,394,1.0,KG
306,SDC-VD0519670A,M-1810,item:001848,6.279622,6.279622,21,327,1.0,KG
306,SDC-VD0951020A,M-1810,item:001848,2.691266,2.691266,51,357,1.0,KG
306,SDC-VD0910216A,M-1810,item:001893,39.770937,39.770937,38,344,1.0,KG
306,SDC-VD1091642A,M-1810,item:001893,11.363125,11.363125,23,329,1.0,KG
306,SDC-VD0518684A,M-1810,item:001893,5.681562,5.681562,61,367,1.0,KG
306,SDC-VD0910216A,M-1810,item:002612,10.466036,10.466036,40,346,1.0,KG
306,SDC-VD0990780A,M-1810,item:002612,2.990296,2.990296,21,327,1.0,KG
306,SDC-VD1091642A,M-1810,item:002612,0.747574,0.747574,41,347,1.0,KG
306,SDC-VD0500655A,M-1810,item:002612,0.747574,0.747574,23,329,1.0,KG
306,SDC-VD0514881A,M-1810,item:016332,3.588355,3.588355,28,334,1.0,KG
306,SDC-VD0519670A,M-1810,item:029313,0.29903,0.29903,55,361,1.0,KG
306,SDC-VD1096202A,M-1810,item:039668,0.29903,0.29903,32,338,1.0,KG
306,SDC-VD0520132A,M-1810,item:049371,11.064095,11.064095,199,505,1.0,KG
306,SDC-VD0914320A,M-1810,item:055703,0.418641,0.418641,28,334,1.0,KG
306,SDC-VD0964290A,M-1810,item:055703,0.179418,0.179418,57,363,1.0,KG
306,SDC-VD0505677A,M-1810,item:099439,14.95148,14.95148,41,347,1.0,KG
306,SDC-VD0901566A,M-1810,item:338928,7365.261073,7365.261073,121,427,1.0,UN
306,SDC-VD0914360C,M-1810,item:338929,7365.261073,7365.261073,52,358,1.0,UN
306,SDC-VD0989480A,M-1810,item:426331,81.017872,81.017872,33,339,1.0,UN
306,SDC-1450,M-1810,item:693055,2990.295996,2990.295996,30,336,1.0,G
306,M-1430,DC-1920,item:268967,3825.575578,3825.575578,2,308,1.0,UN
306,M-1810,DC-1920,item:268091,7365.261073,7365.261073,2,308,1.0,UN
306,DC-1920,C-XXXXX,item:268967,5200.0,5200.0,1,307,1.0,UN
306,DC-1920,C-XXXXX,item:268091,7371.526834,7371.526834,1,307,1.0,UN
306,SDC-VD0949099A,SDC-1450,item:021081,252.699502,265.999475,46,352,0.95,KG
306,SDC-VD0960508A,SDC-1450,item:021081,72.199858,72.199858,152,458,1.0,KG
306,SDC-VD0972460A,SDC-1450,item:021081,18.049964,18.049964,177,483,1.0,KG
306,SDC-VD0975221A,SDC-1450,item:021081,18.049964,18.049964,78,384,1.0,KG
306,SDC-1450,M-1810,item:007923,23922.367966,23922.367966,3,309,1.0,G
307,SDC-VD0520132A,M-1430,item:038005,66.942362,66.942362,186,493,1.0,KG
307,SDC-VD0914690A,M-1430,item:042342,230835.784967,230835.784967,26,333,1.0,UN
307,SDC-VD0525412A,M-1430,item:333362,3825.457972,3825.457972,51,358,1.0,UN
307,SDC-VD0993480A,M-1430,item:344135,3825.457972,3825.457972,54,361,1.0,UN
307,SDC-VD0520115A,M-1430,item:708073,30.335882,30.335882,25,332,1.0,KG
307,SDC-VD0508918A,M-1430,item:730384,810.99709,810.99709,49,356,1.0,M
307,SDC-VD1095770A,M-1430,item:734545,30.603664,30.603664,17,324,1.0,UN
307,SDC-1450,M-1430,item:773474,36933.717944,36933.717944,24,331,1.0,G
307,SDC-VD0951020A,M-1810,item:001757,11.960845,11.960845,71,378,1.0,KG
307,SDC-VD0519670A,M-1810,item:001848,6.279444,6.279444,11,318,1.0,KG
307,SDC-VD0951020A,M-1810,item:001848,2.69119,2.69119,56,363,1.0,KG
307,SDC-VD0910216A,M-1810,item:001893,39.769809,39.769809,49,356,1.0,KG
307,SDC-VD1091642A,M-1810,item:001893,11.362803,11.362803,24,331,1.0,KG
307,SDC-VD0518684A,M-1810,item:001893,5.681401,5.681401,46,353,1.0,KG
307,SDC-VD0910216A,M-1810,item:002612,10.465739,10.465739,30,337,1.0,KG
307,SDC-VD0990780A,M-1810,item:002612,2.990211,2.990211,42,349,1.0,KG
307,SDC-VD1091642A,M-1810,item:002612,0.747553,0.747553,70,377,1.0,KG
307,SDC-VD0500655A,M-1810,item:002612,0.747553,0.747553,50,357,1.0,KG
307,SDC-VD0514881A,M-1810,item:016332,3.588253,3.588253,98,405,1.0,KG
307,SDC-VD0519670A,M-1810,item:029313,0.299021,0.299021,25,332,1.0,KG
307,SDC-VD1096202A,M-1810,item:039668,0.299021,0.299021,25,332,1.0,KG
307,SDC-VD0520132A,M-1810,item:049371,11.063781,11.063781,157,464,1.0,KG
307,SDC-VD0914320A,M-1810,item:055703,0.41863,0.41863,14,321,1.0,KG
307,SDC-VD0964290A,M-1810,item:055703,0.179413,0.179413,73,380,1.0,KG
307,SDC-VD0505677A,M-1810,item:099439,14.951056,14.951056,25,332,1.0,KG
307,SDC-VD0901566A,M-1810,item:338928,7365.052215,7365.052215,97,404,1.0,UN
307,SDC-VD0914360C,M-1810,item:338929,7365.052215,7365.052215,54,361,1.0,UN
307,SDC-VD0989480A,M-1810,item:426331,81.015574,81.015574,40,347,1.0,UN
307,SDC-1450,M-1810,item:693055,2990.211199,2990.211199,136,443,1.0,G
307,M-1430,DC-1920,item:268967,3825.457972,3825.457972,3,310,1.0,UN
307,M-1810,DC-1920,item:268091,7365.052215,7365.052215,2,309,1.0,UN
307,DC-1920,C-XXXXX,item:268967,3829.103739,3829.103739,4,311,1.0,UN
307,DC-1920,C-XXXXX,item:268091,7397.634168,7397.634168,2,309,1.0,UN
307,SDC-VD0949099A,SDC-1450,item:021081,246.77566,259.763853,40,347,0.95,KG
307,SDC-VD0960508A,SDC-1450,item:021081,70.507331,70.507331,90,397,1.0,KG
307,SDC-VD0972460A,SDC-1450,item:021081,17.626833,17.626833,79,386,1.0,KG
307,SDC-VD0975221A,SDC-1450,item:021081,17.626833,17.626833,25,332,1.0,KG
307,SDC-1450,M-1810,item:007923,23921.689593,23921.689593,2,309,1.0,G
308,SDC-VD0520132A,M-1430,item:038005,90.995715,90.995715,296,604,1.0,KG
308,SDC-VD0914690A,M-1430,item:042342,313778.4,313778.4,18,326,1.0,UN
308,SDC-VD0525412A,M-1430,item:333362,5200.0,5200.0,8,316,1.0,UN
308,SDC-VD0993480A,M-1430,item:344135,5200.0,5200.0,12,320,1.0,UN
308,SDC-VD0520115A,M-1430,item:708073,41.236,41.236,47,355,1.0,KG
308,SDC-VD0508918A,M-1430,item:730384,1102.4,1102.4,27,335,1.0,M
308,SDC-VD1095770A,M-1430,item:734545,41.6,41.6,21,329,1.0,UN
308,SDC-1450,M-1430,item:773474,50204.5336,50204.5336,7,315,1.0,G
308,SDC-VD0951020A,M-1810,item:001757,15.570326,15.570326,134,442,1.0,KG
308,SDC-VD0519670A,M-1810,item:001848,8.174421,8.174421,12,320,1.0,KG
308,SDC-VD0951020A,M-1810,item:001848,3.503323,3.503323,47,355,1.0,KG
308,SDC-VD0910216A,M-1810,item:001893,51.771333,51.771333,29,337,1.0,KG
308,SDC-VD1091642A,M-1810,item:001893,14.791809,14.791809,39,347,1.0,KG
308,SDC-VD0518684A,M-1810,item:001893,7.395905,7.395905,77,385,1.0,KG
308,SDC-VD0910216A,M-1810,item:002612,13.624035,13.624035,29,337,1.0,KG
308,SDC-VD0990780A,M-1810,item:002612,3.892581,3.892581,29,337,1.0,KG
308,SDC-VD1091642A,M-1810,item:002612,0.973145,0.973145,21,329,1.0,KG
308,SDC-VD0500655A,M-1810,item:002612,0.973145,0.973145,27,335,1.0,KG
308,SDC-VD0514881A,M-1810,item:016332,4.671098,4.671098,45,353,1.0,KG
308,SDC-VD0519670A,M-1810,item:029313,0.389258,0.389258,74,382,1.0,KG
308,SDC-VD1096202A,M-1810,item:039668,0.389258,0.389258,28,336,1.0,KG
308,SDC-VD0520132A,M-1810,item:049371,14.402551,14.402551,70,378,1.0,KG
308,SDC-VD0914320A,M-1810,item:055703,0.544961,0.544961,26,334,1.0,KG
308,SDC-VD0964290A,M-1810,item:055703,0.233555,0.233555,84,392,1.0,KG
308,SDC-VD0505677A,M-1810,item:099439,19.462907,19.462907,53,361,1.0,KG
308,SDC-VD0901566A,M-1810,item:338928,9587.639014,9587.639014,99,407,1.0,UN
308,SDC-VD0914360C,M-1810,item:338929,9587.639014,9587.639014,42,350,1.0,UN
308,SDC-VD0989480A,M-1810,item:426331,105.464029,105.464029,9,317,1.0,UN
308,SDC-1450,M-1810,item:693055,3892.58144,3892.58144,63,371,1.0,G
308,M-1430,DC-1920,item:268967,5200.0,5200.0,4,312,1.0,UN
308,M-1810,DC-1920,item:268091,9587.639014,9587.639014,4,312,1.0,UN
308,DC-1920,C-XXXXX,item:268967,7669.37999,7669.37999,4,312,1.0,UN
308,DC-1920,C-XXXXX,item:268091,7365.261073,7365.261073,5,313,1.0,UN
308,SDC-VD0949099A,SDC-1450,item:021081,242.462001,255.223159,111,419,0.95,KG
308,SDC-VD0960508A,SDC-1450,item:021081,69.274857,69.274857,133,441,1.0,KG
308,SDC-VD0972460A,SDC-1450,item:021081,17.318714,17.318714,99,407,1.0,KG
308,SDC-VD0975221A,SDC-1450,item:021081,17.318714,17.318714,141,449,1.0,KG
308,SDC-1450,M-1810,item:007923,31140.651518,31140.651518,1,309,1.0,G
309,SDC-VD0520132A,M-1430,item:038005,90.995715,90.995715,135,444,1.0,KG
309,SDC-VD0914690A,M-1430,item:042342,313778.4,313778.4,9,318,1.0,UN
309,SDC-VD0525412A,M-1430,item:333362,5200.0,5200.0,58,367,1.0,UN
309,SDC-VD0993480A,M-1430,item:344135,5200.0,5200.0,26,335,1.0,UN
309,SDC-VD0520115A,M-1430,item:708073,41.236,41.236,36,345,1.0,KG
309,SDC-VD0508918A,M-1430,item:730384,1102.4,1102.4,98,407,1.0,M
309,SDC-VD1095770A,M-1430,item:734545,41.6,41.6,15,324,1.0,UN
309,SDC-1450,M-1430,item:773474,50204.5336,50204.5336,8,317,1.0,G
309,SDC-VD0951020A,M-1810,item:001757,16.292222,16.292222,67,376,1.0,KG
309,SDC-VD0519670A,M-1810,item:001848,8.553417,8.553417,9,318,1.0,KG
309,SDC-VD0951020A,M-1810,item:001848,3.66575,3.66575,84,393,1.0,KG
309,SDC-VD0910216A,M-1810,item:001893,54.171638,54.171638,56,365,1.0,KG
309,SDC-VD1091642A,M-1810,item:001893,15.477611,15.477611,30,339,1.0,KG
309,SDC-VD0518684A,M-1810,item:001893,7.738805,7.738805,61,370,1.0,KG
309,SDC-VD0910216A,M-1810,item:002612,9.956216,9.956216,10,319,1.0,KG
309,SDC-VD0990780A,M-1810,item:002612,4.073055,4.073055,27,336,1.0,KG
309,SDC-VD1091642A,M-1810,item:002612,1.018264,1.018264,26,335,1.0,KG
309,SDC-VD0500655A,M-1810,item:002612,1.018264,1.018264,47,356,1.0,KG
309,SDC-VD0990780A,M-1810,item:002612,4.299478,4.299478,16,325,1.0,KG
309,SDC-VD0514881A,M-1810,item:016332,4.887667,4.887667,53,362,1.0,KG
309,SDC-VD0519670A,M-1810,item:029313,0.407306,0.407306,49,358,1.0,KG
309,SDC-VD1096202A,M-1810,item:039668,0.407306,0.407306,19,328,1.0,KG
309,SDC-VD0520132A,M-1810,item:049371,15.070305,15.070305,96,405,1.0,KG
309,SDC-VD0914320A,M-1810,item:055703,0.570228,0.570228,22,331,1.0,KG
309,SDC-VD0964290A,M-1810,item:055703,0.244383,0.244383,28,337,1.0,KG
309,SDC-VD0505677A,M-1810,item:099439,20.365277,20.365277,30,339,1.0,KG
309,SDC-VD0901566A,M-1810,item:338928,10000.0,10000.0,54,363,1.0,UN
309,SDC-VD0914360C,M-1810,item:338929,10032.156374,10032.156374,60,369,1.0,UN
309,SDC-VD0989480A,M-1810,item:426331,110.35372,110.35372,45,354,1.0,UN
309,SDC-1450,M-1810,item:693055,4073.055488,4073.055488,130,439,1.0,G
309,M-1430,DC-1920,item:268967,5200.0,5200.0,2,311,1.0,UN
309,M-1810,DC-1920,item:268091,10032.156374,10032.156374,3,312,1.0,UN
309,DC-1920,C-XXXXX,item:268967,3826.163605,3826.163605,1,310,1.0,UN
309,DC-1920,C-XXXXX,item:268091,14731.357581,14731.357581,2,311,1.0,UN
309,SDC-VD0949099A,SDC-1450,item:021081,255.942863,269.41354,142,451,0.95,KG
309,SDC-VD0960508A,SDC-1450,item:021081,73.126532,73.126532,72,381,1.0,KG
309,SDC-VD0972460A,SDC-1450,item:021081,18.281633,18.281633,97,406,1.0,KG
309,SDC-VD0975221A,SDC-1450,item:021081,18.281633,18.281633,118,427,1.0,KG
309,SDC-1450,M-1810,item:007923,32584.443903,32584.443903,2,311,1.0,G
310,SDC-VD0520132A,M-1430,item:038005,90.995715,90.995715,90,400,1.0,KG
310,SDC-VD0914690A,M-1430,item:042342,313778.4,313778.4,24,334,1.0,UN
310,SDC-VD0525412A,M-1430,item:333362,5200.0,5200.0,71,381,1.0,UN
310,SDC-VD0993480A,M-1430,item:344135,5200.0,5200.0,38,348,1.0,UN
310,SDC-VD0520115A,M-1430,item:708073,41.236,41.236,28,338,1.0,KG
310,SDC-VD0508918A,M-1430,item:730384,1102.4,1102.4,54,364,1.0,M
310,SDC-VD1095770A,M-1430,item:734545,41.6,41.6,29,339,1.0,UN
310,SDC-1450,M-1430,item:773474,50204.5336,50204.5336,5,315,1.0,G
310,SDC-VD0951020A,M-1810,item:001757,16.436601,16.436601,108,418,1.0,KG
310,SDC-VD0519670A,M-1810,item:001848,8.629216,8.629216,27,337,1.0,KG
310,SDC-VD0951020A,M-1810,item:001848,3.698235,3.698235,105,415,1.0,KG
310,SDC-VD0910216A,M-1810,item:001893,54.651699,54.651699,30,340,1.0,KG
310,SDC-VD1091642A,M-1810,item:001893,15.614771,15.614771,24,334,1.0,KG
310,SDC-VD0518684A,M-1810,item:001893,7.807386,7.807386,21,331,1.0,KG
310,SDC-VD0910216A,M-1810,item:002612,5.629452,5.629452,7,317,1.0,KG
310,SDC-VD0990780A,M-1810,item:002612,4.10915,4.10915,70,380,1.0,KG
310,SDC-VD1091642A,M-1810,item:002612,1.027288,1.027288,36,346,1.0,KG
310,SDC-VD0500655A,M-1810,item:002612,1.027288,1.027288,11,321,1.0,KG
310,SDC-VD0990780A,M-1810,item:002612,8.752574,8.752574,35,345,1.0,KG
310,SDC-VD0514881A,M-1810,item:016332,4.93098,4.93098,71,381,1.0,KG
310,SDC-VD0519670A,M-1810,item:029313,0.410915,0.410915,31,341,1.0,KG
310,SDC-VD1096202A,M-1810,item:039668,0.410915,0.410915,29,339,1.0,KG
310,SDC-VD0520132A,M-1810,item:049371,15.203856,15.203856,36,346,1.0,KG
310,SDC-VD0914320A,M-1810,item:055703,0.575281,0.575281,9,319,1.0,KG
310,SDC-VD0964290A,M-1810,item:055703,0.246549,0.246549,21,331,1.0,KG
310,SDC-VD0505677A,M-1810,item:099439,20.545751,20.545751,16,326,1.0,KG
310,SDC-VD0901566A,M-1810,item:338928,10000.0,10000.0,115,425,1.0,UN
310,SDC-VD0914360C,M-1810,item:338929,10121.059846,10121.059846,39,349,1.0,UN
310,SDC-VD0989480A,M-1810,item:426331,111.331658,111.331658,18,328,1.0,UN
310,SDC-1450,M-1810,item:693055,4109.150297,4109.150297,10,320,1.0,G
310,M-1430,DC-1920,item:268967,5200.0,5200.0,5,315,1.0,UN
310,M-1810,DC-1920,item:268091,10121.059846,10121.059846,2,312,1.0,UN
310,DC-1920,C-XXXXX,item:268967,3825.457972,3825.457972,1,311,1.0,UN
310,SDC-VD0949099A,SDC-1450,item:021081,270.286457,284.51206,240,550,0.95,KG
310,SDC-VD0960508A,SDC-1450,item:021081,77.224702,77.224702,127,437,1.0,KG
310,SDC-VD0972460A,SDC-1450,item:021081,19.306176,19.306176,106,416,1.0,KG
310,SDC-VD0975221A,SDC-1450,item:021081,19.306176,19.306176,128,438,1.0,KG
310,SDC-1450,M-1810,item:007923,32873.20238,32873.20238,1,311,1.0,G
311,SDC-VD0520132A,M-1430,item:038005,90.995715,90.995715,77,388,1.0,KG
311,SDC-VD0914690A,M-1430,item:042342,313778.4,313778.4,10,321,1.0,UN
311,SDC-VD0525412A,M-1430,item:333362,5200.0,5200.0,54,365,1.0,UN
311,SDC-VD0993480A,M-1430,item:344135,5200.0,5200.0,51,362,1.0,UN
311,SDC-VD0520115A,M-1430,item:708073,41.236,41.236,22,333,1.0,KG
311,SDC-VD0508918A,M-1430,item:730384,1102.4,1102.4,75,386,1.0,M
311,SDC-VD1095770A,M-1430,item:734545,41.6,41.6,6,317,1.0,UN
311,SDC-1450,M-1430,item:773474,50204.5336,50204.5336,11,322,1.0,G
311,SDC-VD0951020A,M-1810,item:001757,16.465477,16.465477,52,363,1.0,KG
311,SDC-VD0519670A,M-1810,item:001848,8.644375,8.644375,17,328,1.0,KG
311,SDC-VD0951020A,M-1810,item:001848,3.704732,3.704732,37,348,1.0,KG
311,SDC-VD0910216A,M-1810,item:001893,54.747711,54.747711,25,336,1.0,KG
311,SDC-VD1091642A,M-1810,item:001893,15.642203,15.642203,44,355,1.0,KG
311,SDC-VD0518684A,M-1810,item:001893,7.821102,7.821102,40,351,1.0,KG
311,SDC-VD0910216A,M-1810,item:002612,5.63655,5.63655,27,338,1.0,KG
311,SDC-VD0990780A,M-1810,item:002612,4.116369,4.116369,35,346,1.0,KG
311,SDC-VD1091642A,M-1810,item:002612,1.029092,1.029092,16,327,1.0,KG
311,SDC-VD0500655A,M-1810,item:002612,1.029092,1.029092,26,337,1.0,KG
311,SDC-VD0990780A,M-1810,item:002612,8.770742,8.770742,25,336,1.0,KG
311,SDC-VD0514881A,M-1810,item:016332,4.939643,4.939643,64,375,1.0,KG
311,SDC-VD0519670A,M-1810,item:029313,0.411637,0.411637,28,339,1.0,KG
311,SDC-VD1096202A,M-1810,item:039668,0.411637,0.411637,41,352,1.0,KG
311,SDC-VD0520132A,M-1810,item:049371,15.230566,15.230566,98,409,1.0,KG
311,SDC-VD0914320A,M-1810,item:055703,0.576292,0.576292,10,321,1.0,KG
311,SDC-VD0964290A,M-1810,item:055703,0.246982,0.246982,23,334,1.0,KG
311,SDC-VD0505677A,M-1810,item:099439,20.581846,20.581846,61,372,1.0,KG
311,SDC-VD0901566A,M-1810,item:338928,10000.0,10000.0,140,451,1.0,UN
311,SDC-VD0914360C,M-1810,item:338929,10138.84054,10138.84054,39,350,1.0,UN
311,SDC-VD0989480A,M-1810,item:426331,111.527246,111.527246,21,332,1.0,UN
311,SDC-1450,M-1810,item:693055,4116.369259,4116.369259,100,411,1.0,G
311,M-1430,DC-1920,item:268967,5200.0,5200.0,6,317,1.0,UN
311,M-1810,DC-1920,item:268091,10138.84054,10138.84054,2,313,1.0,UN
311,DC-1920,C-XXXXX,item:268967,5200.0,5200.0,2,313,1.0,UN
311,SDC-VD0949099A,SDC-1450,item:021081,281.933879,296.772504,56,367,0.95,KG
311,SDC-VD0960508A,SDC-1450,item:021081,80.552537,80.552537,118,429,1.0,KG
311,SDC-VD0972460A,SDC-1450,item:021081,20.138134,20.138134,227,538,1.0,KG
311,SDC-VD0975221A,SDC-1450,item:021081,20.138134,20.138134,58,369,1.0,KG
311,SDC-1450,M-1810,item:007923,32930.954075,32930.954075,2,313,1.0,G
312,SDC-VD0520132A,M-1430,item:038005,90.995715,90.995715,105,417,1.0,KG
312,SDC-VD0914690A,M-1430,item:042342,313778.4,313778.4,19,331,1.0,UN
312,SDC-VD0525412A,M-1430,item:333362,5200.0,5200.0,72,384,1.0,UN
312,SDC-VD0993480A,M-1430,item:344135,5200.0,5200.0,12,324,1.0,UN
312,SDC-VD0520115A,M-1430,item:708073,41.236,41.236,14,326,1.0,KG
312,SDC-VD0508918A,M-1430,item:730384,1102.4,1102.4,54,366,1.0,M
312,SDC-VD1095770A,M-1430,item:734545,41.6,41.6,19,331,1.0,UN
312,SDC-1450,M-1430,item:773474,50204.5336,50204.5336,8,320,1.0,G
312,SDC-VD0951020A,M-1810,item:001757,16.471252,16.471252,38,350,1.0,KG
312,SDC-VD0519670A,M-1810,item:001848,8.647407,8.647407,20,332,1.0,KG
312,SDC-VD0951020A,M-1810,item:001848,3.706032,3.706032,36,348,1.0,KG
312,SDC-VD0910216A,M-1810,item:001893,54.766914,54.766914,30,342,1.0,KG
312,SDC-VD1091642A,M-1810,item:001893,15.64769,15.64769,27,339,1.0,KG
312,SDC-VD0518684A,M-1810,item:001893,7.823845,7.823845,34,346,1.0,KG
312,SDC-VD0910216A,M-1810,item:002612,6.947564,6.947564,54,366,1.0,KG
312,SDC-VD0990780A,M-1810,item:002612,4.117813,4.117813,18,330,1.0,KG
312,SDC-VD1091642A,M-1810,item:002612,1.029453,1.029453,36,348,1.0,KG
312,SDC-VD0500655A,M-1810,item:002612,1.029453,1.029453,31,343,1.0,KG
312,SDC-VD0990780A,M-1810,item:002612,7.464782,7.464782,29,341,1.0,KG
312,SDC-VD0514881A,M-1810,item:016332,4.941376,4.941376,34,346,1.0,KG
312,SDC-VD0519670A,M-1810,item:029313,0.411781,0.411781,62,374,1.0,KG
312,SDC-VD1096202A,M-1810,item:039668,0.411781,0.411781,35,347,1.0,KG
312,SDC-VD0520132A,M-1810,item:049371,15.235908,15.235908,205,517,1.0,KG
312,SDC-VD0914320A,M-1810,item:055703,0.576494,0.576494,24,336,1.0,KG
312,SDC-VD0964290A,M-1810,item:055703,0.247069,0.247069,41,353,1.0,KG
312,SDC-VD0505677A,M-1810,item:099439,20.589065,20.589065,63,375,1.0,KG
312,SDC-VD0901566A,M-1810,item:338928,10000.0,10000.0,50,362,1.0,UN
312,SDC-VD0914360C,M-1810,item:338929,10142.396679,10142.396679,77,389,1.0,UN
312,SDC-VD0989480A,M-1810,item:426331,111.566363,111.566363,26,338,1.0,UN
312,SDC-1450,M-1810,item:693055,4117.813052,4117.813052,114,426,1.0,G
312,M-1430,DC-1920,item:268967,5200.0,5200.0,3,315,1.0,UN
312,M-1810,DC-1920,item:268091,10142.396679,10142.396679,2,314,1.0,UN
312,DC-1920,C-XXXXX,item:268967,5200.0,5200.0,6,318,1.0,UN
312,DC-1920,C-XXXXX,item:268091,29740.855234,29740.855234,2,314,1.0,UN
312,SDC-VD0949099A,SDC-1450,item:021081,290.712582,306.013244,116,428,0.95,KG
312,SDC-VD0960508A,SDC-1450,item:021081,83.060738,83.060738,83,395,1.0,KG
312,SDC-VD0972460A,SDC-1450,item:021081,20.765184,20.765184,153,465,1.0,KG
312,SDC-VD0975221A,SDC-1450,item:021081,20.765184,20.765184,174,486,1.0,KG
312,SDC-1450,M-1810,item:007923,32942.504414,32942.504414,2,314,1.0,G
313,SDC-VD0520132A,M-1430,item:038005,90.995715,90.995715,275,588,1.0,KG
313,SDC-VD0914690A,M-1430,item:042342,313778.4,313778.4,16,329,1.0,UN
313,SDC-VD0525412A,M-1430,item:333362,5200.0,5200.0,30,343,1.0,UN
313,SDC-VD0993480A,M-1430,item:344135,5200.0,5200.0,38,351,1.0,UN
313,SDC-VD0520115A,M-1430,item:708073,41.236,41.236,56,369,1.0,KG
313,SDC-VD0508918A,M-1430,item:730384,1102.4,1102.4,90,403,1.0,M
313,SDC-VD1095770A,M-1430,item:734545,41.6,41.6,10,323,1.0,UN
313,SDC-1450,M-1430,item:773474,50204.5336,50204.5336,9,322,1.0,G
313,SDC-VD0951020A,M-1810,item:001757,16.472407,16.472407,73,386,1.0,KG
313,SDC-VD0519670A,M-1810,item:001848,8.648014,8.648014,7,320,1.0,KG
313,SDC-VD0951020A,M-1810,item:001848,3.706292,3.706292,69,382,1.0,KG
313,SDC-VD0910216A,M-1810,item:001893,54.770754,54.770754,25,338,1.0,KG
313,SDC-VD1091642A,M-1810,item:001893,15.648787,15.648787,84,397,1.0,KG
313,SDC-VD0518684A,M-1810,item:001893,7.824393,7.824393,24,337,1.0,KG
313,SDC-VD0910216A,M-1810,item:002612,7.209766,7.209766,24,337,1.0,KG
313,SDC-VD0990780A,M-1810,item:002612,4.118102,4.118102,29,342,1.0,KG
313,SDC-VD1091642A,M-1810,item:002612,1.029525,1.029525,31,344,1.0,KG
313,SDC-VD0500655A,M-1810,item:002612,1.029525,1.029525,56,369,1.0,KG
313,SDC-VD0990780A,M-1810,item:002612,7.20359,7.20359,26,339,1.0,KG
313,SDC-VD0514881A,M-1810,item:016332,4.941722,4.941722,36,349,1.0,KG
313,SDC-VD0519670A,M-1810,item:029313,0.41181,0.41181,44,357,1.0,KG
313,SDC-VD1096202A,M-1810,item:039668,0.41181,0.41181,47,360,1.0,KG
313,SDC-VD0520132A,M-1810,item:049371,15.236977,15.236977,53,366,1.0,KG
313,SDC-VD0914320A,M-1810,item:055703,0.576534,0.576534,13,326,1.0,KG
313,SDC-VD0964290A,M-1810,item:055703,0.247086,0.247086,42,355,1.0,KG
313,SDC-VD0505677A,M-1810,item:099439,20.590509,20.590509,14,327,1.0,KG
313,SDC-VD0901566A,M-1810,item:338928,10000.0,10000.0,15,328,1.0,UN
313,SDC-VD0914360C,M-1810,item:338929,10143.107907,10143.107907,58,371,1.0,UN
313,SDC-VD0989480A,M-1810,item:426331,111.574187,111.574187,17,330,1.0,UN
313,SDC-1450,M-1810,item:693055,4118.10181,4118.10181,101,414,1.0,G
313,M-1430,DC-1920,item:268967,5200.0,5200.0,3,316,1.0,UN
313,M-1810,DC-1920,item:268091,10143.107907,10143.107907,3,316,1.0,UN
313,DC-1920,C-XXXXX,item:268091,10138.84054,10138.84054,2,315,1.0,UN
313,SDC-VD0949099A,SDC-1450,item:021081,297.1618,312.801895,95,408,0.95,KG
313,SDC-VD0960508A,SDC-1450,item:021081,84.903371,84.903371,240,553,1.0,KG
313,SDC-VD0972460A,SDC-1450,item:021081,21.225843,21.225843,178,491,1.0,KG
313,SDC-VD0975221A,SDC-1450,item:021081,21.225843,21.225843,65,378,1.0,KG
313,SDC-1450,M-1810,item:007923,32944.814482,32944.814482,1,314,1.0,G
314,SDC-VD0520132A,M-1430,item:038005,90.995715,90.995715,101,415,1.0,KG
314,SDC-VD0914690A,M-1430,item:042342,313778.4,313778.4,11,325,1.0,UN
314,SDC-VD0525412A,M-1430,item:333362,5200.0,5200.0,57,371,1.0,UN
314,SDC-VD0993480A,M-1430,item:344135,5200.0,5200.0,44,358,1.0,UN
314,SDC-VD0520115A,M-1430,item:708073,41.236,41.236,18,332,1.0,KG
314,SDC-VD0508918A,M-1430,item:730384,1102.4,1102.4,29,343,1.0,M
314,SDC-VD1095770A,M-1430,item:734545,41.6,41.6,17,331,1.0,UN
314,SDC-1450,M-1430,item:773474,50204.5336,50204.5336,9,323,1.0,G
314,SDC-VD0951020A,M-1810,item:001757,16.472638,16.472638,84,398,1.0,KG
314,SDC-VD0519670A,M-1810,item:001848,8.648135,8.648135,15,329,1.0,KG
314,SDC-VD0951020A,M-1810,item:001848,3.706344,3.706344,41,355,1.0,KG
314,SDC-VD0910216A,M-1810,item:001893,54.771522,54.771522,27,341,1.0,KG
314,SDC-VD1091642A,M-1810,item:001893,15.649006,15.649006,29,343,1.0,KG
314,SDC-VD0518684A,M-1810,item:001893,7.824503,7.824503,48,362,1.0,KG
314,SDC-VD0910216A,M-1810,item:002612,7.262207,7.262207,43,357,1.0,KG
314,SDC-VD0990780A,M-1810,item:002612,4.11816,4.11816,70,384,1.0,KG
314,SDC-VD1091642A,M-1810,item:002612,1.02954,1.02954,36,350,1.0,KG
314,SDC-VD0500655A,M-1810,item:002612,1.02954,1.02954,21,335,1.0,KG
314,SDC-VD0990780A,M-1810,item:002612,7.151352,7.151352,7,321,1.0,KG
314,SDC-VD0514881A,M-1810,item:016332,4.941791,4.941791,98,412,1.0,KG
314,SDC-VD0519670A,M-1810,item:029313,0.411816,0.411816,63,377,1.0,KG
314,SDC-VD1096202A,M-1810,item:039668,0.411816,0.411816,26,340,1.0,KG
314,SDC-VD0520132A,M-1810,item:049371,15.23719,15.23719,149,463,1.0,KG
314,SDC-VD0914320A,M-1810,item:055703,0.576542,0.576542,14,328,1.0,KG
314,SDC-VD0964290A,M-1810,item:055703,0.24709,0.24709,29,343,1.0,KG
314,SDC-VD0505677A,M-1810,item:099439,20.590798,20.590798,36,350,1.0,KG
314,SDC-VD0901566A,M-1810,item:338928,10000.0,10000.0,71,385,1.0,UN
314,SDC-VD0914360C,M-1810,item:338929,10143.250153,10143.250153,41,355,1.0,UN
314,SDC-VD0989480A,M-1810,item:426331,111.575752,111.575752,16,330,1.0,UN
314,SDC-1450,M-1810,item:693055,4118.159562,4118.159562,27,341,1.0,G
314,M-1430,DC-1920,item:268967,5200.0,5200.0,3,317,1.0,UN
314,M-1810,DC-1920,item:268091,10143.250153,10143.250153,3,317,1.0,UN
314,DC-1920,C-XXXXX,item:268091,10142.396679,10142.396679,4,318,1.0,UN
314,SDC-VD0949099A,SDC-1450,item:021081,301.855278,317.742398,81,395,0.95,KG
314,SDC-VD0960508A,SDC-1450,item:021081,86.244365,86.244365,96,410,1.0,KG
314,SDC-VD0972460A,SDC-1450,item:021081,21.561091,21.561091,62,376,1.0,KG
314,SDC-VD0975221A,SDC-1450,item:021081,21.561091,21.561091,86,400,1.0,KG
314,SDC-1450,M-1810,item:007923,32945.276496,32945.276496,1,315,1.0,G
315,SDC-VD0520132A,M-1430,item:038005,80.706026,80.706026,147,462,1.0,KG
315,SDC-VD0914690A,M-1430,item:042342,278296.705554,278296.705554,34,349,1.0,UN
315,SDC-VD0525412A,M-1430,item:333362,4611.990082,4611.990082,77,392,1.0,UN
315,SDC-VD0993480A,M-1430,item:344135,4611.990082,4611.990082,52,367,1.0,UN
315,SDC-VD0520115A,M-1430,item:708073,36.573081,36.573081,34,349,1.0,KG
315,SDC-VD0508918A,M-1430,item:730384,977.741897,977.741897,43,358,1.0,M
315,SDC-VD1095770A,M-1430,item:734545,36.895921,36.895921,32,347,1.0,UN
315,SDC-1450,M-1430,item:773474,44527.463665,44527.463665,7,322,1.0,G
315,SDC-VD0951020A,M-1810,item:001757,11.267718,11.267718,20,335,1.0,KG
315,SDC-VD0519670A,M-1810,item:001848,5.915552,5.915552,11,326,1.0,KG
315,SDC-VD0951020A,M-1810,item:001848,2.535237,2.535237,22,337,1.0,KG
315,SDC-VD0910216A,M-1810,item:001893,34.562939,34.562939,11,326,1.0,KG
315,SDC-VD1091642A,M-1810,item:001893,10.704332,10.704332,52,367,1.0,KG
315,SDC-VD0518684A,M-1810,item:001893,5.352166,5.352166,72,387,1.0,KG
315,SDC-VD1091642A,M-1810,item:001893,2.902223,2.902223,29,344,1.0,KG
315,SDC-VD0910216A,M-1810,item:002612,7.272695,7.272695,22,337,1.0,KG
315,SDC-VD0990780A,M-1810,item:002612,2.81693,2.81693,13,328,1.0,KG
315,SDC-VD1091642A,M-1810,item:002612,0.704232,0.704232,33,348,1.0,KG
315,SDC-VD0500655A,M-1810,item:002612,0.704232,0.704232,35,350,1.0,KG
315,SDC-VD0990780A,M-1810,item:002612,2.586558,2.586558,30,345,1.0,KG
315,SDC-VD0514881A,M-1810,item:016332,3.380315,3.380315,45,360,1.0,KG
315,SDC-VD0519670A,M-1810,item:029313,0.281693,0.281693,38,353,1.0,KG
315,SDC-VD1096202A,M-1810,item:039668,0.281693,0.281693,55,370,1.0,KG
315,SDC-VD0520132A,M-1810,item:049371,10.422639,10.422639,72,387,1.0,KG
315,SDC-VD0914320A,M-1810,item:055703,0.39437,0.39437,11,326,1.0,KG
315,SDC-VD0964290A,M-1810,item:055703,0.169016,0.169016,42,357,1.0,KG
315,SDC-VD0505677A,M-1810,item:099439,14.084648,14.084648,24,339,1.0,KG
315,SDC-VD0901566A,M-1810,item:338928,7659.06153,7659.06153,69,384,1.0,UN
315,SDC-VD0914360C,M-1810,item:338929,6938.250031,6938.250031,70,385,1.0,UN
315,SDC-VD0989480A,M-1810,item:426331,76.32075,76.32075,19,334,1.0,UN
315,SDC-1450,M-1810,item:693055,2816.929512,2816.929512,72,387,1.0,G
315,M-1430,DC-1920,item:268967,880.999999,880.999999,2,317,1.0,UN
315,M-1810,DC-1920,item:268091,6938.250031,6938.250031,4,319,1.0,UN
315,DC-1920,C-XXXXX,item:268967,10400.0,10400.0,3,318,1.0,UN
315,SDC-VD0949099A,SDC-1450,item:021081,305.258912,321.325171,71,386,0.95,KG
315,SDC-VD0960508A,SDC-1450,item:021081,87.216832,87.216832,55,370,1.0,KG
315,SDC-VD0972460A,SDC-1450,item:021081,21.804208,21.804208,97,412,1.0,KG
315,SDC-VD0975221A,SDC-1450,item:021081,21.804208,21.804208,240,555,1.0,KG
315,SDC-1450,M-1810,item:007923,22535.436099,22535.436099,2,317,1.0,G
316,SDC-VD0520132A,M-1430,item:038005,56.842823,56.842823,156,472,1.0,KG
316,SDC-VD0914690A,M-1430,item:042342,196009.78061,196009.78061,12,328,1.0,UN
316,SDC-VD0525412A,M-1430,item:333362,3248.314285,3248.314285,104,420,1.0,UN
316,SDC-VD0993480A,M-1430,item:344135,3248.314285,3248.314285,8,324,1.0,UN
316,SDC-VD0520115A,M-1430,item:708073,25.759132,25.759132,33,349,1.0,KG
316,SDC-VD0508918A,M-1430,item:730384,688.642629,688.642629,31,347,1.0,M
316,SDC-VD1095770A,M-1430,item:734545,25.986514,25.986514,20,336,1.0,UN
316,SDC-1450,M-1430,item:773474,31361.558401,31361.558401,19,335,1.0,G
316,SDC-VD0951020A,M-1810,item:001757,10.226734,10.226734,65,381,1.0,KG
316,SDC-VD0519670A,M-1810,item:001848,5.369035,5.369035,27,343,1.0,KG
316,SDC-VD0951020A,M-1810,item:001848,2.301015,2.301015,73,389,1.0,KG
316,SDC-VD0910216A,M-1810,item:001893,27.644212,27.644212,50,366,1.0,KG
316,SDC-VD1091642A,M-1810,item:001893,9.715397,9.715397,36,352,1.0,KG
316,SDC-VD0518684A,M-1810,item:001893,4.857699,4.857699,103,419,1.0,KG
316,SDC-VD1091642A,M-1810,item:001893,6.359679,6.359679,84,400,1.0,KG
316,SDC-VD0910216A,M-1810,item:002612,7.274793,7.274793,43,359,1.0,KG
316,SDC-VD0990780A,M-1810,item:002612,2.556684,2.556684,60,376,1.0,KG
316,SDC-VD1091642A,M-1810,item:002612,0.639171,0.639171,58,374,1.0,KG
316,SDC-VD0500655A,M-1810,item:002612,0.639171,0.639171,30,346,1.0,KG
316,SDC-VD0990780A,M-1810,item:002612,1.6736,1.6736,42,358,1.0,KG
316,SDC-VD0514881A,M-1810,item:016332,3.06802,3.06802,98,414,1.0,KG
316,SDC-VD0519670A,M-1810,item:029313,0.255668,0.255668,74,390,1.0,KG
316,SDC-VD1096202A,M-1810,item:039668,0.255668,0.255668,17,333,1.0,KG
316,SDC-VD0520132A,M-1810,item:049371,9.459729,9.459729,150,466,1.0,KG
316,SDC-VD0914320A,M-1810,item:055703,0.357936,0.357936,42,358,1.0,KG
316,SDC-VD0964290A,M-1810,item:055703,0.153401,0.153401,25,341,1.0,KG
316,SDC-VD0505677A,M-1810,item:099439,12.783418,12.783418,4,320,1.0,KG
316,SDC-VD0901566A,M-1810,item:338928,6297.250006,6297.250006,140,456,1.0,UN
316,SDC-VD0914360C,M-1810,item:338929,6297.250006,6297.250006,36,352,1.0,UN
316,SDC-VD0989480A,M-1810,item:426331,69.26975,69.26975,16,332,1.0,UN
316,SDC-1450,M-1810,item:693055,2556.683502,2556.683502,87,403,1.0,G
316,M-1430,DC-1920,item:268967,6979.304369,6979.304369,4,320,1.0,UN
316,M-1810,DC-1920,item:268091,6297.250006,6297.250006,4,320,1.0,UN
316,DC-1920,C-XXXXX,item:268967,5200.0,5200.0,4,320,1.0,UN
316,DC-1920,C-XXXXX,item:268091,10143.107907,10143.107907,5,321,1.0,UN
316,SDC-VD0949099A,SDC-1450,item:021081,300.61843,316.440453,116,432,0.95,KG
316,SDC-VD0960508A,SDC-1450,item:021081,85.89098,85.89098,47,363,1.0,KG
316,SDC-VD0972460A,SDC-1450,item:021081,21.472745,21.472745,65,381,1.0,KG
316,SDC-VD0975221A,SDC-1450,item:021081,21.472745,21.472745,200,516,1.0,KG
316,SDC-1450,M-1810,item:007923,20453.46802,20453.46802,1,317,1.0,G
317,SDC-VD0520132A,M-1430,item:038005,65.128033,65.128033,142,459,1.0,KG
317,SDC-VD0914690A,M-1430,item:042342,224579.476344,224579.476344,13,330,1.0,UN
317,SDC-VD0525412A,M-1430,item:333362,3721.777143,3721.777143,77,394,1.0,UN
317,SDC-VD0993480A,M-1430,item:344135,3721.777143,3721.777143,49,366,1.0,UN
317,SDC-VD0520115A,M-1430,item:708073,29.513693,29.513693,20,337,1.0,KG
317,SDC-VD0508918A,M-1430,item:730384,789.016754,789.016754,63,380,1.0,M
317,SDC-VD1095770A,M-1430,item:734545,29.774217,29.774217,33,350,1.0,UN
317,SDC-1450,M-1430,item:773474,35932.708771,35932.708771,13,330,1.0,G
317,SDC-VD0951020A,M-1810,item:001757,10.018537,10.018537,92,409,1.0,KG
317,SDC-VD0519670A,M-1810,item:001848,5.259732,5.259732,24,341,1.0,KG
317,SDC-VD0951020A,M-1810,item:001848,2.254171,2.254171,102,419,1.0,KG
317,SDC-VD0910216A,M-1810,item:001893,27.645806,27.645806,26,343,1.0,KG
317,SDC-VD1091642A,M-1810,item:001893,9.51761,9.51761,80,397,1.0,KG
317,SDC-VD0518684A,M-1810,item:001893,4.758805,4.758805,50,367,1.0,KG
317,SDC-VD1091642A,M-1810,item:001893,5.66583,5.66583,53,370,1.0,KG
317,SDC-VD0910216A,M-1810,item:002612,7.275212,7.275212,47,364,1.0,KG
317,SDC-VD0990780A,M-1810,item:002612,2.504634,2.504634,19,336,1.0,KG
317,SDC-VD1091642A,M-1810,item:002612,0.626159,0.626159,70,387,1.0,KG
317,SDC-VD0500655A,M-1810,item:002612,0.626159,0.626159,30,347,1.0,KG
317,SDC-VD0990780A,M-1810,item:002612,1.491008,1.491008,40,357,1.0,KG
317,SDC-VD0514881A,M-1810,item:016332,3.005561,3.005561,89,406,1.0,KG
317,SDC-VD0519670A,M-1810,item:029313,0.250463,0.250463,51,368,1.0,KG
317,SDC-VD1096202A,M-1810,item:039668,0.250463,0.250463,43,360,1.0,KG
317,SDC-VD0520132A,M-1810,item:049371,9.267147,9.267147,214,531,1.0,KG
317,SDC-VD0914320A,M-1810,item:055703,0.350649,0.350649,36,353,1.0,KG
317,SDC-VD0964290A,M-1810,item:055703,0.150278,0.150278,29,346,1.0,KG
317,SDC-VD0505677A,M-1810,item:099439,12.523172,12.523172,29,346,1.0,KG
317,SDC-VD0901566A,M-1810,item:338928,6169.050001,6169.050001,96,413,1.0,UN
317,SDC-VD0914360C,M-1810,item:338929,6169.050001,6169.050001,38,355,1.0,UN
317,SDC-VD0989480A,M-1810,item:426331,67.85955,67.85955,45,362,1.0,UN
317,SDC-1450,M-1810,item:693055,2504.6343,2504.6343,57,374,1.0,G
317,M-1430,DC-1920,item:268967,3721.777143,3721.777143,2,319,1.0,UN
317,M-1810,DC-1920,item:268091,6169.050001,6169.050001,4,321,1.0,UN
317,DC-1920,C-XXXXX,item:268967,11280.999999,11280.999999,2,319,1.0,UN
317,DC-1920,C-XXXXX,item:268091,10143.250153,10143.250153,2,319,1.0,UN
317,SDC-VD0949099A,SDC-1450,item:021081,278.818774,293.493447,91,408,0.95,KG
317,SDC-VD0960508A,SDC-1450,item:021081,79.662507,79.662507,183,500,1.0,KG
317,SDC-VD0972460A,SDC-1450,item:021081,19.915627,19.915627,78,395,1.0,KG
317,SDC-VD0975221A,SDC-1450,item:021081,19.915627,19.915627,196,513,1.0,KG
317,SDC-1450,M-1810,item:007923,20037.074404,20037.074404,1,318,1.0,G
318,SDC-VD0520132A,M-1430,item:038005,66.785075,66.785075,72,390,1.0,KG
318,SDC-VD0914690A,M-1430,item:042342,230293.41549,230293.41549,26,344,1.0,UN
318,SDC-VD0525412A,M-1430,item:333362,3816.469714,3816.469714,112,430,1.0,UN
318,SDC-VD0993480A,M-1430,item:344135,3816.469714,3816.469714,68,386,1.0,UN
318,SDC-VD0520115A,M-1430,item:708073,30.264605,30.264605,18,336,1.0,KG
318,SDC-VD0508918A,M-1430,item:730384,809.091579,809.091579,56,374,1.0,M
318,SDC-VD1095770A,M-1430,item:734545,30.531758,30.531758,26,344,1.0,UN
318,SDC-1450,M-1430,item:773474,36846.938846,36846.938846,6,324,1.0,G
318,SDC-VD0951020A,M-1810,item:001757,9.976898,9.976898,168,486,1.0,KG
318,SDC-VD0519670A,M-1810,item:001848,5.237871,5.237871,18,336,1.0,KG
318,SDC-VD0951020A,M-1810,item:001848,2.244802,2.244802,20,338,1.0,KG
318,SDC-VD0910216A,M-1810,item:001893,27.646125,27.646125,53,371,1.0,KG
318,SDC-VD1091642A,M-1810,item:001893,9.478053,9.478053,20,338,1.0,KG
318,SDC-VD0518684A,M-1810,item:001893,4.739026,4.739026,35,353,1.0,KG
318,SDC-VD1091642A,M-1810,item:001893,5.52706,5.52706,40,358,1.0,KG
318,SDC-VD0910216A,M-1810,item:002612,7.275296,7.275296,13,331,1.0,KG
318,SDC-VD0990780A,M-1810,item:002612,2.494224,2.494224,33,351,1.0,KG
318,SDC-VD1091642A,M-1810,item:002612,0.623556,0.623556,44,362,1.0,KG
318,SDC-VD0500655A,M-1810,item:002612,0.623556,0.623556,26,344,1.0,KG
318,SDC-VD0990780A,M-1810,item:002612,1.45449,1.45449,21,339,1.0,KG
318,SDC-VD0514881A,M-1810,item:016332,2.993069,2.993069,14,332,1.0,KG
318,SDC-VD0519670A,M-1810,item:029313,0.249422,0.249422,48,366,1.0,KG
318,SDC-VD1096202A,M-1810,item:039668,0.249422,0.249422,34,352,1.0,KG
318,SDC-VD0520132A,M-1810,item:049371,9.228631,9.228631,266,584,1.0,KG
318,SDC-VD0914320A,M-1810,item:055703,0.349191,0.349191,11,329,1.0,KG
318,SDC-VD0964290A,M-1810,item:055703,0.149653,0.149653,43,361,1.0,KG
318,SDC-VD0505677A,M-1810,item:099439,12.471122,12.471122,46,364,1.0,KG
318,SDC-VD0901566A,M-1810,item:338928,6143.41,6143.41,72,390,1.0,UN
318,SDC-VD0914360C,M-1810,item:338929,6143.41,6143.41,40,358,1.0,UN
318,SDC-VD0989480A,M-1810,item:426331,67.57751,67.57751,29,347,1.0,UN
318,SDC-1450,M-1810,item:693055,2494.22446,2494.22446,47,365,1.0,G
318,M-1430,DC-1920,item:268967,3816.469714,3816.469714,2,320,1.0,UN
318,M-1810,DC-1920,item:268091,6143.41,6143.41,3,321,1.0,UN
318,SDC-VD0949099A,SDC-1450,item:021081,263.668466,277.545754,162,480,0.95,KG
318,SDC-VD0960508A,SDC-1450,item:021081,75.333848,75.333848,111,429,1.0,KG
318,SDC-VD0972460A,SDC-1450,item:021081,18.833462,18.833462,121,439,1.0,KG
318,SDC-VD0975221A,SDC-1450,item:021081,18.833462,18.833462,77,395,1.0,KG
318,SDC-1450,M-1810,item:007923,19953.795681,19953.795681,1,319,1.0,G
319,SDC-VD0520132A,M-1430,item:038005,67.116484,67.116484,104,423,1.0,KG
319,SDC-VD0914690A,M-1430,item:042342,231436.20332,231436.20332,25,344,1.0,UN
319,SDC-VD0525412A,M-1430,item:333362,3835.408228,3835.408228,28,347,1.0,UN
319,SDC-VD0993480A,M-1430,item:344135,3835.408228,3835.408228,68,387,1.0,UN
319,SDC-VD0520115A,M-1430,item:708073,30.414787,30.414787,18,337,1.0,KG
319,SDC-VD0508918A,M-1430,item:730384,813.106544,813.106544,30,349,1.0,M
319,SDC-VD1095770A,M-1430,item:734545,30.683266,30.683266,8,327,1.0,UN
319,SDC-1450,M-1430,item:773474,37029.78486,37029.78486,10,329,1.0,G
319,SDC-VD0951020A,M-1810,item:001757,9.96857,9.96857,89,408,1.0,KG
319,SDC-VD0519670A,M-1810,item:001848,5.233499,5.233499,12,331,1.0,KG
319,SDC-VD0951020A,M-1810,item:001848,2.242928,2.242928,103,422,1.0,KG
319,SDC-VD0910216A,M-1810,item:001893,28.472512,28.472512,34,353,1.0,KG
319,SDC-VD1091642A,M-1810,item:001893,9.470141,9.470141,71,390,1.0,KG
319,SDC-VD0518684A,M-1810,item:001893,4.735071,4.735071,70,389,1.0,KG
319,SDC-VD1091642A,M-1810,item:001893,4.672983,4.672983,38,357,1.0,KG
319,SDC-VD0910216A,M-1810,item:002612,7.492766,7.492766,39,358,1.0,KG
319,SDC-VD0990780A,M-1810,item:002612,2.492142,2.492142,20,339,1.0,KG
319,SDC-VD1091642A,M-1810,item:002612,0.623036,0.623036,22,341,1.0,KG
319,SDC-VD0500655A,M-1810,item:002612,0.623036,0.623036,18,337,1.0,KG
319,SDC-VD0990780A,M-1810,item:002612,1.229732,1.229732,15,334,1.0,KG
319,SDC-VD0514881A,M-1810,item:016332,2.990571,2.990571,98,417,1.0,KG
319,SDC-VD0519670A,M-1810,item:029313,0.249214,0.249214,21,340,1.0,KG
319,SDC-VD1096202A,M-1810,item:039668,0.249214,0.249214,51,370,1.0,KG
319,SDC-VD0520132A,M-1810,item:049371,9.220927,9.220927,123,442,1.0,KG
319,SDC-VD0914320A,M-1810,item:055703,0.3489,0.3489,6,325,1.0,KG
319,SDC-VD0964290A,M-1810,item:055703,0.149529,0.149529,39,358,1.0,KG
319,SDC-VD0505677A,M-1810,item:099439,12.460712,12.460712,32,351,1.0,KG
319,SDC-VD0901566A,M-1810,item:338928,6138.282,6138.282,82,401,1.0,UN
319,SDC-VD0914360C,M-1810,item:338929,6138.282,6138.282,34,353,1.0,UN
319,SDC-VD0989480A,M-1810,item:426331,67.521102,67.521102,11,330,1.0,UN
319,SDC-1450,M-1810,item:693055,2492.142492,2492.142492,109,428,1.0,G
319,M-1430,DC-1920,item:268967,3835.408228,3835.408228,3,322,1.0,UN
319,M-1810,DC-1920,item:268091,6138.282,6138.282,6,325,1.0,UN
319,DC-1920,C-XXXXX,item:268967,3721.777143,3721.777143,1,320,1.0,UN
319,DC-1920,C-XXXXX,item:268091,6938.250031,6938.250031,2,321,1.0,UN
319,SDC-VD0949099A,SDC-1450,item:021081,254.02234,267.391937,127,446,0.95,KG
319,SDC-VD0960508A,SDC-1450,item:021081,72.577812,72.577812,146,465,1.0,KG
319,SDC-VD0972460A,SDC-1450,item:021081,18.144453,18.144453,108,427,1.0,KG
319,SDC-VD0975221A,SDC-1450,item:021081,18.144453,18.144453,150,469,1.0,KG
319,SDC-1450,M-1810,item:007923,19937.139936,19937.139936,2,321,1.0,G
320,SDC-VD0520132A,M-1430,item:038005,67.182765,67.182765,283,603,1.0,KG
320,SDC-VD0914690A,M-1430,item:042342,231664.760886,231664.760886,9,329,1.0,UN
320,SDC-VD0525412A,M-1430,item:333362,3839.195931,3839.195931,54,374,1.0,UN
320,SDC-VD0993480A,M-1430,item:344135,3839.195931,3839.195931,15,335,1.0,UN
320,SDC-VD0520115A,M-1430,item:708073,30.444824,30.444824,27,347,1.0,KG
320,SDC-VD0508918A,M-1430,item:730384,813.909537,813.909537,67,387,1.0,M
320,SDC-VD1095770A,M-1430,item:734545,30.713567,30.713567,2,322,1.0,UN
320,SDC-1450,M-1430,item:773474,37066.354063,37066.354063,10,330,1.0,G
320,SDC-VD0951020A,M-1810,item:001757,9.966904,9.966904,23,343,1.0,KG
320,SDC-VD0519670A,M-1810,item:001848,5.232625,5.232625,32,352,1.0,KG
320,SDC-VD0951020A,M-1810,item:001848,2.242553,2.242553,30,350,1.0,KG
320,SDC-VD0910216A,M-1810,item:001893,28.63779,28.63779,6,326,1.0,KG
320,SDC-VD1091642A,M-1810,item:001893,9.468559,9.468559,41,361,1.0,KG
320,SDC-VD0518684A,M-1810,item:001893,4.73428,4.73428,65,385,1.0,KG
320,SDC-VD1091642A,M-1810,item:001893,4.502167,4.502167,59,379,1.0,KG
320,SDC-VD0910216A,M-1810,item:002612,7.53626,7.53626,13,333,1.0,KG
320,SDC-VD0990780A,M-1810,item:002612,2.491726,2.491726,13,333,1.0,KG
320,SDC-VD1091642A,M-1810,item:002612,0.622932,0.622932,28,348,1.0,KG
320,SDC-VD0500655A,M-1810,item:002612,0.622932,0.622932,26,346,1.0,KG
320,SDC-VD0990780A,M-1810,item:002612,1.184781,1.184781,48,368,1.0,KG
320,SDC-VD0514881A,M-1810,item:016332,2.990071,2.990071,61,381,1.0,KG
320,SDC-VD0519670A,M-1810,item:029313,0.249173,0.249173,39,359,1.0,KG
320,SDC-VD1096202A,M-1810,item:039668,0.249173,0.249173,42,362,1.0,KG
320,SDC-VD0520132A,M-1810,item:049371,9.219387,9.219387,278,598,1.0,KG
320,SDC-VD0914320A,M-1810,item:055703,0.348842,0.348842,17,337,1.0,KG
320,SDC-VD0964290A,M-1810,item:055703,0.149504,0.149504,84,404,1.0,KG
320,SDC-VD0505677A,M-1810,item:099439,12.45863,12.45863,23,343,1.0,KG
320,SDC-VD0901566A,M-1810,item:338928,6137.2564,6137.2564,85,405,1.0,UN
320,SDC-VD0914360C,M-1810,item:338929,6137.2564,6137.2564,22,342,1.0,UN
320,SDC-VD0989480A,M-1810,item:426331,67.50982,67.50982,28,348,1.0,UN
320,SDC-1450,M-1810,item:693055,2491.726098,2491.726098,24,344,1.0,G
320,M-1430,DC-1920,item:268967,3839.195931,3839.195931,2,322,1.0,UN
320,M-1810,DC-1920,item:268091,6137.2564,6137.2564,3,323,1.0,UN
320,DC-1920,C-XXXXX,item:268967,10795.774083,10795.774083,3,323,1.0,UN
320,DC-1920,C-XXXXX,item:268091,6297.250006,6297.250006,3,323,1.0,UN
320,SDC-VD0949099A,SDC-1450,item:021081,247.635126,260.668553,164,484,0.95,KG
320,SDC-VD0960508A,SDC-1450,item:021081,70.752893,70.752893,125,445,1.0,KG
320,SDC-VD0972460A,SDC-1450,item:021081,17.688223,17.688223,57,377,1.0,KG
320,SDC-VD0975221A,SDC-1450,item:021081,17.688223,17.688223,94,414,1.0,KG
320,SDC-1450,M-1810,item:007923,19933.808787,19933.808787,1,321,1.0,G
321,SDC-VD0520132A,M-1430,item:038005,67.196022,67.196022,68,389,1.0,KG
321,SDC-VD0914690A,M-1430,item:042342,231710.472399,231710.472399,33,354,1.0,UN
321,SDC-VD0525412A,M-1430,item:333362,3839.953472,3839.953472,49,370,1.0,UN
321,SDC-VD0993480A,M-1430,item:344135,3839.953472,3839.953472,19,340,1.0,UN
321,SDC-VD0520115A,M-1430,item:708073,30.450831,30.450831,27,348,1.0,KG
321,SDC-VD0508918A,M-1430,item:730384,814.070136,814.070136,87,408,1.0,M
321,SDC-VD1095770A,M-1430,item:734545,30.719628,30.719628,14,335,1.0,UN
321,SDC-1450,M-1430,item:773474,37073.667904,37073.667904,23,344,1.0,G
321,SDC-VD0951020A,M-1810,item:001757,9.966571,9.966571,44,365,1.0,KG
321,SDC-VD0519670A,M-1810,item:001848,5.23245,5.23245,14,335,1.0,KG
321,SDC-VD0951020A,M-1810,item:001848,2.242479,2.242479,38,359,1.0,KG
321,SDC-VD0910216A,M-1810,item:001893,28.670845,28.670845,42,363,1.0,KG
321,SDC-VD1091642A,M-1810,item:001893,9.468243,9.468243,71,392,1.0,KG
321,SDC-VD0518684A,M-1810,item:001893,4.734121,4.734121,63,384,1.0,KG
321,SDC-VD1091642A,M-1810,item:001893,4.468004,4.468004,27,348,1.0,KG
321,SDC-VD0910216A,M-1810,item:002612,7.544959,7.544959,31,352,1.0,KG
321,SDC-VD0990780A,M-1810,item:002612,2.491643,2.491643,48,369,1.0,KG
321,SDC-VD1091642A,M-1810,item:002612,0.622911,0.622911,70,391,1.0,KG
321,SDC-VD0500655A,M-1810,item:002612,0.622911,0.622911,16,337,1.0,KG
321,SDC-VD0990780A,M-1810,item:002612,1.175791,1.175791,11,332,1.0,KG
321,SDC-VD0514881A,M-1810,item:016332,2.989971,2.989971,53,374,1.0,KG
321,SDC-VD0519670A,M-1810,item:029313,0.249164,0.249164,33,354,1.0,KG
321,SDC-VD1096202A,M-1810,item:039668,0.249164,0.249164,37,358,1.0,KG
321,SDC-VD0520132A,M-1810,item:049371,9.219078,9.219078,166,487,1.0,KG
321,SDC-VD0914320A,M-1810,item:055703,0.34883,0.34883,19,340,1.0,KG
321,SDC-VD0964290A,M-1810,item:055703,0.149499,0.149499,52,373,1.0,KG
321,SDC-VD0505677A,M-1810,item:099439,12.458214,12.458214,36,357,1.0,KG
321,SDC-VD0901566A,M-1810,item:338928,6137.05128,6137.05128,44,365,1.0,UN
321,SDC-VD0914360C,M-1810,item:338929,6137.05128,6137.05128,15,336,1.0,UN
321,SDC-VD0989480A,M-1810,item:426331,67.507564,67.507564,14,335,1.0,UN
321,SDC-1450,M-1810,item:693055,2491.64282,2491.64282,62,383,1.0,G
321,M-1430,DC-1920,item:268967,3839.953472,3839.953472,10,331,1.0,UN
321,M-1810,DC-1920,item:268091,6137.05128,6137.05128,3,324,1.0,UN
321,DC-1920,C-XXXXX,item:268091,12312.460001,12312.460001,1,322,1.0,UN
321,SDC-VD0949099A,SDC-1450,item:021081,243.222906,256.024112,60,381,0.95,KG
321,SDC-VD0960508A,SDC-1450,item:021081,69.492259,69.492259,181,502,1.0,KG
321,SDC-VD0972460A,SDC-1450,item:021081,17.373065,17.373065,74,395,1.0,KG
321,SDC-VD0975221A,SDC-1450,item:021081,17.373065,17.373065,52,373,1.0,KG
321,SDC-1450,M-1810,item:007923,19933.142557,19933.142557,1,322,1.0,G
322,SDC-VD0520132A,M-1430,item:038005,84.905839,84.905839,149,471,1.0,KG
322,SDC-VD0914690A,M-1430,item:042342,292778.82248,292778.82248,18,340,1.0,UN
322,SDC-VD0525412A,M-1430,item:333362,4851.990694,4851.990694,61,383,1.0,UN
322,SDC-VD0993480A,M-1430,item:344135,4851.990694,4851.990694,22,344,1.0,UN
322,SDC-VD0520115A,M-1430,item:708073,38.476286,38.476286,18,340,1.0,KG
322,SDC-VD0508918A,M-1430,item:730384,1028.622027,1028.622027,65,387,1.0,M
322,SDC-VD1095770A,M-1430,item:734545,38.815926,38.815926,37,359,1.0,UN
322,SDC-1450,M-1430,item:773474,46844.601893,46844.601893,8,330,1.0,G
322,SDC-VD0951020A,M-1810,item:001757,19.3256,19.3256,90,412,1.0,KG
322,SDC-VD0519670A,M-1810,item:001848,10.14594,10.14594,12,334,1.0,KG
322,SDC-VD0951020A,M-1810,item:001848,4.34826,4.34826,91,413,1.0,KG
322,SDC-VD0910216A,M-1810,item:001893,28.677456,28.677456,36,358,1.0,KG
322,SDC-VD1091642A,M-1810,item:001893,18.35932,18.35932,72,394,1.0,KG
322,SDC-VD0518684A,M-1810,item:001893,9.17966,9.17966,76,398,1.0,KG
322,SDC-VD1091642A,M-1810,item:001893,35.580164,35.580164,25,347,1.0,KG
322,SDC-VD0910216A,M-1810,item:002612,7.546699,7.546699,59,381,1.0,KG
322,SDC-VD0990780A,M-1810,item:002612,4.8314,4.8314,61,383,1.0,KG
322,SDC-VD1091642A,M-1810,item:002612,1.20785,1.20785,19,341,1.0,KG
322,SDC-VD0500655A,M-1810,item:002612,1.20785,1.20785,24,346,1.0,KG
322,SDC-VD0990780A,M-1810,item:002612,9.363201,9.363201,19,341,1.0,KG
322,SDC-VD0514881A,M-1810,item:016332,5.79768,5.79768,35,357,1.0,KG
322,SDC-VD0519670A,M-1810,item:029313,0.48314,0.48314,38,360,1.0,KG
322,SDC-VD1096202A,M-1810,item:039668,0.48314,0.48314,48,370,1.0,KG
322,SDC-VD0520132A,M-1810,item:049371,17.87618,17.87618,90,412,1.0,KG
322,SDC-VD0914320A,M-1810,item:055703,0.676396,0.676396,9,331,1.0,KG
322,SDC-VD0964290A,M-1810,item:055703,0.289884,0.289884,62,384,1.0,KG
322,SDC-VD0505677A,M-1810,item:099439,24.157,24.157,59,381,1.0,KG
322,SDC-VD0901566A,M-1810,item:338928,10000.0,10000.0,82,404,1.0,UN
322,SDC-VD0914360C,M-1810,item:338929,11900.0,11900.0,13,335,1.0,UN
322,SDC-VD0989480A,M-1810,item:426331,130.9,130.9,41,363,1.0,UN
322,SDC-1450,M-1810,item:693055,4831.4,4831.4,27,349,1.0,G
322,M-1430,DC-1920,item:268967,4851.990694,4851.990694,3,325,1.0,UN
322,M-1810,DC-1920,item:268091,11900.0,11900.0,3,325,1.0,UN
322,DC-1920,C-XXXXX,item:268967,7674.60416,7674.60416,2,324,1.0,UN
322,SDC-VD0949099A,SDC-1450,item:021081,240.097284,252.733983,166,488,0.95,KG
322,SDC-VD0960508A,SDC-1450,item:021081,68.599224,68.599224,54,376,1.0,KG
322,SDC-VD0972460A,SDC-1450,item:021081,17.149806,17.149806,107,429,1.0,KG
322,SDC-VD0975221A,SDC-1450,item:021081,17.149806,17.149806,23,345,1.0,KG
322,SDC-1450,M-1810,item:007923,38651.2,38651.2,1,323,1.0,G
323,SDC-VD0520132A,M-1430,item:038005,88.447803,88.447803,236,559,1.0,KG
323,SDC-VD0914690A,M-1430,item:042342,304992.492496,304992.492496,16,339,1.0,UN
323,SDC-VD0525412A,M-1430,item:333362,5054.398139,5054.398139,68,391,1.0,UN
323,SDC-VD0993480A,M-1430,item:344135,5054.398139,5054.398139,14,337,1.0,UN
323,SDC-VD0520115A,M-1430,item:708073,40.081377,40.081377,16,339,1.0,KG
323,SDC-VD0508918A,M-1430,item:730384,1071.532405,1071.532405,67,390,1.0,M
323,SDC-VD1095770A,M-1430,item:734545,40.435185,40.435185,38,361,1.0,UN
323,SDC-1450,M-1430,item:773474,48798.788691,48798.788691,24,347,1.0,G
323,SDC-VD0951020A,M-1810,item:001757,19.3256,19.3256,130,453,1.0,KG
323,SDC-VD0519670A,M-1810,item:001848,10.14594,10.14594,18,341,1.0,KG
323,SDC-VD0951020A,M-1810,item:001848,4.34826,4.34826,21,344,1.0,KG
323,SDC-VD0910216A,M-1810,item:001893,28.678779,28.678779,33,356,1.0,KG
323,SDC-VD1091642A,M-1810,item:001893,18.35932,18.35932,11,334,1.0,KG
323,SDC-VD0518684A,M-1810,item:001893,9.17966,9.17966,50,373,1.0,KG
323,SDC-VD1091642A,M-1810,item:001893,35.578841,35.578841,54,377,1.0,KG
323,SDC-VD0910216A,M-1810,item:002612,7.547047,7.547047,46,369,1.0,KG
323,SDC-VD0990780A,M-1810,item:002612,4.8314,4.8314,57,380,1.0,KG
323,SDC-VD1091642A,M-1810,item:002612,1.20785,1.20785,60,383,1.0,KG
323,SDC-VD0500655A,M-1810,item:002612,1.20785,1.20785,46,369,1.0,KG
323,SDC-VD0990780A,M-1810,item:002612,9.362853,9.362853,20,343,1.0,KG
323,SDC-VD0514881A,M-1810,item:016332,5.79768,5.79768,70,393,1.0,KG
323,SDC-VD0519670A,M-1810,item:029313,0.48314,0.48314,56,379,1.0,KG
323,SDC-VD1096202A,M-1810,item:039668,0.48314,0.48314,70,393,1.0,KG
323,SDC-VD0520132A,M-1810,item:049371,17.87618,17.87618,92,415,1.0,KG
323,SDC-VD0914320A,M-1810,item:055703,0.676396,0.676396,30,353,1.0,KG
323,SDC-VD0964290A,M-1810,item:055703,0.289884,0.289884,31,354,1.0,KG
323,SDC-VD0505677A,M-1810,item:099439,24.157,24.157,26,349,1.0,KG
323,SDC-VD0901566A,M-1810,item:338928,10000.0,10000.0,111,434,1.0,UN
323,SDC-VD0914360C,M-1810,item:338929,11900.0,11900.0,47,370,1.0,UN
323,SDC-VD0989480A,M-1810,item:426331,130.9,130.9,40,363,1.0,UN
323,SDC-1450,M-1810,item:693055,4831.4,4831.4,33,356,1.0,G
323,M-1430,DC-1920,item:268967,5054.398139,5054.398139,5,328,1.0,UN
323,M-1810,DC-1920,item:268091,11900.0,11900.0,3,326,1.0,UN
323,DC-1920,C-XXXXX,item:268091,6137.2564,6137.2564,3,326,1.0,UN
323,SDC-VD0949099A,SDC-1450,item:021081,250.083406,263.245691,164,487,0.95,KG
323,SDC-VD0960508A,SDC-1450,item:021081,71.452402,71.452402,58,381,1.0,KG
323,SDC-VD0972460A,SDC-1450,item:021081,17.8631,17.8631,97,420,1.0,KG
323,SDC-VD0975221A,SDC-1450,item:021081,17.8631,17.8631,42,365,1.0,KG
323,SDC-1450,M-1810,item:007923,38651.2,38651.2,1,324,1.0,G
324,SDC-VD0520132A,M-1430,item:038005,89.156195,89.156195,161,485,1.0,KG
324,SDC-VD0914690A,M-1430,item:042342,307435.226499,307435.226499,32,356,1.0,UN
324,SDC-VD0525412A,M-1430,item:333362,5094.879628,5094.879628,84,408,1.0,UN
324,SDC-VD0993480A,M-1430,item:344135,5094.879628,5094.879628,35,359,1.0,UN
324,SDC-VD0520115A,M-1430,item:708073,40.402395,40.402395,30,354,1.0,KG
324,SDC-VD0508918A,M-1430,item:730384,1080.114481,1080.114481,23,347,1.0,M
324,SDC-VD1095770A,M-1430,item:734545,40.759037,40.759037,13,337,1.0,UN
324,SDC-1450,M-1430,item:773474,49189.62605,49189.62605,5,329,1.0,G
324,SDC-VD0951020A,M-1810,item:001757,19.3256,19.3256,72,396,1.0,KG
324,SDC-VD0519670A,M-1810,item:001848,10.14594,10.14594,24,348,1.0,KG
324,SDC-VD0951020A,M-1810,item:001848,4.34826,4.34826,44,368,1.0,KG
324,SDC-VD0910216A,M-1810,item:001893,28.679043,28.679043,9,333,1.0,KG
324,SDC-VD1091642A,M-1810,item:001893,18.35932,18.35932,76,400,1.0,KG
324,SDC-VD0518684A,M-1810,item:001893,9.17966,9.17966,72,396,1.0,KG
324,SDC-VD1091642A,M-1810,item:001893,35.578577,35.578577,32,356,1.0,KG
324,SDC-VD0910216A,M-1810,item:002612,7.547117,7.547117,21,345,1.0,KG
324,SDC-VD0990780A,M-1810,item:002612,4.8314,4.8314,14,338,1.0,KG
324,SDC-VD1091642A,M-1810,item:002612,1.20785,1.20785,68,392,1.0,KG
324,SDC-VD0500655A,M-1810,item:002612,1.20785,1.20785,31,355,1.0,KG
324,SDC-VD0990780A,M-1810,item:002612,9.362783,9.362783,65,389,1.0,KG
324,SDC-VD0514881A,M-1810,item:016332,5.79768,5.79768,19,343,1.0,KG
324,SDC-VD0519670A,M-1810,item:029313,0.48314,0.48314,39,363,1.0,KG
324,SDC-VD1096202A,M-1810,item:039668,0.48314,0.48314,15,339,1.0,KG
324,SDC-VD0520132A,M-1810,item:049371,17.87618,17.87618,140,464,1.0,KG
324,SDC-VD0914320A,M-1810,item:055703,0.676396,0.676396,21,345,1.0,KG
324,SDC-VD0964290A,M-1810,item:055703,0.289884,0.289884,63,387,1.0,KG
324,SDC-VD0505677A,M-1810,item:099439,24.157,24.157,48,372,1.0,KG
324,SDC-VD0901566A,M-1810,item:338928,10000.0,10000.0,76,400,1.0,UN
324,SDC-VD0914360C,M-1810,item:338929,11900.0,11900.0,57,381,1.0,UN
324,SDC-VD0989480A,M-1810,item:426331,130.9,130.9,18,342,1.0,UN
324,SDC-1450,M-1810,item:693055,4831.4,4831.4,57,381,1.0,G
324,M-1430,DC-1920,item:268967,5094.879628,5094.879628,3,327,1.0,UN
324,M-1810,DC-1920,item:268091,11900.0,11900.0,2,326,1.0,UN
324,DC-1920,C-XXXXX,item:268091,6137.05128,6137.05128,1,325,1.0,UN
324,SDC-VD0949099A,SDC-1450,item:021081,263.140514,276.990014,135,459,0.95,KG
324,SDC-VD0960508A,SDC-1450,item:021081,75.183004,75.183004,57,381,1.0,KG
324,SDC-VD0972460A,SDC-1450,item:021081,18.795751,18.795751,47,371,1.0,KG
324,SDC-VD0975221A,SDC-1450,item:021081,18.795751,18.795751,94,418,1.0,KG
324,SDC-1450,M-1810,item:007923,38651.2,38651.2,2,326,1.0,G
325,SDC-VD0520132A,M-1430,item:038005,89.297874,89.297874,132,457,1.0,KG
325,SDC-VD0914690A,M-1430,item:042342,307923.7733,307923.7733,42,367,1.0,UN
325,SDC-VD0525412A,M-1430,item:333362,5102.975926,5102.975926,111,436,1.0,UN
325,SDC-VD0993480A,M-1430,item:344135,5102.975926,5102.975926,19,344,1.0,UN
325,SDC-VD0520115A,M-1430,item:708073,40.466599,40.466599,28,353,1.0,KG
325,SDC-VD0508918A,M-1430,item:730384,1081.830896,1081.830896,106,431,1.0,M
325,SDC-VD1095770A,M-1430,item:734545,40.823807,40.823807,26,351,1.0,UN
325,SDC-1450,M-1430,item:773474,49267.793522,49267.793522,8,333,1.0,G
325,SDC-VD0951020A,M-1810,item:001757,19.3256,19.3256,28,353,1.0,KG
325,SDC-VD0519670A,M-1810,item:001848,10.14594,10.14594,14,339,1.0,KG
325,SDC-VD0951020A,M-1810,item:001848,4.34826,4.34826,40,365,1.0,KG
325,SDC-VD0910216A,M-1810,item:001893,28.679096,28.679096,13,338,1.0,KG
325,SDC-VD1091642A,M-1810,item:001893,18.35932,18.35932,43,368,1.0,KG
325,SDC-VD0518684A,M-1810,item:001893,9.17966,9.17966,15,340,1.0,KG
325,SDC-VD1091642A,M-1810,item:001893,35.578524,35.578524,19,344,1.0,KG
325,SDC-VD0910216A,M-1810,item:002612,7.547131,7.547131,29,354,1.0,KG
325,SDC-VD0990780A,M-1810,item:002612,4.8314,4.8314,15,340,1.0,KG
325,SDC-VD1091642A,M-1810,item:002612,1.20785,1.20785,37,362,1.0,KG
325,SDC-VD0500655A,M-1810,item:002612,1.20785,1.20785,20,345,1.0,KG
325,SDC-VD0990780A,M-1810,item:002612,9.362769,9.362769,22,347,1.0,KG
325,SDC-VD0514881A,M-1810,item:016332,5.79768,5.79768,61,386,1.0,KG
325,SDC-VD0519670A,M-1810,item:029313,0.48314,0.48314,80,405,1.0,KG
325,SDC-VD1096202A,M-1810,item:039668,0.48314,0.48314,53,378,1.0,KG
325,SDC-VD0520132A,M-1810,item:049371,17.87618,17.87618,52,377,1.0,KG
325,SDC-VD0914320A,M-1810,item:055703,0.676396,0.676396,33,358,1.0,KG
325,SDC-VD0964290A,M-1810,item:055703,0.289884,0.289884,34,359,1.0,KG
325,SDC-VD0505677A,M-1810,item:099439,24.157,24.157,38,363,1.0,KG
325,SDC-VD0901566A,M-1810,item:338928,10000.0,10000.0,61,386,1.0,UN
325,SDC-VD0914360C,M-1810,item:338929,11900.0,11900.0,49,374,1.0,UN
325,SDC-VD0989480A,M-1810,item:426331,130.9,130.9,16,341,1.0,UN
325,SDC-1450,M-1810,item:693055,4831.4,4831.4,67,392,1.0,G
325,M-1430,DC-1920,item:268967,5102.975926,5102.975926,5,330,1.0,UN
325,M-1810,DC-1920,item:268091,11900.0,11900.0,2,327,1.0,UN
325,DC-1920,C-XXXXX,item:268967,4851.990694,4851.990694,2,327,1.0,UN
325,DC-1920,C-XXXXX,item:268091,18038.282,18038.282,3,328,1.0,UN
325,SDC-VD0949099A,SDC-1450,item:021081,274.689568,289.146914,240,565,0.95,KG
325,SDC-VD0960508A,SDC-1450,item:021081,78.482734,78.482734,176,501,1.0,KG
325,SDC-VD0972460A,SDC-1450,item:021081,19.620683,19.620683,95,420,1.0,KG
325,SDC-VD0975221A,SDC-1450,item:021081,19.620683,19.620683,180,505,1.0,KG
325,SDC-1450,M-1810,item:007923,38651.2,38651.2,2,327,1.0,G
326,SDC-VD0520132A,M-1430,item:038005,89.32621,89.32621,252,578,1.0,KG
326,SDC-VD0914690A,M-1430,item:042342,308021.48266,308021.48266,40,366,1.0,UN
326,SDC-VD0525412A,M-1430,item:333362,5104.595185,5104.595185,17,343,1.0,UN
326,SDC-VD0993480A,M-1430,item:344135,5104.595185,5104.595185,57,383,1.0,UN
326,SDC-VD0520115A,M-1430,item:708073,40.47944,40.47944,20,346,1.0,KG
326,SDC-VD0508918A,M-1430,item:730384,1082.174179,1082.174179,41,367,1.0,M
326,SDC-VD1095770A,M-1430,item:734545,40.836761,40.836761,35,361,1.0,UN
326,SDC-1450,M-1430,item:773474,49283.427016,49283.427016,15,341,1.0,G
326,SDC-VD0951020A,M-1810,item:001757,19.3256,19.3256,39,365,1.0,KG
326,SDC-VD0519670A,M-1810,item:001848,10.14594,10.14594,42,368,1.0,KG
326,SDC-VD0951020A,M-1810,item:001848,4.34826,4.34826,44,370,1.0,KG
326,SDC-VD0910216A,M-1810,item:001893,39.804771,39.804771,21,347,1.0,KG
326,SDC-VD1091642A,M-1810,item:001893,18.35932,18.35932,34,360,1.0,KG
326,SDC-VD0518684A,M-1810,item:001893,9.17966,9.17966,69,395,1.0,KG
326,SDC-VD1091642A,M-1810,item:001893,24.452849,24.452849,34,360,1.0,KG
326,SDC-VD0910216A,M-1810,item:002612,10.47494,10.47494,33,359,1.0,KG
326,SDC-VD0990780A,M-1810,item:002612,4.8314,4.8314,24,350,1.0,KG
326,SDC-VD1091642A,M-1810,item:002612,1.20785,1.20785,15,341,1.0,KG
326,SDC-VD0500655A,M-1810,item:002612,1.20785,1.20785,34,360,1.0,KG
326,SDC-VD0990780A,M-1810,item:002612,6.43496,6.43496,13,339,1.0,KG
326,SDC-VD0514881A,M-1810,item:016332,5.79768,5.79768,34,360,1.0,KG
326,SDC-VD0519670A,M-1810,item:029313,0.48314,0.48314,41,367,1.0,KG
326,SDC-VD1096202A,M-1810,item:039668,0.48314,0.48314,65,391,1.0,KG
326,SDC-VD0520132A,M-1810,item:049371,17.87618,17.87618,135,461,1.0,KG
326,SDC-VD0914320A,M-1810,item:055703,0.676396,0.676396,8,334,1.0,KG
326,SDC-VD0964290A,M-1810,item:055703,0.289884,0.289884,23,349,1.0,KG
326,SDC-VD0505677A,M-1810,item:099439,24.157,24.157,28,354,1.0,KG
326,SDC-VD0901566A,M-1810,item:338928,10000.0,10000.0,42,368,1.0,UN
326,SDC-VD0914360C,M-1810,item:338929,11900.0,11900.0,25,351,1.0,UN
326,SDC-VD0989480A,M-1810,item:426331,130.9,130.9,26,352,1.0,UN
326,SDC-1450,M-1810,item:693055,4831.4,4831.4,41,367,1.0,G
326,M-1430,DC-1920,item:268967,5104.595185,5104.595185,3,329,1.0,UN
326,M-1810,DC-1920,item:268091,11900.0,11900.0,1,327,1.0,UN
326,DC-1920,C-XXXXX,item:268091,23800.0,23800.0,3,329,1.0,UN
326,SDC-VD0949099A,SDC-1450,item:021081,283.725036,298.657933,79,405,0.95,KG
326,SDC-VD0960508A,SDC-1450,item:021081,81.064296,81.064296,144,470,1.0,KG
326,SDC-VD0972460A,SDC-1450,item:021081,20.266074,20.266074,130,456,1.0,KG
326,SDC-VD0975221A,SDC-1450,item:021081,20.266074,20.266074,131,457,1.0,KG
326,SDC-1450,M-1810,item:007923,38651.2,38651.2,2,328,1.0,G
327,SDC-VD0520132A,M-1430,item:038005,89.331877,89.331877,295,622,1.0,KG
327,SDC-VD0914690A,M-1430,item:042342,308041.024532,308041.024532,26,353,1.0,UN
327,SDC-VD0525412A,M-1430,item:333362,5104.919037,5104.919037,16,343,1.0,UN
327,SDC-VD0993480A,M-1430,item:344135,5104.919037,5104.919037,55,382,1.0,UN
327,SDC-VD0520115A,M-1430,item:708073,40.482008,40.482008,16,343,1.0,KG
327,SDC-VD0508918A,M-1430,item:730384,1082.242836,1082.242836,71,398,1.0,M
327,SDC-VD1095770A,M-1430,item:734545,40.839352,40.839352,19,346,1.0,UN
327,SDC-1450,M-1430,item:773474,49286.553715,49286.553715,18,345,1.0,G
327,SDC-VD0951020A,M-1810,item:001757,19.3256,19.3256,59,386,1.0,KG
327,SDC-VD0519670A,M-1810,item:001848,10.14594,10.14594,15,342,1.0,KG
327,SDC-VD0951020A,M-1810,item:001848,4.34826,4.34826,45,372,1.0,KG
327,SDC-VD0910216A,M-1810,item:001893,39.776576,39.776576,38,365,1.0,KG
327,SDC-VD1091642A,M-1810,item:001893,18.35932,18.35932,28,355,1.0,KG
327,SDC-VD0518684A,M-1810,item:001893,9.17966,9.17966,30,357,1.0,KG
327,SDC-VD1091642A,M-1810,item:001893,24.481044,24.481044,9,336,1.0,KG
327,SDC-VD0910216A,M-1810,item:002612,10.46752,10.46752,70,397,1.0,KG
327,SDC-VD0990780A,M-1810,item:002612,4.8314,4.8314,17,344,1.0,KG
327,SDC-VD1091642A,M-1810,item:002612,1.20785,1.20785,28,355,1.0,KG
327,SDC-VD0500655A,M-1810,item:002612,1.20785,1.20785,30,357,1.0,KG
327,SDC-VD0990780A,M-1810,item:002612,0.312834,0.312834,27,354,1.0,KG
327,SDC-VD1091642A,M-1810,item:002612,6.129546,6.129546,70,397,1.0,KG
327,SDC-VD0514881A,M-1810,item:016332,5.79768,5.79768,53,380,1.0,KG
327,SDC-VD0519670A,M-1810,item:029313,0.48314,0.48314,105,432,1.0,KG
327,SDC-VD1096202A,M-1810,item:039668,0.48314,0.48314,37,364,1.0,KG
327,SDC-VD0520132A,M-1810,item:049371,17.87618,17.87618,85,412,1.0,KG
327,SDC-VD0914320A,M-1810,item:055703,0.676396,0.676396,37,364,1.0,KG
327,SDC-VD0964290A,M-1810,item:055703,0.289884,0.289884,84,411,1.0,KG
327,SDC-VD0505677A,M-1810,item:099439,24.157,24.157,28,355,1.0,KG
327,SDC-VD0901566A,M-1810,item:338928,10000.0,10000.0,64,391,1.0,UN
327,SDC-VD0914360C,M-1810,item:338929,11900.0,11900.0,9,336,1.0,UN
327,SDC-VD0989480A,M-1810,item:426331,130.9,130.9,18,345,1.0,UN
327,SDC-1450,M-1810,item:693055,4831.4,4831.4,77,404,1.0,G
327,M-1430,DC-1920,item:268967,5104.919037,5104.919037,1,328,1.0,UN
327,M-1810,DC-1920,item:268091,11900.0,11900.0,4,331,1.0,UN
327,DC-1920,C-XXXXX,item:268967,5094.879628,5094.879628,2,329,1.0,UN
327,DC-1920,C-XXXXX,item:268091,23800.0,23800.0,3,330,1.0,UN
327,SDC-VD0949099A,SDC-1450,item:021081,290.47026,305.758168,119,446,0.95,KG
327,SDC-VD0960508A,SDC-1450,item:021081,82.991503,82.991503,113,440,1.0,KG
327,SDC-VD0972460A,SDC-1450,item:021081,20.747876,20.747876,231,558,1.0,KG
327,SDC-VD0975221A,SDC-1450,item:021081,20.747876,20.747876,89,416,1.0,KG
327,SDC-1450,M-1810,item:007923,38651.2,38651.2,2,329,1.0,G
328,SDC-VD0520132A,M-1430,item:038005,89.33301,89.33301,167,495,1.0,KG
328,SDC-VD0914690A,M-1430,item:042342,308044.932906,308044.932906,10,338,1.0,UN
328,SDC-VD0525412A,M-1430,item:333362,5104.983807,5104.983807,74,402,1.0,UN
328,SDC-VD0993480A,M-1430,item:344135,5104.983807,5104.983807,29,357,1.0,UN
328,SDC-VD0520115A,M-1430,item:708073,40.482522,40.482522,34,362,1.0,KG
328,SDC-VD0508918A,M-1430,item:730384,1082.256567,1082.256567,53,381,1.0,M
328,SDC-VD1095770A,M-1430,item:734545,40.83987,40.83987,18,346,1.0,UN
328,SDC-1450,M-1430,item:773474,49287.179055,49287.179055,7,335,1.0,G
328,SDC-VD0951020A,M-1810,item:001757,19.3256,19.3256,52,380,1.0,KG
328,SDC-VD0519670A,M-1810,item:001848,10.14594,10.14594,7,335,1.0,KG
328,SDC-VD0951020A,M-1810,item:001848,4.34826,4.34826,70,398,1.0,KG
328,SDC-VD0910216A,M-1810,item:001893,39.770937,39.770937,37,365,1.0,KG
328,SDC-VD1091642A,M-1810,item:001893,18.35932,18.35932,37,365,1.0,KG
328,SDC-VD0518684A,M-1810,item:001893,9.17966,9.17966,75,403,1.0,KG
328,SDC-VD1091642A,M-1810,item:001893,24.486683,24.486683,57,385,1.0,KG
328,SDC-VD0910216A,M-1810,item:002612,10.466036,10.466036,9,337,1.0,KG
328,SDC-VD0990780A,M-1810,item:002612,2.990296,2.990296,36,364,1.0,KG
328,SDC-VD1091642A,M-1810,item:002612,1.20785,1.20785,19,347,1.0,KG
328,SDC-VD0500655A,M-1810,item:002612,1.20785,1.20785,29,357,1.0,KG
328,SDC-VD1091642A,M-1810,item:002612,8.284968,8.284968,48,376,1.0,KG
328,SDC-VD0514881A,M-1810,item:016332,5.79768,5.79768,61,389,1.0,KG
328,SDC-VD0519670A,M-1810,item:029313,0.48314,0.48314,112,440,1.0,KG
328,SDC-VD1096202A,M-1810,item:039668,0.48314,0.48314,43,371,1.0,KG
328,SDC-VD0520132A,M-1810,item:049371,17.87618,17.87618,141,469,1.0,KG
328,SDC-VD0914320A,M-1810,item:055703,0.676396,0.676396,28,356,1.0,KG
328,SDC-VD0964290A,M-1810,item:055703,0.289884,0.289884,28,356,1.0,KG
328,SDC-VD0505677A,M-1810,item:099439,24.157,24.157,33,361,1.0,KG
328,SDC-VD0901566A,M-1810,item:338928,10000.0,10000.0,43,371,1.0,UN
328,SDC-VD0914360C,M-1810,item:338929,11900.0,11900.0,14,342,1.0,UN
328,SDC-VD0989480A,M-1810,item:426331,130.9,130.9,11,339,1.0,UN
328,SDC-1450,M-1810,item:693055,4831.4,4831.4,41,369,1.0,G
328,M-1430,DC-1920,item:268967,5104.983807,5104.983807,2,330,1.0,UN
328,M-1810,DC-1920,item:268091,11900.0,11900.0,4,332,1.0,UN
328,DC-1920,C-XXXXX,item:268967,10159.317176,10159.317176,4,332,1.0,UN
328,SDC-VD0949099A,SDC-1450,item:021081,295.412303,310.960319,58,386,0.95,KG
328,SDC-VD0960508A,SDC-1450,item:021081,84.403515,84.403515,111,439,1.0,KG
328,SDC-VD0972460A,SDC-1450,item:021081,21.100879,21.100879,128,456,1.0,KG
328,SDC-VD0975221A,SDC-1450,item:021081,21.100879,21.100879,182,510,1.0,KG
328,SDC-1450,M-1810,item:007923,38651.2,38651.2,1,329,1.0,G
329,SDC-VD0520132A,M-1430,item:038005,90.995715,90.995715,257,586,1.0,KG
329,SDC-VD0914690A,M-1430,item:042342,313778.4,313778.4,16,345,1.0,UN
329,SDC-VD0525412A,M-1430,item:333362,5200.0,5200.0,26,355,1.0,UN
329,SDC-VD0993480A,M-1430,item:344135,5200.0,5200.0,37,366,1.0,UN
329,SDC-VD0520115A,M-1430,item:708073,41.236,41.236,25,354,1.0,KG
329,SDC-VD0508918A,M-1430,item:730384,1102.4,1102.4,60,389,1.0,M
329,SDC-VD1095770A,M-1430,item:734545,41.6,41.6,23,352,1.0,UN
329,SDC-1450,M-1430,item:773474,50204.5336,50204.5336,8,337,1.0,G
329,SDC-VD0951020A,M-1810,item:001757,19.3256,19.3256,81,410,1.0,KG
329,SDC-VD0519670A,M-1810,item:001848,10.14594,10.14594,22,351,1.0,KG
329,SDC-VD0951020A,M-1810,item:001848,4.34826,4.34826,75,404,1.0,KG
329,SDC-VD0910216A,M-1810,item:001893,39.769809,39.769809,34,363,1.0,KG
329,SDC-VD1091642A,M-1810,item:001893,18.35932,18.35932,55,384,1.0,KG
329,SDC-VD0518684A,M-1810,item:001893,9.17966,9.17966,32,361,1.0,KG
329,SDC-VD1091642A,M-1810,item:001893,24.487811,24.487811,24,353,1.0,KG
329,SDC-VD0910216A,M-1810,item:002612,10.465739,10.465739,21,350,1.0,KG
329,SDC-VD0990780A,M-1810,item:002612,2.990211,2.990211,10,339,1.0,KG
329,SDC-VD1091642A,M-1810,item:002612,1.20785,1.20785,38,367,1.0,KG
329,SDC-VD0500655A,M-1810,item:002612,1.20785,1.20785,49,378,1.0,KG
329,SDC-VD1091642A,M-1810,item:002612,8.28535,8.28535,14,343,1.0,KG
329,SDC-VD0514881A,M-1810,item:016332,5.79768,5.79768,67,396,1.0,KG
329,SDC-VD0519670A,M-1810,item:029313,0.48314,0.48314,33,362,1.0,KG
329,SDC-VD1096202A,M-1810,item:039668,0.48314,0.48314,55,384,1.0,KG
329,SDC-VD0520132A,M-1810,item:049371,17.87618,17.87618,88,417,1.0,KG
329,SDC-VD0914320A,M-1810,item:055703,0.676396,0.676396,32,361,1.0,KG
329,SDC-VD0964290A,M-1810,item:055703,0.289884,0.289884,20,349,1.0,KG
329,SDC-VD0505677A,M-1810,item:099439,24.157,24.157,25,354,1.0,KG
329,SDC-VD0901566A,M-1810,item:338928,10000.0,10000.0,80,409,1.0,UN
329,SDC-VD0914360C,M-1810,item:338929,11900.0,11900.0,25,354,1.0,UN
329,SDC-VD0989480A,M-1810,item:426331,130.9,130.9,25,354,1.0,UN
329,SDC-1450,M-1810,item:693055,4831.4,4831.4,42,371,1.0,G
329,M-1430,DC-1920,item:268967,5200.0,5200.0,4,333,1.0,UN
329,M-1810,DC-1920,item:268091,11900.0,11900.0,3,332,1.0,UN
329,DC-1920,C-XXXXX,item:268967,5104.595185,5104.595185,3,332,1.0,UN
329,SDC-VD0949099A,SDC-1450,item:021081,299.006084,314.743247,98,427,0.95,KG
329,SDC-VD0960508A,SDC-1450,item:021081,85.43031,85.43031,154,483,1.0,KG
329,SDC-VD0972460A,SDC-1450,item:021081,21.357577,21.357577,162,491,1.0,KG
329,SDC-VD0975221A,SDC-1450,item:021081,21.357577,21.357577,34,363,1.0,KG
329,SDC-1450,M-1810,item:007923,38651.2,38651.2,1,330,1.0,G
330,SDC-VD0520132A,M-1430,item:038005,90.995715,90.995715,134,464,1.0,KG
330,SDC-VD0914690A,M-1430,item:042342,313778.4,313778.4,14,344,1.0,UN
330,SDC-VD0525412A,M-1430,item:333362,5200.0,5200.0,62,392,1.0,UN
330,SDC-VD0993480A,M-1430,item:344135,5200.0,5200.0,19,349,1.0,UN
330,SDC-VD0520115A,M-1430,item:708073,41.236,41.236,33,363,1.0,KG
330,SDC-VD0508918A,M-1430,item:730384,1102.4,1102.4,30,360,1.0,M
330,SDC-VD1095770A,M-1430,item:734545,41.6,41.6,29,359,1.0,UN
330,SDC-1450,M-1430,item:773474,50204.5336,50204.5336,4,334,1.0,G
330,SDC-VD0951020A,M-1810,item:001757,19.3256,19.3256,23,353,1.0,KG
330,SDC-VD0519670A,M-1810,item:001848,10.14594,10.14594,19,349,1.0,KG
330,SDC-VD0951020A,M-1810,item:001848,4.34826,4.34826,32,362,1.0,KG
330,SDC-VD0910216A,M-1810,item:001893,51.771333,51.771333,19,349,1.0,KG
330,SDC-VD1091642A,M-1810,item:001893,18.35932,18.35932,27,357,1.0,KG
330,SDC-VD0518684A,M-1810,item:001893,9.17966,9.17966,43,373,1.0,KG
330,SDC-VD1091642A,M-1810,item:001893,12.486287,12.486287,27,357,1.0,KG
330,SDC-VD0910216A,M-1810,item:002612,13.624035,13.624035,13,343,1.0,KG
330,SDC-VD0990780A,M-1810,item:002612,3.892581,3.892581,19,349,1.0,KG
330,SDC-VD1091642A,M-1810,item:002612,1.20785,1.20785,20,350,1.0,KG
330,SDC-VD0500655A,M-1810,item:002612,1.20785,1.20785,26,356,1.0,KG
330,SDC-VD1091642A,M-1810,item:002612,4.224684,4.224684,41,371,1.0,KG
330,SDC-VD0514881A,M-1810,item:016332,5.79768,5.79768,79,409,1.0,KG
330,SDC-VD0519670A,M-1810,item:029313,0.48314,0.48314,82,412,1.0,KG
330,SDC-VD1096202A,M-1810,item:039668,0.48314,0.48314,32,362,1.0,KG
330,SDC-VD0520132A,M-1810,item:049371,17.87618,17.87618,257,587,1.0,KG
330,SDC-VD0914320A,M-1810,item:055703,0.676396,0.676396,19,349,1.0,KG
330,SDC-VD0964290A,M-1810,item:055703,0.289884,0.289884,77,407,1.0,KG
330,SDC-VD0505677A,M-1810,item:099439,24.157,24.157,19,349,1.0,KG
330,SDC-VD0901566A,M-1810,item:338928,10000.0,10000.0,124,454,1.0,UN
330,SDC-VD0914360C,M-1810,item:338929,11900.0,11900.0,46,376,1.0,UN
330,SDC-VD0989480A,M-1810,item:426331,130.9,130.9,32,362,1.0,UN
330,SDC-1450,M-1810,item:693055,4831.4,4831.4,98,428,1.0,G
330,M-1430,DC-1920,item:268967,5200.0,5200.0,2,332,1.0,UN
330,M-1810,DC-1920,item:268091,11900.0,11900.0,2,332,1.0,UN
330,DC-1920,C-XXXXX,item:268967,10207.959733,10207.959733,3,333,1.0,UN
330,SDC-VD0949099A,SDC-1450,item:021081,302.759618,318.694335,59,389,0.95,KG
330,SDC-VD0960508A,SDC-1450,item:021081,86.502748,86.502748,89,419,1.0,KG
330,SDC-VD0972460A,SDC-1450,item:021081,21.625687,21.625687,69,399,1.0,KG
330,SDC-VD0975221A,SDC-1450,item:021081,21.625687,21.625687,129,459,1.0,KG
330,SDC-1450,M-1810,item:007923,38651.2,38651.2,1,331,1.0,G
331,SDC-VD0520132A,M-1430,item:038005,90.995715,90.995715,308,639,1.0,KG
331,SDC-VD0914690A,M-1430,item:042342,313778.4,313778.4,11,342,1.0,UN
331,SDC-VD0525412A,M-1430,item:333362,5200.0,5200.0,53,384,1.0,UN
331,SDC-VD0993480A,M-1430,item:344135,5200.0,5200.0,42,373,1.0,UN
331,SDC-VD0520115A,M-1430,item:708073,41.236,41.236,22,353,1.0,KG
331,SDC-VD0508918A,M-1430,item:730384,1102.4,1102.4,37,368,1.0,M
331,SDC-VD1095770A,M-1430,item:734545,41.6,41.6,17,348,1.0,UN
331,SDC-1450,M-1430,item:773474,50204.5336,50204.5336,4,335,1.0,G
331,SDC-VD0951020A,M-1810,item:001757,19.3256,19.3256,91,422,1.0,KG
331,SDC-VD0519670A,M-1810,item:001848,10.14594,10.14594,14,345,1.0,KG
331,SDC-VD0951020A,M-1810,item:001848,4.34826,4.34826,103,434,1.0,KG
331,SDC-VD0910216A,M-1810,item:001893,54.171638,54.171638,12,343,1.0,KG
331,SDC-VD1091642A,M-1810,item:001893,18.35932,18.35932,29,360,1.0,KG
331,SDC-VD0518684A,M-1810,item:001893,9.17966,9.17966,55,386,1.0,KG
331,SDC-VD1091642A,M-1810,item:001893,10.085982,10.085982,42,373,1.0,KG
331,SDC-VD0910216A,M-1810,item:002612,9.956216,9.956216,39,370,1.0,KG
331,SDC-VD0990780A,M-1810,item:002612,4.8314,4.8314,25,356,1.0,KG
331,SDC-VD1091642A,M-1810,item:002612,1.20785,1.20785,23,354,1.0,KG
331,SDC-VD0500655A,M-1810,item:002612,1.20785,1.20785,29,360,1.0,KG
331,SDC-VD0990780A,M-1810,item:002612,3.541133,3.541133,32,363,1.0,KG
331,SDC-VD1091642A,M-1810,item:002612,3.41255,3.41255,70,401,1.0,KG
331,SDC-VD0514881A,M-1810,item:016332,5.79768,5.79768,29,360,1.0,KG
331,SDC-VD0519670A,M-1810,item:029313,0.48314,0.48314,28,359,1.0,KG
331,SDC-VD1096202A,M-1810,item:039668,0.48314,0.48314,67,398,1.0,KG
331,SDC-VD0520132A,M-1810,item:049371,17.87618,17.87618,53,384,1.0,KG
331,SDC-VD0914320A,M-1810,item:055703,0.676396,0.676396,21,352,1.0,KG
331,SDC-VD0964290A,M-1810,item:055703,0.289884,0.289884,51,382,1.0,KG
331,SDC-VD0505677A,M-1810,item:099439,24.157,24.157,41,372,1.0,KG
331,SDC-VD0901566A,M-1810,item:338928,10000.0,10000.0,27,358,1.0,UN
331,SDC-VD0914360C,M-1810,item:338929,11900.0,11900.0,27,358,1.0,UN
331,SDC-VD0989480A,M-1810,item:426331,130.9,130.9,17,348,1.0,UN
331,SDC-1450,M-1810,item:693055,4831.4,4831.4,51,382,1.0,G
331,M-1430,DC-1920,item:268967,5200.0,5200.0,5,336,1.0,UN
331,M-1810,DC-1920,item:268091,11900.0,11900.0,2,333,1.0,UN
331,DC-1920,C-XXXXX,item:268967,3839.953472,3839.953472,3,334,1.0,UN
331,DC-1920,C-XXXXX,item:268091,11900.0,11900.0,5,336,1.0,UN
331,SDC-VD0949099A,SDC-1450,item:021081,305.794395,321.888837,21,352,0.95,KG
331,SDC-VD0960508A,SDC-1450,item:021081,87.369827,87.369827,91,422,1.0,KG
331,SDC-VD0972460A,SDC-1450,item:021081,21.842457,21.842457,25,356,1.0,KG
331,SDC-VD0975221A,SDC-1450,item:021081,21.842457,21.842457,234,565,1.0,KG
331,SDC-1450,M-1810,item:007923,38651.2,38651.2,2,333,1.0,G
332,SDC-VD0520132A,M-1430,item:038005,90.995715,90.995715,223,555,1.0,KG
332,SDC-VD0914690A,M-1430,item:042342,313778.4,313778.4,26,358,1.0,UN
332,SDC-VD0525412A,M-1430,item:333362,5200.0,5200.0,24,356,1.0,UN
332,SDC-VD0993480A,M-1430,item:344135,5200.0,5200.0,26,358,1.0,UN
332,SDC-VD0520115A,M-1430,item:708073,41.236,41.236,27,359,1.0,KG
332,SDC-VD0508918A,M-1430,item:730384,1102.4,1102.4,40,372,1.0,M
332,SDC-VD1095770A,M-1430,item:734545,41.6,41.6,7,339,1.0,UN
332,SDC-1450,M-1430,item:773474,50204.5336,50204.5336,9,341,1.0,G
332,SDC-VD0951020A,M-1810,item:001757,19.3256,19.3256,69,401,1.0,KG
332,SDC-VD0519670A,M-1810,item:001848,10.14594,10.14594,22,354,1.0,KG
332,SDC-VD0951020A,M-1810,item:001848,4.34826,4.34826,29,361,1.0,KG
332,SDC-VD0910216A,M-1810,item:001893,54.651699,54.651699,6,338,1.0,KG
332,SDC-VD1091642A,M-1810,item:001893,18.35932,18.35932,42,374,1.0,KG
332,SDC-VD0518684A,M-1810,item:001893,9.17966,9.17966,20,352,1.0,KG
332,SDC-VD1091642A,M-1810,item:001893,9.605921,9.605921,44,376,1.0,KG
332,SDC-VD0910216A,M-1810,item:002612,5.629452,5.629452,12,344,1.0,KG
332,SDC-VD0990780A,M-1810,item:002612,4.8314,4.8314,57,389,1.0,KG
332,SDC-VD1091642A,M-1810,item:002612,1.20785,1.20785,70,402,1.0,KG
332,SDC-VD0500655A,M-1810,item:002612,1.20785,1.20785,25,357,1.0,KG
332,SDC-VD0990780A,M-1810,item:002612,8.030325,8.030325,47,379,1.0,KG
332,SDC-VD1091642A,M-1810,item:002612,3.250124,3.250124,28,360,1.0,KG
332,SDC-VD0514881A,M-1810,item:016332,5.79768,5.79768,45,377,1.0,KG
332,SDC-VD0519670A,M-1810,item:029313,0.48314,0.48314,41,373,1.0,KG
332,SDC-VD1096202A,M-1810,item:039668,0.48314,0.48314,41,373,1.0,KG
332,SDC-VD0520132A,M-1810,item:049371,17.87618,17.87618,62,394,1.0,KG
332,SDC-VD0914320A,M-1810,item:055703,0.676396,0.676396,13,345,1.0,KG
332,SDC-VD0964290A,M-1810,item:055703,0.289884,0.289884,84,416,1.0,KG
332,SDC-VD0505677A,M-1810,item:099439,24.157,24.157,70,402,1.0,KG
332,SDC-VD0901566A,M-1810,item:338928,10000.0,10000.0,54,386,1.0,UN
332,SDC-VD0914360C,M-1810,item:338929,11900.0,11900.0,70,402,1.0,UN
332,SDC-VD0989480A,M-1810,item:426331,130.9,130.9,46,378,1.0,UN
332,SDC-1450,M-1810,item:693055,4831.4,4831.4,41,373,1.0,G
332,M-1430,DC-1920,item:268967,5200.0,5200.0,2,334,1.0,UN
332,M-1810,DC-1920,item:268091,11900.0,11900.0,2,334,1.0,UN
332,DC-1920,C-XXXXX,item:268967,5200.0,5200.0,3,335,1.0,UN
332,DC-1920,C-XXXXX,item:268091,35700.0,35700.0,2,334,1.0,UN
332,SDC-VD0949099A,SDC-1450,item:021081,308.078466,324.293122,100,432,0.95,KG
332,SDC-VD0960508A,SDC-1450,item:021081,88.022419,88.022419,167,499,1.0,KG
332,SDC-VD0972460A,SDC-1450,item:021081,22.005605,22.005605,174,506,1.0,KG
332,SDC-VD0975221A,SDC-1450,item:021081,22.005605,22.005605,123,455,1.0,KG
332,SDC-1450,M-1810,item:007923,38651.2,38651.2,2,334,1.0,G
333,SDC-VD0520132A,M-1430,item:038005,90.995715,90.995715,70,403,1.0,KG
333,SDC-VD0914690A,M-1430,item:042342,313778.4,313778.4,13,346,1.0,UN
333,SDC-VD0525412A,M-1430,item:333362,5200.0,5200.0,41,374,1.0,UN
333,SDC-VD0993480A,M-1430,item:344135,5200.0,5200.0,60,393,1.0,UN
333,SDC-VD0520115A,M-1430,item:708073,41.236,41.236,56,389,1.0,KG
333,SDC-VD0508918A,M-1430,item:730384,1102.4,1102.4,112,445,1.0,M
333,SDC-VD1095770A,M-1430,item:734545,41.6,41.6,32,365,1.0,UN
333,SDC-1450,M-1430,item:773474,50204.5336,50204.5336,22,355,1.0,G
333,SDC-VD0951020A,M-1810,item:001757,19.3256,19.3256,114,447,1.0,KG
333,SDC-VD0519670A,M-1810,item:001848,10.14594,10.14594,12,345,1.0,KG
333,SDC-VD0951020A,M-1810,item:001848,4.34826,4.34826,39,372,1.0,KG
333,SDC-VD0910216A,M-1810,item:001893,54.747711,54.747711,22,355,1.0,KG
333,SDC-VD1091642A,M-1810,item:001893,18.35932,18.35932,50,383,1.0,KG
333,SDC-VD0518684A,M-1810,item:001893,9.17966,9.17966,44,377,1.0,KG
333,SDC-VD1091642A,M-1810,item:001893,9.509909,9.509909,82,415,1.0,KG
333,SDC-VD0910216A,M-1810,item:002612,5.63655,5.63655,35,368,1.0,KG
333,SDC-VD0990780A,M-1810,item:002612,4.8314,4.8314,13,346,1.0,KG
333,SDC-VD1091642A,M-1810,item:002612,1.20785,1.20785,70,403,1.0,KG
333,SDC-VD0500655A,M-1810,item:002612,1.20785,1.20785,26,359,1.0,KG
333,SDC-VD0990780A,M-1810,item:002612,8.055711,8.055711,47,380,1.0,KG
333,SDC-VD1091642A,M-1810,item:002612,3.217638,3.217638,58,391,1.0,KG
333,SDC-VD0514881A,M-1810,item:016332,5.79768,5.79768,32,365,1.0,KG
333,SDC-VD0519670A,M-1810,item:029313,0.48314,0.48314,55,388,1.0,KG
333,SDC-VD1096202A,M-1810,item:039668,0.48314,0.48314,35,368,1.0,KG
333,SDC-VD0520132A,M-1810,item:049371,17.87618,17.87618,167,500,1.0,KG
333,SDC-VD0914320A,M-1810,item:055703,0.676396,0.676396,13,346,1.0,KG
333,SDC-VD0964290A,M-1810,item:055703,0.289884,0.289884,50,383,1.0,KG
333,SDC-VD0505677A,M-1810,item:099439,24.157,24.157,34,367,1.0,KG
333,SDC-VD0901566A,M-1810,item:338928,10000.0,10000.0,68,401,1.0,UN
333,SDC-VD0914360C,M-1810,item:338929,11900.0,11900.0,40,373,1.0,UN
333,SDC-VD0989480A,M-1810,item:426331,130.9,130.9,33,366,1.0,UN
333,SDC-1450,M-1810,item:693055,4831.4,4831.4,92,425,1.0,G
333,M-1430,DC-1920,item:268967,5200.0,5200.0,3,336,1.0,UN
333,M-1810,DC-1920,item:268091,11900.0,11900.0,4,337,1.0,UN
333,DC-1920,C-XXXXX,item:268967,5200.0,5200.0,2,335,1.0,UN
333,DC-1920,C-XXXXX,item:268091,11900.0,11900.0,3,336,1.0,UN
333,SDC-VD0949099A,SDC-1450,item:021081,309.755581,326.058507,138,471,0.95,KG
333,SDC-VD0960508A,SDC-1450,item:021081,88.501595,88.501595,84,417,1.0,KG
333,SDC-VD0972460A,SDC-1450,item:021081,22.125399,22.125399,159,492,1.0,KG
333,SDC-VD0975221A,SDC-1450,item:021081,22.125399,22.125399,83,416,1.0,KG
333,SDC-1450,M-1810,item:007923,38651.2,38651.2,1,334,1.0,G
334,SDC-VD0520132A,M-1430,item:038005,90.995715,90.995715,308,642,1.0,KG
334,SDC-VD0914690A,M-1430,item:042342,313778.4,313778.4,21,355,1.0,UN
334,SDC-VD0525412A,M-1430,item:333362,5200.0,5200.0,67,401,1.0,UN
334,SDC-VD0993480A,M-1430,item:344135,5200.0,5200.0,48,382,1.0,UN
334,SDC-VD0520115A,M-1430,item:708073,41.236,41.236,9,343,1.0,KG
334,SDC-VD0508918A,M-1430,item:730384,1102.4,1102.4,68,402,1.0,M
334,SDC-VD1095770A,M-1430,item:734545,41.6,41.6,29,363,1.0,UN
334,SDC-1450,M-1430,item:773474,50204.5336,50204.5336,7,341,1.0,G
334,SDC-VD0951020A,M-1810,item:001757,19.3256,19.3256,79,413,1.0,KG
334,SDC-VD0519670A,M-1810,item:001848,10.14594,10.14594,17,351,1.0,KG
334,SDC-VD0951020A,M-1810,item:001848,4.34826,4.34826,81,415,1.0,KG
334,SDC-VD0910216A,M-1810,item:001893,54.766914,54.766914,25,359,1.0,KG
334,SDC-VD1091642A,M-1810,item:001893,18.35932,18.35932,33,367,1.0,KG
334,SDC-VD0518684A,M-1810,item:001893,9.17966,9.17966,71,405,1.0,KG
334,SDC-VD1091642A,M-1810,item:001893,9.490706,9.490706,30,364,1.0,KG
334,SDC-VD0910216A,M-1810,item:002612,6.947564,6.947564,27,361,1.0,KG
334,SDC-VD0990780A,M-1810,item:002612,4.8314,4.8314,42,376,1.0,KG
334,SDC-VD1091642A,M-1810,item:002612,1.20785,1.20785,6,340,1.0,KG
334,SDC-VD0500655A,M-1810,item:002612,1.20785,1.20785,16,350,1.0,KG
334,SDC-VD0990780A,M-1810,item:002612,6.751195,6.751195,31,365,1.0,KG
334,SDC-VD1091642A,M-1810,item:002612,3.211141,3.211141,42,376,1.0,KG
334,SDC-VD0514881A,M-1810,item:016332,5.79768,5.79768,62,396,1.0,KG
334,SDC-VD0519670A,M-1810,item:029313,0.48314,0.48314,55,389,1.0,KG
334,SDC-VD1096202A,M-1810,item:039668,0.48314,0.48314,50,384,1.0,KG
334,SDC-VD0520132A,M-1810,item:049371,17.87618,17.87618,66,400,1.0,KG
334,SDC-VD0914320A,M-1810,item:055703,0.676396,0.676396,28,362,1.0,KG
334,SDC-VD0964290A,M-1810,item:055703,0.289884,0.289884,72,406,1.0,KG
334,SDC-VD0505677A,M-1810,item:099439,24.157,24.157,70,404,1.0,KG
334,SDC-VD0901566A,M-1810,item:338928,10000.0,10000.0,68,402,1.0,UN
334,SDC-VD0914360C,M-1810,item:338929,11900.0,11900.0,67,401,1.0,UN
334,SDC-VD0989480A,M-1810,item:426331,130.9,130.9,11,345,1.0,UN
334,SDC-1450,M-1810,item:693055,4831.4,4831.4,61,395,1.0,G
334,M-1430,DC-1920,item:268967,5200.0,5200.0,4,338,1.0,UN
334,M-1810,DC-1920,item:268091,11900.0,11900.0,3,337,1.0,UN
334,DC-1920,C-XXXXX,item:268967,5200.0,5200.0,2,336,1.0,UN
334,DC-1920,C-XXXXX,item:268091,11900.0,11900.0,3,337,1.0,UN
334,SDC-VD0949099A,SDC-1450,item:021081,310.975882,327.343034,127,461,0.95,KG
334,SDC-VD0960508A,SDC-1450,item:021081,88.850252,88.850252,161,495,1.0,KG
334,SDC-VD0972460A,SDC-1450,item:021081,22.212563,22.212563,107,441,1.0,KG
334,SDC-VD0975221A,SDC-1450,item:021081,22.212563,22.212563,80,414,1.0,KG
334,SDC-1450,M-1810,item:007923,38651.2,38651.2,2,336,1.0,G
335,SDC-VD0520132A,M-1430,item:038005,90.995715,90.995715,151,486,1.0,KG
335,SDC-VD0914690A,M-1430,item:042342,313778.4,313778.4,16,351,1.0,UN
335,SDC-VD0525412A,M-1430,item:333362,5200.0,5200.0,42,377,1.0,UN
335,SDC-VD0993480A,M-1430,item:344135,5200.0,5200.0,24,359,1.0,UN
335,SDC-VD0520115A,M-1430,item:708073,41.236,41.236,31,366,1.0,KG
335,SDC-VD0508918A,M-1430,item:730384,1102.4,1102.4,25,360,1.0,M
335,SDC-VD1095770A,M-1430,item:734545,41.6,41.6,20,355,1.0,UN
335,SDC-1450,M-1430,item:773474,50204.5336,50204.5336,24,359,1.0,G
335,SDC-VD0951020A,M-1810,item:001757,19.3256,19.3256,161,496,1.0,KG
335,SDC-VD0519670A,M-1810,item:001848,10.14594,10.14594,42,377,1.0,KG
335,SDC-VD0951020A,M-1810,item:001848,4.34826,4.34826,112,447,1.0,KG
335,SDC-VD0910216A,M-1810,item:001893,54.770754,54.770754,7,342,1.0,KG
335,SDC-VD1091642A,M-1810,item:001893,18.35932,18.35932,28,363,1.0,KG
335,SDC-VD0518684A,M-1810,item:001893,9.17966,9.17966,15,350,1.0,KG
335,SDC-VD1091642A,M-1810,item:001893,9.486866,9.486866,36,371,1.0,KG
335,SDC-VD0910216A,M-1810,item:002612,7.209766,7.209766,31,366,1.0,KG
335,SDC-VD0990780A,M-1810,item:002612,4.8314,4.8314,58,393,1.0,KG
335,SDC-VD1091642A,M-1810,item:002612,1.20785,1.20785,25,360,1.0,KG
335,SDC-VD0500655A,M-1810,item:002612,1.20785,1.20785,22,357,1.0,KG
335,SDC-VD0990780A,M-1810,item:002612,6.490292,6.490292,48,383,1.0,KG
335,SDC-VD1091642A,M-1810,item:002612,3.209842,3.209842,32,367,1.0,KG
335,SDC-VD0514881A,M-1810,item:016332,5.79768,5.79768,94,429,1.0,KG
335,SDC-VD0519670A,M-1810,item:029313,0.48314,0.48314,32,367,1.0,KG
335,SDC-VD1096202A,M-1810,item:039668,0.48314,0.48314,70,405,1.0,KG
335,SDC-VD0520132A,M-1810,item:049371,17.87618,17.87618,164,499,1.0,KG
335,SDC-VD0914320A,M-1810,item:055703,0.676396,0.676396,36,371,1.0,KG
335,SDC-VD0964290A,M-1810,item:055703,0.289884,0.289884,77,412,1.0,KG
335,SDC-VD0505677A,M-1810,item:099439,24.157,24.157,66,401,1.0,KG
335,SDC-VD0901566A,M-1810,item:338928,10000.0,10000.0,37,372,1.0,UN
335,SDC-VD0914360C,M-1810,item:338929,11900.0,11900.0,29,364,1.0,UN
335,SDC-VD0989480A,M-1810,item:426331,130.9,130.9,26,361,1.0,UN
335,SDC-1450,M-1810,item:693055,4831.4,4831.4,29,364,1.0,G
335,M-1430,DC-1920,item:268967,5200.0,5200.0,4,339,1.0,UN
335,M-1810,DC-1920,item:268091,11900.0,11900.0,6,341,1.0,UN
335,SDC-VD0949099A,SDC-1450,item:021081,311.86076,328.274485,240,575,0.95,KG
335,SDC-VD0960508A,SDC-1450,item:021081,89.103074,89.103074,41,376,1.0,KG
335,SDC-VD0972460A,SDC-1450,item:021081,22.275769,22.275769,44,379,1.0,KG
335,SDC-VD0975221A,SDC-1450,item:021081,22.275769,22.275769,127,462,1.0,KG
335,SDC-1450,M-1810,item:007923,38651.2,38651.2,2,337,1.0,G
336,SDC-VD0520132A,M-1430,item:038005,85.029417,85.029417,151,487,1.0,KG
336,SDC-VD0914690A,M-1430,item:042342,293204.954332,293204.954332,12,348,1.0,UN
336,SDC-VD0525412A,M-1430,item:333362,4859.052639,4859.052639,74,410,1.0,UN
336,SDC-VD0993480A,M-1430,item:344135,4859.052639,4859.052639,49,385,1.0,UN
336,SDC-VD0520115A,M-1430,item:708073,38.532287,38.532287,20,356,1.0,KG
336,SDC-VD0508918A,M-1430,item:730384,1030.119159,1030.119159,28,364,1.0,M
336,SDC-VD1095770A,M-1430,item:734545,38.872421,38.872421,8,344,1.0,UN
336,SDC-1450,M-1430,item:773474,46912.782975,46912.782975,11,347,1.0,G
336,SDC-VD0951020A,M-1810,item:001757,18.04477,18.04477,74,410,1.0,KG
336,SDC-VD0519670A,M-1810,item:001848,6.391627,6.391627,20,356,1.0,KG
336,SDC-VD0951020A,M-1810,item:001848,4.060073,4.060073,19,355,1.0,KG
336,SDC-VD0951020A,M-1810,item:001848,3.081877,3.081877,68,404,1.0,KG
336,SDC-VD0910216A,M-1810,item:001893,54.771522,54.771522,29,365,1.0,KG
336,SDC-VD1091642A,M-1810,item:001893,17.142531,17.142531,84,420,1.0,KG
336,SDC-VD0518684A,M-1810,item:001893,8.571266,8.571266,102,438,1.0,KG
336,SDC-VD1091642A,M-1810,item:001893,5.227337,5.227337,33,369,1.0,KG
336,SDC-VD0910216A,M-1810,item:002612,7.262207,7.262207,24,360,1.0,KG
336,SDC-VD0990780A,M-1810,item:002612,4.511192,4.511192,43,379,1.0,KG
336,SDC-VD1091642A,M-1810,item:002612,1.127798,1.127798,32,368,1.0,KG
336,SDC-VD0500655A,M-1810,item:002612,1.127798,1.127798,30,366,1.0,KG
336,SDC-VD0990780A,M-1810,item:002612,6.758319,6.758319,60,396,1.0,KG
336,SDC-VD1091642A,M-1810,item:002612,1.768648,1.768648,35,371,1.0,KG
336,SDC-VD0514881A,M-1810,item:016332,5.413431,5.413431,20,356,1.0,KG
336,SDC-VD0519670A,M-1810,item:029313,0.451119,0.451119,91,427,1.0,KG
336,SDC-VD1096202A,M-1810,item:039668,0.451119,0.451119,25,361,1.0,KG
336,SDC-VD0520132A,M-1810,item:049371,16.691412,16.691412,246,582,1.0,KG
336,SDC-VD0914320A,M-1810,item:055703,0.631567,0.631567,14,350,1.0,KG
336,SDC-VD0964290A,M-1810,item:055703,0.270672,0.270672,67,403,1.0,KG
336,SDC-VD0505677A,M-1810,item:099439,22.555962,22.555962,25,361,1.0,KG
336,SDC-VD0901566A,M-1810,item:338928,10000.0,10000.0,58,394,1.0,UN
336,SDC-VD0914360C,M-1810,item:338929,11111.311338,11111.311338,29,365,1.0,UN
336,SDC-VD0989480A,M-1810,item:426331,122.224425,122.224425,37,373,1.0,UN
336,SDC-1450,M-1810,item:693055,4511.192403,4511.192403,49,385,1.0,G
336,M-1430,DC-1920,item:268967,4859.052639,4859.052639,1,337,1.0,UN
336,M-1810,DC-1920,item:268091,11111.311338,11111.311338,3,339,1.0,UN
336,DC-1920,C-XXXXX,item:268967,10400.0,10400.0,3,339,1.0,UN
336,SDC-VD0949099A,SDC-1450,item:021081,312.501578,328.94903,146,482,0.95,KG
336,SDC-VD0960508A,SDC-1450,item:021081,89.286165,89.286165,95,431,1.0,KG
336,SDC-VD0972460A,SDC-1450,item:021081,22.321541,22.321541,75,411,1.0,KG
336,SDC-VD0975221A,SDC-1450,item:021081,22.321541,22.321541,92,428,1.0,KG
336,SDC-1450,M-1810,item:007923,36089.539227,36089.539227,1,337,1.0,G
337,SDC-VD0520132A,M-1430,item:038005,78.011011,78.011011,107,444,1.0,KG
337,SDC-VD0914690A,M-1430,item:042342,269003.547223,269003.547223,14,351,1.0,UN
337,SDC-VD0525412A,M-1430,item:333362,4457.981957,4457.981957,93,430,1.0,UN
337,SDC-VD0993480A,M-1430,item:344135,4457.981957,4457.981957,48,385,1.0,UN
337,SDC-VD0520115A,M-1430,item:708073,35.351797,35.351797,7,344,1.0,KG
337,SDC-VD0508918A,M-1430,item:730384,945.092175,945.092175,31,368,1.0,M
337,SDC-VD1095770A,M-1430,item:734545,35.663856,35.663856,17,354,1.0,UN
337,SDC-1450,M-1430,item:773474,43040.55864,43040.55864,7,344,1.0,G
337,SDC-VD0951020A,M-1810,item:001757,16.390669,16.390669,66,403,1.0,KG
337,SDC-VD0519670A,M-1810,item:001848,5.369035,5.369035,33,370,1.0,KG
337,SDC-VD0951020A,M-1810,item:001848,3.687901,3.687901,88,425,1.0,KG
337,SDC-VD0951020A,M-1810,item:001848,3.236066,3.236066,33,370,1.0,KG
337,SDC-VD0910216A,M-1810,item:001893,34.562939,34.562939,56,393,1.0,KG
337,SDC-VD1091642A,M-1810,item:001893,15.571136,15.571136,67,404,1.0,KG
337,SDC-VD0518684A,M-1810,item:001893,7.785568,7.785568,45,382,1.0,KG
337,SDC-VD1091642A,M-1810,item:001893,19.936036,19.936036,42,379,1.0,KG
337,SDC-VD0910216A,M-1810,item:002612,7.272695,7.272695,28,365,1.0,KG
337,SDC-VD0990780A,M-1810,item:002612,4.097667,4.097667,38,375,1.0,KG
337,SDC-VD1091642A,M-1810,item:002612,1.024417,1.024417,23,360,1.0,KG
337,SDC-VD0500655A,M-1810,item:002612,1.024417,1.024417,20,357,1.0,KG
337,SDC-VD0990780A,M-1810,item:002612,1.305821,1.305821,40,377,1.0,KG
337,SDC-VD1091642A,M-1810,item:002612,5.76332,5.76332,28,365,1.0,KG
337,SDC-VD0514881A,M-1810,item:016332,4.917201,4.917201,45,382,1.0,KG
337,SDC-VD0519670A,M-1810,item:029313,0.409767,0.409767,92,429,1.0,KG
337,SDC-VD1096202A,M-1810,item:039668,0.409767,0.409767,69,406,1.0,KG
337,SDC-VD0520132A,M-1810,item:049371,15.161369,15.161369,163,500,1.0,KG
337,SDC-VD0914320A,M-1810,item:055703,0.573673,0.573673,31,368,1.0,KG
337,SDC-VD0964290A,M-1810,item:055703,0.24586,0.24586,28,365,1.0,KG
337,SDC-VD0505677A,M-1810,item:099439,20.488336,20.488336,21,358,1.0,KG
337,SDC-VD0901566A,M-1810,item:338928,10000.0,10000.0,27,364,1.0,UN
337,SDC-VD0914360C,M-1810,item:338929,10092.776553,10092.776553,38,375,1.0,UN
337,SDC-VD0989480A,M-1810,item:426331,111.020542,111.020542,35,372,1.0,UN
337,SDC-1450,M-1810,item:693055,4097.667281,4097.667281,94,431,1.0,G
337,M-1430,DC-1920,item:268967,4457.981957,4457.981957,4,341,1.0,UN
337,M-1810,DC-1920,item:268091,10092.776553,10092.776553,4,341,1.0,UN
337,DC-1920,C-XXXXX,item:268967,4859.052639,4859.052639,4,341,1.0,UN
337,DC-1920,C-XXXXX,item:268091,23800.0,23800.0,2,339,1.0,UN
337,SDC-VD0949099A,SDC-1450,item:021081,308.845465,325.10049,160,497,0.95,KG
337,SDC-VD0960508A,SDC-1450,item:021081,88.241561,88.241561,115,452,1.0,KG
337,SDC-VD0972460A,SDC-1450,item:021081,22.06039,22.06039,240,577,1.0,KG
337,SDC-VD0975221A,SDC-1450,item:021081,22.06039,22.06039,122,459,1.0,KG
337,SDC-1450,M-1810,item:007923,32781.338245,32781.338245,1,338,1.0,G
338,SDC-VD0520132A,M-1430,item:038005,76.60733,76.60733,257,595,1.0,KG
338,SDC-VD0914690A,M-1430,item:042342,264163.265801,264163.265801,21,359,1.0,UN
338,SDC-VD0525412A,M-1430,item:333362,4377.76782,4377.76782,78,416,1.0,UN
338,SDC-VD0993480A,M-1430,item:344135,4377.76782,4377.76782,24,362,1.0,UN
338,SDC-VD0520115A,M-1430,item:708073,34.715699,34.715699,32,370,1.0,KG
338,SDC-VD0508918A,M-1430,item:730384,928.086778,928.086778,53,391,1.0,M
338,SDC-VD1095770A,M-1430,item:734545,35.022143,35.022143,24,362,1.0,UN
338,SDC-1450,M-1430,item:773474,42266.113773,42266.113773,19,357,1.0,G
338,SDC-VD0951020A,M-1810,item:001757,16.059849,16.059849,56,394,1.0,KG
338,SDC-VD0519670A,M-1810,item:001848,5.259732,5.259732,13,351,1.0,KG
338,SDC-VD0951020A,M-1810,item:001848,3.613466,3.613466,29,367,1.0,KG
338,SDC-VD0951020A,M-1810,item:001848,3.171689,3.171689,38,376,1.0,KG
338,SDC-VD0910216A,M-1810,item:001893,27.644212,27.644212,20,358,1.0,KG
338,SDC-VD1091642A,M-1810,item:001893,15.256857,15.256857,27,365,1.0,KG
338,SDC-VD0518684A,M-1810,item:001893,7.628428,7.628428,55,393,1.0,KG
338,SDC-VD1091642A,M-1810,item:001893,25.754786,25.754786,54,392,1.0,KG
338,SDC-VD0910216A,M-1810,item:002612,7.274793,7.274793,13,351,1.0,KG
338,SDC-VD0990780A,M-1810,item:002612,4.014962,4.014962,30,368,1.0,KG
338,SDC-VD1091642A,M-1810,item:002612,1.003741,1.003741,42,380,1.0,KG
338,SDC-VD0500655A,M-1810,item:002612,1.003741,1.003741,11,349,1.0,KG
338,SDC-VD0990780A,M-1810,item:002612,0.215321,0.215321,60,398,1.0,KG
338,SDC-VD1091642A,M-1810,item:002612,6.562254,6.562254,17,355,1.0,KG
338,SDC-VD0514881A,M-1810,item:016332,4.817955,4.817955,42,380,1.0,KG
338,SDC-VD0519670A,M-1810,item:029313,0.401496,0.401496,39,377,1.0,KG
338,SDC-VD1096202A,M-1810,item:039668,0.401496,0.401496,10,348,1.0,KG
338,SDC-VD0520132A,M-1810,item:049371,14.85536,14.85536,92,430,1.0,KG
338,SDC-VD0914320A,M-1810,item:055703,0.562095,0.562095,17,355,1.0,KG
338,SDC-VD0964290A,M-1810,item:055703,0.240898,0.240898,45,383,1.0,KG
338,SDC-VD0505677A,M-1810,item:099439,20.074811,20.074811,47,385,1.0,KG
338,SDC-VD0901566A,M-1810,item:338928,10000.0,10000.0,10,348,1.0,UN
338,SDC-VD0914360C,M-1810,item:338929,9889.069596,9889.069596,17,355,1.0,UN
338,SDC-VD0989480A,M-1810,item:426331,108.779766,108.779766,18,356,1.0,UN
338,SDC-1450,M-1810,item:693055,4014.962256,4014.962256,38,376,1.0,G
338,M-1430,DC-1920,item:268967,4377.76782,4377.76782,1,339,1.0,UN
338,M-1810,DC-1920,item:268091,9889.069596,9889.069596,3,341,1.0,UN
338,DC-1920,C-XXXXX,item:268967,5200.0,5200.0,3,341,1.0,UN
338,SDC-VD0949099A,SDC-1450,item:021081,300.214713,316.015487,169,507,0.95,KG
338,SDC-VD0960508A,SDC-1450,item:021081,85.775632,85.775632,30,368,1.0,KG
338,SDC-VD0972460A,SDC-1450,item:021081,21.443908,21.443908,131,469,1.0,KG
338,SDC-VD0975221A,SDC-1450,item:021081,21.443908,21.443908,52,390,1.0,KG
338,SDC-1450,M-1810,item:007923,32119.698049,32119.698049,1,339,1.0,G
339,SDC-VD0520132A,M-1430,item:038005,76.326593,76.326593,112,451,1.0,KG
339,SDC-VD0914690A,M-1430,item:042342,263195.209517,263195.209517,14,353,1.0,UN
339,SDC-VD0525412A,M-1430,item:333362,4361.724993,4361.724993,28,367,1.0,UN
339,SDC-VD0993480A,M-1430,item:344135,4361.724993,4361.724993,33,372,1.0,UN
339,SDC-VD0520115A,M-1430,item:708073,34.588479,34.588479,28,367,1.0,KG
339,SDC-VD0508918A,M-1430,item:730384,924.685698,924.685698,59,398,1.0,M
339,SDC-VD1095770A,M-1430,item:734545,34.8938,34.8938,9,348,1.0,UN
339,SDC-1450,M-1430,item:773474,42111.224799,42111.224799,5,344,1.0,G
339,SDC-VD0951020A,M-1810,item:001757,15.993685,15.993685,46,385,1.0,KG
339,SDC-VD0519670A,M-1810,item:001848,5.237871,5.237871,22,361,1.0,KG
339,SDC-VD0951020A,M-1810,item:001848,3.598579,3.598579,68,407,1.0,KG
339,SDC-VD0951020A,M-1810,item:001848,3.158813,3.158813,59,398,1.0,KG
339,SDC-VD0910216A,M-1810,item:001893,27.645806,27.645806,13,352,1.0,KG
339,SDC-VD1091642A,M-1810,item:001893,15.194001,15.194001,15,354,1.0,KG
339,SDC-VD0518684A,M-1810,item:001893,7.597,7.597,48,387,1.0,KG
339,SDC-VD1091642A,M-1810,item:001893,25.533197,25.533197,84,423,1.0,KG
339,SDC-VD0910216A,M-1810,item:002612,7.275212,7.275212,27,366,1.0,KG
339,SDC-VD0990780A,M-1810,item:002612,3.995642,3.995642,33,372,1.0,KG
339,SDC-VD1091642A,M-1810,item:002612,0.999605,0.999605,41,380,1.0,KG
339,SDC-VD0500655A,M-1810,item:002612,0.999605,0.999605,48,387,1.0,KG
339,SDC-VD1091642A,M-1810,item:002612,6.722041,6.722041,43,382,1.0,KG
339,SDC-VD0514881A,M-1810,item:016332,4.798106,4.798106,37,376,1.0,KG
339,SDC-VD0519670A,M-1810,item:029313,0.399842,0.399842,82,421,1.0,KG
339,SDC-VD1096202A,M-1810,item:039668,0.399842,0.399842,35,374,1.0,KG
339,SDC-VD0520132A,M-1810,item:049371,14.794159,14.794159,60,399,1.0,KG
339,SDC-VD0914320A,M-1810,item:055703,0.559779,0.559779,38,377,1.0,KG
339,SDC-VD0964290A,M-1810,item:055703,0.239905,0.239905,60,399,1.0,KG
339,SDC-VD0505677A,M-1810,item:099439,19.992106,19.992106,43,382,1.0,KG
339,SDC-VD0901566A,M-1810,item:338928,10000.0,10000.0,75,414,1.0,UN
339,SDC-VD0914360C,M-1810,item:338929,9848.328205,9848.328205,32,371,1.0,UN
339,SDC-VD0989480A,M-1810,item:426331,108.33161,108.33161,21,360,1.0,UN
339,SDC-1450,M-1810,item:693055,3998.421251,3998.421251,48,387,1.0,G
339,M-1430,DC-1920,item:268967,4361.724993,4361.724993,2,341,1.0,UN
339,M-1810,DC-1920,item:268091,9848.328205,9848.328205,2,341,1.0,UN
339,DC-1920,C-XXXXX,item:268967,9577.76782,9577.76782,2,341,1.0,UN
339,DC-1920,C-XXXXX,item:268091,11111.311338,11111.311338,2,341,1.0,UN
339,SDC-VD0949099A,SDC-1450,item:021081,291.345888,306.679882,111,450,0.95,KG
339,SDC-VD0960508A,SDC-1450,item:021081,83.241682,83.241682,168,507,1.0,KG
339,SDC-VD0972460A,SDC-1450,item:021081,20.810421,20.810421,206,545,1.0,KG
339,SDC-VD0975221A,SDC-1450,item:021081,20.810421,20.810421,50,389,1.0,KG
339,SDC-1450,M-1810,item:007923,31987.370009,31987.370009,2,341,1.0,G
340,SDC-VD0520132A,M-1430,item:038005,76.270446,76.270446,69,409,1.0,KG
340,SDC-VD0914690A,M-1430,item:042342,263001.59826,263001.59826,11,351,1.0,UN
340,SDC-VD0525412A,M-1430,item:333362,4358.516427,4358.516427,36,376,1.0,UN
340,SDC-VD0993480A,M-1430,item:344135,4358.516427,4358.516427,61,401,1.0,UN
340,SDC-VD0520115A,M-1430,item:708073,34.563035,34.563035,12,352,1.0,KG
340,SDC-VD0508918A,M-1430,item:730384,924.005483,924.005483,32,372,1.0,M
340,SDC-VD1095770A,M-1430,item:734545,34.868131,34.868131,14,354,1.0,UN
340,SDC-1450,M-1430,item:773474,42080.247005,42080.247005,3,343,1.0,G
340,SDC-VD0951020A,M-1810,item:001757,15.980452,15.980452,29,369,1.0,KG
340,SDC-VD0519670A,M-1810,item:001848,5.233499,5.233499,42,382,1.0,KG
340,SDC-VD0951020A,M-1810,item:001848,3.595602,3.595602,51,391,1.0,KG
340,SDC-VD0951020A,M-1810,item:001848,3.156238,3.156238,26,366,1.0,KG
340,SDC-VD0910216A,M-1810,item:001893,27.646125,27.646125,29,369,1.0,KG
340,SDC-VD1091642A,M-1810,item:001893,15.18143,15.18143,59,399,1.0,KG
340,SDC-VD0518684A,M-1810,item:001893,7.590715,7.590715,48,388,1.0,KG
340,SDC-VD1091642A,M-1810,item:001893,25.488879,25.488879,77,417,1.0,KG
340,SDC-VD0910216A,M-1810,item:002612,7.275296,7.275296,35,375,1.0,KG
340,SDC-VD0990780A,M-1810,item:002612,3.948714,3.948714,18,358,1.0,KG
340,SDC-VD1091642A,M-1810,item:002612,0.998778,0.998778,31,371,1.0,KG
340,SDC-VD0500655A,M-1810,item:002612,0.998778,0.998778,31,371,1.0,KG
340,SDC-VD1091642A,M-1810,item:002612,6.753999,6.753999,70,410,1.0,KG
340,SDC-VD0514881A,M-1810,item:016332,4.794136,4.794136,98,438,1.0,KG
340,SDC-VD0519670A,M-1810,item:029313,0.399511,0.399511,44,384,1.0,KG
340,SDC-VD1096202A,M-1810,item:039668,0.399511,0.399511,35,375,1.0,KG
340,SDC-VD0520132A,M-1810,item:049371,14.781918,14.781918,137,477,1.0,KG
340,SDC-VD0914320A,M-1810,item:055703,0.559316,0.559316,20,360,1.0,KG
340,SDC-VD0964290A,M-1810,item:055703,0.239707,0.239707,36,376,1.0,KG
340,SDC-VD0505677A,M-1810,item:099439,19.975565,19.975565,44,384,1.0,KG
340,SDC-VD0901566A,M-1810,item:338928,10000.0,10000.0,31,371,1.0,UN
340,SDC-VD0914360C,M-1810,item:338929,9840.179927,9840.179927,27,367,1.0,UN
340,SDC-VD0989480A,M-1810,item:426331,108.241979,108.241979,53,393,1.0,UN
340,SDC-1450,M-1810,item:693055,3995.11305,3995.11305,78,418,1.0,G
340,M-1430,DC-1920,item:268967,4358.516427,4358.516427,3,343,1.0,UN
340,M-1810,DC-1920,item:268091,9840.179927,9840.179927,2,342,1.0,UN
340,SDC-VD0949099A,SDC-1450,item:021081,284.009354,298.957215,111,451,0.95,KG
340,SDC-VD0960508A,SDC-1450,item:021081,81.14553,81.14553,137,477,1.0,KG
340,SDC-VD0972460A,SDC-1450,item:021081,20.286382,20.286382,164,504,1.0,KG
340,SDC-VD0975221A,SDC-1450,item:021081,20.286382,20.286382,209,549,1.0,KG
340,SDC-1450,M-1810,item:007923,31960.904402,31960.904402,2,342,1.0,G
341,SDC-VD0520132A,M-1430,item:038005,76.259217,76.259217,130,471,1.0,KG
341,SDC-VD0914690A,M-1430,item:042342,262962.876009,262962.876009,6,347,1.0,UN
341,SDC-VD0525412A,M-1430,item:333362,4357.874714,4357.874714,77,418,1.0,UN
341,SDC-VD0993480A,M-1430,item:344135,4357.874714,4357.874714,10,351,1.0,UN
341,SDC-VD0520115A,M-1430,item:708073,34.557946,34.557946,41,382,1.0,KG
341,SDC-VD0508918A,M-1430,item:730384,923.869439,923.869439,45,386,1.0,M
341,SDC-VD1095770A,M-1430,item:734545,34.862998,34.862998,8,349,1.0,UN
341,SDC-1450,M-1430,item:773474,42074.051446,42074.051446,13,354,1.0,G
341,SDC-VD0951020A,M-1810,item:001757,15.977806,15.977806,106,447,1.0,KG
341,SDC-VD0519670A,M-1810,item:001848,5.232625,5.232625,26,367,1.0,KG
341,SDC-VD0951020A,M-1810,item:001848,3.595006,3.595006,82,423,1.0,KG
341,SDC-VD0951020A,M-1810,item:001848,3.155723,3.155723,35,376,1.0,KG
341,SDC-VD0910216A,M-1810,item:001893,28.472512,28.472512,36,377,1.0,KG
341,SDC-VD1091642A,M-1810,item:001893,15.178915,15.178915,42,383,1.0,KG
341,SDC-VD0518684A,M-1810,item:001893,7.589458,7.589458,65,406,1.0,KG
341,SDC-VD1091642A,M-1810,item:001893,24.653691,24.653691,18,359,1.0,KG
341,SDC-VD0910216A,M-1810,item:002612,7.492766,7.492766,44,385,1.0,KG
341,SDC-VD0990780A,M-1810,item:002612,3.721875,3.721875,28,369,1.0,KG
341,SDC-VD1091642A,M-1810,item:002612,0.998613,0.998613,57,398,1.0,KG
341,SDC-VD0500655A,M-1810,item:002612,0.998613,0.998613,12,353,1.0,KG
341,SDC-VD1091642A,M-1810,item:002612,6.76039,6.76039,54,395,1.0,KG
341,SDC-VD0514881A,M-1810,item:016332,4.793342,4.793342,56,397,1.0,KG
341,SDC-VD0519670A,M-1810,item:029313,0.399445,0.399445,32,373,1.0,KG
341,SDC-VD1096202A,M-1810,item:039668,0.399445,0.399445,36,377,1.0,KG
341,SDC-VD0520132A,M-1810,item:049371,14.77947,14.77947,201,542,1.0,KG
341,SDC-VD0914320A,M-1810,item:055703,0.559223,0.559223,8,349,1.0,KG
341,SDC-VD0964290A,M-1810,item:055703,0.239667,0.239667,34,375,1.0,KG
341,SDC-VD0505677A,M-1810,item:099439,19.972257,19.972257,37,378,1.0,KG
341,SDC-VD0901566A,M-1810,item:338928,10000.0,10000.0,42,383,1.0,UN
341,SDC-VD0914360C,M-1810,item:338929,9838.550271,9838.550271,26,367,1.0,UN
341,SDC-VD0989480A,M-1810,item:426331,108.224053,108.224053,26,367,1.0,UN
341,SDC-1450,M-1810,item:693055,3994.45141,3994.45141,65,406,1.0,G
341,M-1430,DC-1920,item:268967,4357.874714,4357.874714,4,345,1.0,UN
341,M-1810,DC-1920,item:268091,9838.550271,9838.550271,2,343,1.0,UN
341,DC-1920,C-XXXXX,item:268967,8819.706949,8819.706949,3,344,1.0,UN
341,DC-1920,C-XXXXX,item:268091,41730.174354,41730.174354,2,343,1.0,UN
341,SDC-VD0949099A,SDC-1450,item:021081,278.407814,293.060857,119,460,0.95,KG
341,SDC-VD0960508A,SDC-1450,item:021081,79.54509,79.54509,28,369,1.0,KG
341,SDC-VD0972460A,SDC-1450,item:021081,19.886272,19.886272,120,461,1.0,KG
341,SDC-VD0975221A,SDC-1450,item:021081,19.886272,19.886272,150,491,1.0,KG
341,SDC-1450,M-1810,item:007923,31955.61128,31955.61128,2,343,1.0,G
342,SDC-VD0520132A,M-1430,item:038005,76.256971,76.256971,160,502,1.0,KG
342,SDC-VD0914690A,M-1430,item:042342,262955.131558,262955.131558,30,372,1.0,UN
342,SDC-VD0525412A,M-1430,item:333362,4357.746372,4357.746372,69,411,1.0,UN
342,SDC-VD0993480A,M-1430,item:344135,4357.746372,4357.746372,32,374,1.0,UN
342,SDC-VD0520115A,M-1430,item:708073,34.556929,34.556929,21,363,1.0,KG
342,SDC-VD0508918A,M-1430,item:730384,923.842231,923.842231,93,435,1.0,M
342,SDC-VD1095770A,M-1430,item:734545,34.861971,34.861971,20,362,1.0,UN
342,SDC-1450,M-1430,item:773474,42072.812334,42072.812334,7,349,1.0,G
342,SDC-VD0951020A,M-1810,item:001757,15.977276,15.977276,49,391,1.0,KG
342,SDC-VD0519670A,M-1810,item:001848,5.23245,5.23245,11,353,1.0,KG
342,SDC-VD0951020A,M-1810,item:001848,3.594887,3.594887,106,448,1.0,KG
342,SDC-VD0951020A,M-1810,item:001848,3.15562,3.15562,48,390,1.0,KG
342,SDC-VD0910216A,M-1810,item:001893,28.63779,28.63779,20,362,1.0,KG
342,SDC-VD1091642A,M-1810,item:001893,15.178413,15.178413,19,361,1.0,KG
342,SDC-VD0518684A,M-1810,item:001893,7.589206,7.589206,44,386,1.0,KG
342,SDC-VD1091642A,M-1810,item:001893,24.486654,24.486654,67,409,1.0,KG
342,SDC-VD0910216A,M-1810,item:002612,7.53626,7.53626,67,409,1.0,KG
342,SDC-VD0990780A,M-1810,item:002612,3.676507,3.676507,59,401,1.0,KG
342,SDC-VD1091642A,M-1810,item:002612,0.99858,0.99858,17,359,1.0,KG
342,SDC-VD0500655A,M-1810,item:002612,0.99858,0.99858,11,353,1.0,KG
342,SDC-VD1091642A,M-1810,item:002612,6.761668,6.761668,34,376,1.0,KG
342,SDC-VD0514881A,M-1810,item:016332,4.793183,4.793183,67,409,1.0,KG
342,SDC-VD0519670A,M-1810,item:029313,0.399432,0.399432,61,403,1.0,KG
342,SDC-VD1096202A,M-1810,item:039668,0.399432,0.399432,44,386,1.0,KG
342,SDC-VD0520132A,M-1810,item:049371,14.778981,14.778981,179,521,1.0,KG
342,SDC-VD0914320A,M-1810,item:055703,0.559205,0.559205,26,368,1.0,KG
342,SDC-VD0964290A,M-1810,item:055703,0.239659,0.239659,33,375,1.0,KG
342,SDC-VD0505677A,M-1810,item:099439,19.971595,19.971595,11,353,1.0,KG
342,SDC-VD0901566A,M-1810,item:338928,10000.0,10000.0,52,394,1.0,UN
342,SDC-VD0914360C,M-1810,item:338929,9838.22434,9838.22434,31,373,1.0,UN
342,SDC-VD0989480A,M-1810,item:426331,108.220468,108.220468,37,379,1.0,UN
342,SDC-1450,M-1810,item:693055,3994.319082,3994.319082,66,408,1.0,G
342,M-1430,DC-1920,item:268967,4357.746372,4357.746372,3,345,1.0,UN
342,M-1810,DC-1920,item:268091,9838.22434,9838.22434,2,344,1.0,UN
342,DC-1920,C-XXXXX,item:268091,9840.179927,9840.179927,2,344,1.0,UN
342,SDC-VD0949099A,SDC-1450,item:021081,274.265826,288.700869,195,537,0.95,KG
342,SDC-VD0960508A,SDC-1450,item:021081,78.361664,78.361664,97,439,1.0,KG
342,SDC-VD0972460A,SDC-1450,item:021081,19.590416,19.590416,127,469,1.0,KG
342,SDC-VD0975221A,SDC-1450,item:021081,19.590416,19.590416,98,440,1.0,KG
342,SDC-1450,M-1810,item:007923,31954.552656,31954.552656,1,343,1.0,G
343,SDC-VD0520132A,M-1430,item:038005,82.508227,82.508227,281,624,1.0,KG
343,SDC-VD0914690A,M-1430,item:042342,284511.193155,284511.193155,10,353,1.0,UN
343,SDC-VD0525412A,M-1430,item:333362,4714.977846,4714.977846,27,370,1.0,UN
343,SDC-VD0993480A,M-1430,item:344135,4714.977846,4714.977846,45,388,1.0,UN
343,SDC-VD0520115A,M-1430,item:708073,37.389774,37.389774,13,356,1.0,KG
343,SDC-VD0508918A,M-1430,item:730384,999.575303,999.575303,53,396,1.0,M
343,SDC-VD1095770A,M-1430,item:734545,37.719823,37.719823,27,370,1.0,UN
343,SDC-1450,M-1430,item:773474,45521.781475,45521.781475,4,347,1.0,G
343,SDC-VD0951020A,M-1810,item:001757,17.18487,17.18487,95,438,1.0,KG
343,SDC-VD0519670A,M-1810,item:001848,9.022057,9.022057,14,357,1.0,KG
343,SDC-VD0951020A,M-1810,item:001848,3.866596,3.866596,58,401,1.0,KG
343,SDC-VD0910216A,M-1810,item:001893,28.670845,28.670845,37,380,1.0,KG
343,SDC-VD1091642A,M-1810,item:001893,16.325626,16.325626,41,384,1.0,KG
343,SDC-VD0518684A,M-1810,item:001893,8.162813,8.162813,52,395,1.0,KG
343,SDC-VD1091642A,M-1810,item:001893,22.738135,22.738135,19,362,1.0,KG
343,SDC-VD0518684A,M-1810,item:001893,5.730712,5.730712,71,414,1.0,KG
343,SDC-VD0910216A,M-1810,item:002612,7.544959,7.544959,21,364,1.0,KG
343,SDC-VD0990780A,M-1810,item:002612,3.667433,3.667433,5,348,1.0,KG
343,SDC-VD1091642A,M-1810,item:002612,1.074054,1.074054,47,390,1.0,KG
343,SDC-VD0500655A,M-1810,item:002612,1.074054,1.074054,28,371,1.0,KG
343,SDC-VD1091642A,M-1810,item:002612,8.120586,8.120586,24,367,1.0,KG
343,SDC-VD0514881A,M-1810,item:016332,5.155461,5.155461,82,425,1.0,KG
343,SDC-VD0519670A,M-1810,item:029313,0.429622,0.429622,86,429,1.0,KG
343,SDC-VD1096202A,M-1810,item:039668,0.429622,0.429622,19,362,1.0,KG
343,SDC-VD0520132A,M-1810,item:049371,15.896004,15.896004,47,390,1.0,KG
343,SDC-VD0914320A,M-1810,item:055703,0.60147,0.60147,39,382,1.0,KG
343,SDC-VD0964290A,M-1810,item:055703,0.257773,0.257773,66,409,1.0,KG
343,SDC-VD0505677A,M-1810,item:099439,21.481087,21.481087,48,391,1.0,KG
343,SDC-VD0901566A,M-1810,item:338928,10000.0,10000.0,63,406,1.0,UN
343,SDC-VD0914360C,M-1810,item:338929,10581.816297,10581.816297,75,418,1.0,UN
343,SDC-VD0989480A,M-1810,item:426331,116.399979,116.399979,31,374,1.0,UN
343,SDC-1450,M-1810,item:693055,4296.217416,4296.217416,73,416,1.0,G
343,M-1430,DC-1920,item:268967,4714.977846,4714.977846,2,345,1.0,UN
343,M-1810,DC-1920,item:268091,10581.816297,10581.816297,2,345,1.0,UN
343,DC-1920,C-XXXXX,item:268967,4358.516427,4358.516427,2,345,1.0,UN
343,DC-1920,C-XXXXX,item:268091,9838.550271,9838.550271,3,346,1.0,UN
343,SDC-VD0949099A,SDC-1450,item:021081,271.242595,285.518521,129,472,0.95,KG
343,SDC-VD0960508A,SDC-1450,item:021081,77.497884,77.497884,57,400,1.0,KG
343,SDC-VD0972460A,SDC-1450,item:021081,19.374471,19.374471,130,473,1.0,KG
343,SDC-VD0975221A,SDC-1450,item:021081,19.374471,19.374471,93,436,1.0,KG
343,SDC-1450,M-1810,item:007923,34369.739332,34369.739332,2,345,1.0,G
344,SDC-VD0520132A,M-1430,item:038005,83.758478,83.758478,132,476,1.0,KG
344,SDC-VD0914690A,M-1430,item:042342,288822.405474,288822.405474,21,365,1.0,UN
344,SDC-VD0525412A,M-1430,item:333362,4786.42414,4786.42414,87,431,1.0,UN
344,SDC-VD0993480A,M-1430,item:344135,4786.42414,4786.42414,19,363,1.0,UN
344,SDC-VD0520115A,M-1430,item:708073,37.956343,37.956343,11,355,1.0,KG
344,SDC-VD0508918A,M-1430,item:730384,1014.721918,1014.721918,60,404,1.0,M
344,SDC-VD1095770A,M-1430,item:734545,38.291393,38.291393,19,363,1.0,UN
344,SDC-1450,M-1430,item:773474,46211.575303,46211.575303,14,358,1.0,G
344,SDC-VD0951020A,M-1810,item:001757,17.426388,17.426388,39,383,1.0,KG
344,SDC-VD0519670A,M-1810,item:001848,9.148854,9.148854,17,361,1.0,KG
344,SDC-VD0951020A,M-1810,item:001848,3.920937,3.920937,21,365,1.0,KG
344,SDC-VD0910216A,M-1810,item:001893,28.677456,28.677456,31,375,1.0,KG
344,SDC-VD1091642A,M-1810,item:001893,16.555069,16.555069,79,423,1.0,KG
344,SDC-VD0518684A,M-1810,item:001893,8.277534,8.277534,28,372,1.0,KG
344,SDC-VD1091642A,M-1810,item:001893,29.265285,29.265285,51,395,1.0,KG
344,SDC-VD0910216A,M-1810,item:002612,7.546699,7.546699,63,407,1.0,KG
344,SDC-VD0990780A,M-1810,item:002612,4.356597,4.356597,68,412,1.0,KG
344,SDC-VD1091642A,M-1810,item:002612,1.089149,1.089149,46,390,1.0,KG
344,SDC-VD0500655A,M-1810,item:002612,1.089149,1.089149,22,366,1.0,KG
344,SDC-VD0990780A,M-1810,item:002612,7.701391,7.701391,23,367,1.0,KG
344,SDC-VD0514881A,M-1810,item:016332,5.227917,5.227917,68,412,1.0,KG
344,SDC-VD0519670A,M-1810,item:029313,0.43566,0.43566,62,406,1.0,KG
344,SDC-VD1096202A,M-1810,item:039668,0.43566,0.43566,44,388,1.0,KG
344,SDC-VD0520132A,M-1810,item:049371,16.119409,16.119409,185,529,1.0,KG
344,SDC-VD0914320A,M-1810,item:055703,0.609924,0.609924,16,360,1.0,KG
344,SDC-VD0964290A,M-1810,item:055703,0.261396,0.261396,15,359,1.0,KG
344,SDC-VD0505677A,M-1810,item:099439,21.782985,21.782985,56,400,1.0,KG
344,SDC-VD0901566A,M-1810,item:338928,10000.0,10000.0,46,390,1.0,UN
344,SDC-VD0914360C,M-1810,item:338929,10730.534688,10730.534688,44,388,1.0,UN
344,SDC-VD0989480A,M-1810,item:426331,118.035882,118.035882,29,373,1.0,UN
344,SDC-1450,M-1810,item:693055,4356.597083,4356.597083,61,405,1.0,G
344,M-1430,DC-1920,item:268967,4786.42414,4786.42414,3,347,1.0,UN
344,M-1810,DC-1920,item:268091,10730.534688,10730.534688,3,347,1.0,UN
344,DC-1920,C-XXXXX,item:268091,9838.22434,9838.22434,2,346,1.0,UN
344,SDC-VD0949099A,SDC-1450,item:021081,273.364491,287.752096,149,493,0.95,KG
344,SDC-VD0960508A,SDC-1450,item:021081,78.10414,78.10414,50,394,1.0,KG
344,SDC-VD0972460A,SDC-1450,item:021081,19.526035,19.526035,141,485,1.0,KG
344,SDC-VD0975221A,SDC-1450,item:021081,19.526035,19.526035,238,582,1.0,KG
344,SDC-1450,M-1810,item:007923,34852.776667,34852.776667,1,345,1.0,G
345,SDC-VD0520132A,M-1430,item:038005,84.008529,84.008529,171,516,1.0,KG
345,SDC-VD0914690A,M-1430,item:042342,289684.647938,289684.647938,12,357,1.0,UN
345,SDC-VD0525412A,M-1430,item:333362,4800.713399,4800.713399,57,402,1.0,UN
345,SDC-VD0993480A,M-1430,item:344135,4800.713399,4800.713399,36,381,1.0,UN
345,SDC-VD0520115A,M-1430,item:708073,38.069657,38.069657,38,383,1.0,KG
345,SDC-VD0508918A,M-1430,item:730384,1017.751241,1017.751241,109,454,1.0,M
345,SDC-VD1095770A,M-1430,item:734545,38.405707,38.405707,9,354,1.0,UN
345,SDC-1450,M-1430,item:773474,46349.534069,46349.534069,24,369,1.0,G
345,SDC-VD0951020A,M-1810,item:001757,17.474692,17.474692,81,426,1.0,KG
345,SDC-VD0519670A,M-1810,item:001848,9.174213,9.174213,15,360,1.0,KG
345,SDC-VD0951020A,M-1810,item:001848,3.931806,3.931806,41,386,1.0,KG
345,SDC-VD0910216A,M-1810,item:001893,28.678779,28.678779,20,365,1.0,KG
345,SDC-VD1091642A,M-1810,item:001893,16.600957,16.600957,79,424,1.0,KG
345,SDC-VD0518684A,M-1810,item:001893,8.300479,8.300479,32,377,1.0,KG
345,SDC-VD1091642A,M-1810,item:001893,29.424572,29.424572,36,381,1.0,KG
345,SDC-VD0910216A,M-1810,item:002612,7.547047,7.547047,66,411,1.0,KG
345,SDC-VD0990780A,M-1810,item:002612,4.368673,4.368673,35,380,1.0,KG
345,SDC-VD1091642A,M-1810,item:002612,1.092168,1.092168,44,389,1.0,KG
345,SDC-VD0500655A,M-1810,item:002612,1.092168,1.092168,27,372,1.0,KG
345,SDC-VD0990780A,M-1810,item:002612,7.743309,7.743309,39,384,1.0,KG
345,SDC-VD0514881A,M-1810,item:016332,5.242408,5.242408,98,443,1.0,KG
345,SDC-VD0519670A,M-1810,item:029313,0.436867,0.436867,72,417,1.0,KG
345,SDC-VD1096202A,M-1810,item:039668,0.436867,0.436867,33,378,1.0,KG
345,SDC-VD0520132A,M-1810,item:049371,16.16409,16.16409,189,534,1.0,KG
345,SDC-VD0914320A,M-1810,item:055703,0.611614,0.611614,17,362,1.0,KG
345,SDC-VD0964290A,M-1810,item:055703,0.26212,0.26212,84,429,1.0,KG
345,SDC-VD0505677A,M-1810,item:099439,21.843365,21.843365,9,354,1.0,KG
345,SDC-VD0901566A,M-1810,item:338928,10000.0,10000.0,48,393,1.0,UN
345,SDC-VD0914360C,M-1810,item:338929,10760.278366,10760.278366,33,378,1.0,UN
345,SDC-VD0989480A,M-1810,item:426331,118.363062,118.363062,13,358,1.0,UN
345,SDC-1450,M-1810,item:693055,4368.673017,4368.673017,59,404,1.0,G
345,M-1430,DC-1920,item:268967,4800.713399,4800.713399,4,349,1.0,UN
345,M-1810,DC-1920,item:268091,10760.278366,10760.278366,4,349,1.0,UN
345,DC-1920,C-XXXXX,item:268967,13430.598931,13430.598931,4,349,1.0,UN
345,DC-1920,C-XXXXX,item:268091,10581.816297,10581.816297,1,346,1.0,UN
345,SDC-VD0949099A,SDC-1450,item:021081,276.95438,291.530926,95,440,0.95,KG
345,SDC-VD0960508A,SDC-1450,item:021081,79.129823,79.129823,37,382,1.0,KG
345,SDC-VD0972460A,SDC-1450,item:021081,19.782456,19.782456,111,456,1.0,KG
345,SDC-VD0975221A,SDC-1450,item:021081,19.782456,19.782456,164,509,1.0,KG
345,SDC-1450,M-1810,item:007923,34949.384134,34949.384134,1,346,1.0,G
346,SDC-VD0520132A,M-1430,item:038005,84.058539,84.058539,266,612,1.0,KG
346,SDC-VD0914690A,M-1430,item:042342,289857.096431,289857.096431,21,367,1.0,UN
346,SDC-VD0525412A,M-1430,item:333362,4803.571251,4803.571251,43,389,1.0,UN
346,SDC-VD0993480A,M-1430,item:344135,4803.571251,4803.571251,25,371,1.0,UN
346,SDC-VD0520115A,M-1430,item:708073,38.09232,38.09232,56,402,1.0,KG
346,SDC-VD0508918A,M-1430,item:730384,1018.357105,1018.357105,44,390,1.0,M
346,SDC-VD1095770A,M-1430,item:734545,38.42857,38.42857,23,369,1.0,UN
346,SDC-1450,M-1430,item:773474,46377.125822,46377.125822,12,358,1.0,G
346,SDC-VD0951020A,M-1810,item:001757,17.484353,17.484353,111,457,1.0,KG
346,SDC-VD0519670A,M-1810,item:001848,9.179285,9.179285,29,375,1.0,KG
346,SDC-VD0951020A,M-1810,item:001848,3.933979,3.933979,39,385,1.0,KG
346,SDC-VD0910216A,M-1810,item:001893,28.679043,28.679043,35,381,1.0,KG
346,SDC-VD1091642A,M-1810,item:001893,16.610135,16.610135,43,389,1.0,KG
346,SDC-VD0518684A,M-1810,item:001893,8.305068,8.305068,75,421,1.0,KG
346,SDC-VD1091642A,M-1810,item:001893,29.45643,29.45643,9,355,1.0,KG
346,SDC-VD0910216A,M-1810,item:002612,7.547117,7.547117,39,385,1.0,KG
346,SDC-VD0990780A,M-1810,item:002612,4.371088,4.371088,33,379,1.0,KG
346,SDC-VD1091642A,M-1810,item:002612,1.092772,1.092772,57,403,1.0,KG
346,SDC-VD0500655A,M-1810,item:002612,1.092772,1.092772,31,377,1.0,KG
346,SDC-VD0990780A,M-1810,item:002612,7.751692,7.751692,21,367,1.0,KG
346,SDC-VD0514881A,M-1810,item:016332,5.245306,5.245306,48,394,1.0,KG
346,SDC-VD0519670A,M-1810,item:029313,0.437109,0.437109,52,398,1.0,KG
346,SDC-VD1096202A,M-1810,item:039668,0.437109,0.437109,28,374,1.0,KG
346,SDC-VD0520132A,M-1810,item:049371,16.173026,16.173026,129,475,1.0,KG
346,SDC-VD0914320A,M-1810,item:055703,0.611952,0.611952,18,364,1.0,KG
346,SDC-VD0964290A,M-1810,item:055703,0.262265,0.262265,11,357,1.0,KG
346,SDC-VD0505677A,M-1810,item:099439,21.855441,21.855441,55,401,1.0,KG
346,SDC-VD0901566A,M-1810,item:338928,10000.0,10000.0,39,385,1.0,UN
346,SDC-VD0914360C,M-1810,item:338929,10766.227102,10766.227102,84,430,1.0,UN
346,SDC-VD0989480A,M-1810,item:426331,118.428498,118.428498,13,359,1.0,UN
346,SDC-1450,M-1810,item:693055,4371.088203,4371.088203,24,370,1.0,G
346,M-1430,DC-1920,item:268967,4803.571251,4803.571251,2,348,1.0,UN
346,M-1810,DC-1920,item:268091,10766.227102,10766.227102,2,348,1.0,UN
346,SDC-VD0949099A,SDC-1450,item:021081,280.292559,295.044799,85,431,0.95,KG
346,SDC-VD0960508A,SDC-1450,item:021081,80.083588,80.083588,95,441,1.0,KG
346,SDC-VD0972460A,SDC-1450,item:021081,20.020897,20.020897,149,495,1.0,KG
346,SDC-VD0975221A,SDC-1450,item:021081,20.020897,20.020897,85,431,1.0,KG
346,SDC-1450,M-1810,item:007923,34968.705628,34968.705628,1,347,1.0,G
347,SDC-VD0520132A,M-1430,item:038005,84.068541,84.068541,212,559,1.0,KG
347,SDC-VD0914690A,M-1430,item:042342,289891.58613,289891.58613,17,364,1.0,UN
347,SDC-VD0525412A,M-1430,item:333362,4804.142821,4804.142821,37,384,1.0,UN
347,SDC-VD0993480A,M-1430,item:344135,4804.142821,4804.142821,11,358,1.0,UN
347,SDC-VD0520115A,M-1430,item:708073,38.096853,38.096853,22,369,1.0,KG
347,SDC-VD0508918A,M-1430,item:730384,1018.478278,1018.478278,21,368,1.0,M
347,SDC-VD1095770A,M-1430,item:734545,38.433143,38.433143,18,365,1.0,UN
347,SDC-1450,M-1430,item:773474,46382.644172,46382.644172,11,358,1.0,G
347,SDC-VD0951020A,M-1810,item:001757,17.486285,17.486285,168,515,1.0,KG
347,SDC-VD0519670A,M-1810,item:001848,9.1803,9.1803,17,364,1.0,KG
347,SDC-VD0951020A,M-1810,item:001848,3.934414,3.934414,31,378,1.0,KG
347,SDC-VD0910216A,M-1810,item:001893,28.679096,28.679096,19,366,1.0,KG
347,SDC-VD1091642A,M-1810,item:001893,16.611971,16.611971,22,369,1.0,KG
347,SDC-VD0518684A,M-1810,item:001893,8.305985,8.305985,73,420,1.0,KG
347,SDC-VD1091642A,M-1810,item:001893,29.462802,29.462802,18,365,1.0,KG
347,SDC-VD0910216A,M-1810,item:002612,7.547131,7.547131,70,417,1.0,KG
347,SDC-VD0990780A,M-1810,item:002612,4.371571,4.371571,29,376,1.0,KG
347,SDC-VD1091642A,M-1810,item:002612,1.092893,1.092893,33,380,1.0,KG
347,SDC-VD0500655A,M-1810,item:002612,1.092893,1.092893,17,364,1.0,KG
347,SDC-VD0990780A,M-1810,item:002612,7.753369,7.753369,24,371,1.0,KG
347,SDC-VD0514881A,M-1810,item:016332,5.245885,5.245885,6,353,1.0,KG
347,SDC-VD0519670A,M-1810,item:029313,0.437157,0.437157,43,390,1.0,KG
347,SDC-VD1096202A,M-1810,item:039668,0.437157,0.437157,16,363,1.0,KG
347,SDC-VD0520132A,M-1810,item:049371,16.174814,16.174814,197,544,1.0,KG
347,SDC-VD0914320A,M-1810,item:055703,0.61202,0.61202,15,362,1.0,KG
347,SDC-VD0964290A,M-1810,item:055703,0.262294,0.262294,50,397,1.0,KG
347,SDC-VD0505677A,M-1810,item:099439,21.857856,21.857856,26,373,1.0,KG
347,SDC-VD0901566A,M-1810,item:338928,10000.0,10000.0,96,443,1.0,UN
347,SDC-VD0914360C,M-1810,item:338929,10767.416849,10767.416849,48,395,1.0,UN
347,SDC-VD0989480A,M-1810,item:426331,118.441585,118.441585,25,372,1.0,UN
347,SDC-1450,M-1810,item:693055,4371.571241,4371.571241,104,451,1.0,G
347,M-1430,DC-1920,item:268967,4804.142821,4804.142821,3,350,1.0,UN
347,M-1810,DC-1920,item:268091,10767.416849,10767.416849,3,350,1.0,UN
347,DC-1920,C-XXXXX,item:268967,4786.42414,4786.42414,3,350,1.0,UN
347,DC-1920,C-XXXXX,item:268091,10730.534688,10730.534688,1,348,1.0,UN
347,SDC-VD0949099A,SDC-1450,item:021081,282.947293,297.839256,48,395,0.95,KG
347,SDC-VD0960508A,SDC-1450,item:021081,80.842084,80.842084,148,495,1.0,KG
347,SDC-VD0972460A,SDC-1450,item:021081,20.210521,20.210521,45,392,1.0,KG
347,SDC-VD0975221A,SDC-1450,item:021081,20.210521,20.210521,223,570,1.0,KG
347,SDC-1450,M-1810,item:007923,34972.569926,34972.569926,2,349,1.0,G
348,SDC-VD0520132A,M-1430,item:038005,84.070541,84.070541,117,465,1.0,KG
348,SDC-VD0914690A,M-1430,item:042342,289898.484069,289898.484069,11,359,1.0,UN
348,SDC-VD0525412A,M-1430,item:333362,4804.257135,4804.257135,50,398,1.0,UN
348,SDC-VD0993480A,M-1430,item:344135,4804.257135,4804.257135,35,383,1.0,UN
348,SDC-VD0520115A,M-1430,item:708073,38.097759,38.097759,56,404,1.0,KG
348,SDC-VD0508918A,M-1430,item:730384,1018.502513,1018.502513,59,407,1.0,M
348,SDC-VD1095770A,M-1430,item:734545,38.434057,38.434057,23,371,1.0,UN
348,SDC-1450,M-1430,item:773474,46383.747843,46383.747843,10,358,1.0,G
348,SDC-VD0951020A,M-1810,item:001757,17.486671,17.486671,70,418,1.0,KG
348,SDC-VD0519670A,M-1810,item:001848,9.180502,9.180502,9,357,1.0,KG
348,SDC-VD0951020A,M-1810,item:001848,3.934501,3.934501,58,406,1.0,KG
348,SDC-VD0910216A,M-1810,item:001893,39.804771,39.804771,28,376,1.0,KG
348,SDC-VD1091642A,M-1810,item:001893,16.612338,16.612338,44,392,1.0,KG
348,SDC-VD0518684A,M-1810,item:001893,8.306169,8.306169,45,393,1.0,KG
348,SDC-VD1091642A,M-1810,item:001893,18.338412,18.338412,19,367,1.0,KG
348,SDC-VD0910216A,M-1810,item:002612,10.47494,10.47494,55,403,1.0,KG
348,SDC-VD0990780A,M-1810,item:002612,4.371668,4.371668,27,375,1.0,KG
348,SDC-VD1091642A,M-1810,item:002612,1.092917,1.092917,21,369,1.0,KG
348,SDC-VD0500655A,M-1810,item:002612,1.092917,1.092917,39,387,1.0,KG
348,SDC-VD0990780A,M-1810,item:002612,4.825898,4.825898,53,401,1.0,KG
348,SDC-VD0514881A,M-1810,item:016332,5.246001,5.246001,37,385,1.0,KG
348,SDC-VD0519670A,M-1810,item:029313,0.437167,0.437167,112,460,1.0,KG
348,SDC-VD1096202A,M-1810,item:039668,0.437167,0.437167,34,382,1.0,KG
348,SDC-VD0520132A,M-1810,item:049371,16.175171,16.175171,114,462,1.0,KG
348,SDC-VD0914320A,M-1810,item:055703,0.612033,0.612033,15,363,1.0,KG
348,SDC-VD0964290A,M-1810,item:055703,0.2623,0.2623,42,390,1.0,KG
348,SDC-VD0505677A,M-1810,item:099439,21.858339,21.858339,21,369,1.0,KG
348,SDC-VD0901566A,M-1810,item:338928,10000.0,10000.0,87,435,1.0,UN
348,SDC-VD0914360C,M-1810,item:338929,10767.654799,10767.654799,21,369,1.0,UN
348,SDC-VD0989480A,M-1810,item:426331,118.444203,118.444203,9,357,1.0,UN
348,SDC-1450,M-1810,item:693055,4371.667848,4371.667848,114,462,1.0,G
348,M-1430,DC-1920,item:268967,4804.257135,4804.257135,3,351,1.0,UN
348,M-1810,DC-1920,item:268091,10767.654799,10767.654799,2,350,1.0,UN
348,DC-1920,C-XXXXX,item:268967,4803.571251,4803.571251,3,351,1.0,UN
348,DC-1920,C-XXXXX,item:268091,10766.227102,10766.227102,4,352,1.0,UN
348,SDC-VD0949099A,SDC-1450,item:021081,284.941299,299.93821,73,421,0.95,KG
348,SDC-VD0960508A,SDC-1450,item:021081,81.4118,81.4118,103,451,1.0,KG
348,SDC-VD0972460A,SDC-1450,item:021081,20.35295,20.35295,104,452,1.0,KG
348,SDC-VD0975221A,SDC-1450,item:021081,20.35295,20.35295,205,553,1.0,KG
348,SDC-1450,M-1810,item:007923,34973.342786,34973.342786,1,349,1.0,G
349,SDC-VD0520132A,M-1430,item:038005,84.070941,84.070941,118,467,1.0,KG
349,SDC-VD0914690A,M-1430,item:042342,289899.863657,289899.863657,31,380,1.0,UN
349,SDC-VD0525412A,M-1430,item:333362,4804.279998,4804.279998,42,391,1.0,UN
349,SDC-VD0993480A,M-1430,item:344135,4804.279998,4804.279998,51,400,1.0,UN
349,SDC-VD0520115A,M-1430,item:708073,38.09794,38.09794,14,363,1.0,KG
349,SDC-VD0508918A,M-1430,item:730384,1018.50736,1018.50736,47,396,1.0,M
349,SDC-VD1095770A,M-1430,item:734545,38.43424,38.43424,7,356,1.0,UN
349,SDC-1450,M-1430,item:773474,46383.968577,46383.968577,17,366,1.0,G
349,SDC-VD0951020A,M-1810,item:001757,17.486749,17.486749,68,417,1.0,KG
349,SDC-VD0519670A,M-1810,item:001848,9.180543,9.180543,26,375,1.0,KG
349,SDC-VD0951020A,M-1810,item:001848,3.934518,3.934518,100,449,1.0,KG
349,SDC-VD0910216A,M-1810,item:001893,39.776576,39.776576,22,371,1.0,KG
349,SDC-VD1091642A,M-1810,item:001893,16.612411,16.612411,23,372,1.0,KG
349,SDC-VD0518684A,M-1810,item:001893,8.306206,8.306206,17,366,1.0,KG
349,SDC-VD1091642A,M-1810,item:001893,18.366864,18.366864,61,410,1.0,KG
349,SDC-VD0910216A,M-1810,item:002612,10.46752,10.46752,62,411,1.0,KG
349,SDC-VD0990780A,M-1810,item:002612,4.371687,4.371687,55,404,1.0,KG
349,SDC-VD1091642A,M-1810,item:002612,1.092922,1.092922,70,419,1.0,KG
349,SDC-VD0500655A,M-1810,item:002612,1.092922,1.092922,23,372,1.0,KG
349,SDC-VD0990780A,M-1810,item:002612,4.833385,4.833385,42,391,1.0,KG
349,SDC-VD0514881A,M-1810,item:016332,5.246025,5.246025,34,383,1.0,KG
349,SDC-VD0519670A,M-1810,item:029313,0.437169,0.437169,17,366,1.0,KG
349,SDC-VD1096202A,M-1810,item:039668,0.437169,0.437169,39,388,1.0,KG
349,SDC-VD0520132A,M-1810,item:049371,16.175243,16.175243,114,463,1.0,KG
349,SDC-VD0914320A,M-1810,item:055703,0.612036,0.612036,19,368,1.0,KG
349,SDC-VD0964290A,M-1810,item:055703,0.262301,0.262301,49,398,1.0,KG
349,SDC-VD0505677A,M-1810,item:099439,21.858436,21.858436,56,405,1.0,KG
349,SDC-VD0901566A,M-1810,item:338928,10000.0,10000.0,140,489,1.0,UN
349,SDC-VD0914360C,M-1810,item:338929,10767.702389,10767.702389,68,417,1.0,UN
349,SDC-VD0989480A,M-1810,item:426331,118.444726,118.444726,47,396,1.0,UN
349,SDC-1450,M-1810,item:693055,4371.68717,4371.68717,22,371,1.0,G
349,M-1430,DC-1920,item:268967,4804.279998,4804.279998,4,353,1.0,UN
349,M-1810,DC-1920,item:268091,10767.702389,10767.702389,5,354,1.0,UN
349,DC-1920,C-XXXXX,item:268967,4800.713399,4800.713399,1,350,1.0,UN
349,DC-1920,C-XXXXX,item:268091,10760.278366,10760.278366,3,352,1.0,UN
349,SDC-VD0949099A,SDC-1450,item:021081,286.405739,301.479725,80,429,0.95,KG
349,SDC-VD0960508A,SDC-1450,item:021081,81.830211,81.830211,99,448,1.0,KG
349,SDC-VD0972460A,SDC-1450,item:021081,20.457553,20.457553,105,454,1.0,KG
349,SDC-VD0975221A,SDC-1450,item:021081,20.457553,20.457553,95,444,1.0,KG
349,SDC-1450,M-1810,item:007923,34973.497358,34973.497358,2,351,1.0,G
350,SDC-VD0520132A,M-1430,item:038005,90.995715,90.995715,132,482,1.0,KG
350,SDC-VD0914690A,M-1430,item:042342,313778.4,313778.4,18,368,1.0,UN
350,SDC-VD0525412A,M-1430,item:333362,5200.0,5200.0,120,470,1.0,UN
350,SDC-VD0993480A,M-1430,item:344135,5200.0,5200.0,50,400,1.0,UN
350,SDC-VD0520115A,M-1430,item:708073,41.236,41.236,16,366,1.0,KG
350,SDC-VD0508918A,M-1430,item:730384,1102.4,1102.4,38,388,1.0,M
350,SDC-VD1095770A,M-1430,item:734545,41.6,41.6,18,368,1.0,UN
350,SDC-1450,M-1430,item:773474,50204.5336,50204.5336,12,362,1.0,G
350,SDC-VD0951020A,M-1810,item:001757,19.3256,19.3256,152,502,1.0,KG
350,SDC-VD0519670A,M-1810,item:001848,10.14594,10.14594,21,371,1.0,KG
350,SDC-VD0951020A,M-1810,item:001848,4.34826,4.34826,83,433,1.0,KG
350,SDC-VD0910216A,M-1810,item:001893,39.770937,39.770937,44,394,1.0,KG
350,SDC-VD1091642A,M-1810,item:001893,18.35932,18.35932,17,367,1.0,KG
350,SDC-VD0518684A,M-1810,item:001893,9.17966,9.17966,96,446,1.0,KG
350,SDC-VD1091642A,M-1810,item:001893,24.486683,24.486683,14,364,1.0,KG
350,SDC-VD0910216A,M-1810,item:002612,10.466036,10.466036,38,388,1.0,KG
350,SDC-VD0990780A,M-1810,item:002612,4.8314,4.8314,38,388,1.0,KG
350,SDC-VD1091642A,M-1810,item:002612,1.20785,1.20785,70,420,1.0,KG
350,SDC-VD0500655A,M-1810,item:002612,1.20785,1.20785,20,370,1.0,KG
350,SDC-VD0990780A,M-1810,item:002612,4.52637,4.52637,18,368,1.0,KG
350,SDC-VD1091642A,M-1810,item:002612,1.917494,1.917494,27,377,1.0,KG
350,SDC-VD0514881A,M-1810,item:016332,5.79768,5.79768,34,384,1.0,KG
350,SDC-VD0519670A,M-1810,item:029313,0.48314,0.48314,31,381,1.0,KG
350,SDC-VD1096202A,M-1810,item:039668,0.48314,0.48314,19,369,1.0,KG
350,SDC-VD0520132A,M-1810,item:049371,17.87618,17.87618,39,389,1.0,KG
350,SDC-VD0914320A,M-1810,item:055703,0.676396,0.676396,20,370,1.0,KG
350,SDC-VD0964290A,M-1810,item:055703,0.289884,0.289884,24,374,1.0,KG
350,SDC-VD0505677A,M-1810,item:099439,24.157,24.157,19,369,1.0,KG
350,SDC-VD0901566A,M-1810,item:338928,10000.0,10000.0,54,404,1.0,UN
350,SDC-VD0914360C,M-1810,item:338929,11900.0,11900.0,78,428,1.0,UN
350,SDC-VD0989480A,M-1810,item:426331,130.9,130.9,40,390,1.0,UN
350,SDC-1450,M-1810,item:693055,4831.4,4831.4,45,395,1.0,G
350,M-1430,DC-1920,item:268967,5200.0,5200.0,2,352,1.0,UN
350,M-1810,DC-1920,item:268091,11900.0,11900.0,4,354,1.0,UN
350,DC-1920,C-XXXXX,item:268967,4804.142821,4804.142821,2,352,1.0,UN
350,DC-1920,C-XXXXX,item:268091,21535.071648,21535.071648,5,355,1.0,UN
350,SDC-VD0949099A,SDC-1450,item:021081,287.471654,302.601742,84,434,0.95,KG
350,SDC-VD0960508A,SDC-1450,item:021081,82.134758,82.134758,203,553,1.0,KG
350,SDC-VD0972460A,SDC-1450,item:021081,20.53369,20.53369,240,590,1.0,KG
350,SDC-VD0975221A,SDC-1450,item:021081,20.53369,20.53369,45,395,1.0,KG
350,SDC-1450,M-1810,item:007923,38651.2,38651.2,1,351,1.0,G
351,SDC-VD0520132A,M-1430,item:038005,90.995715,90.995715,131,482,1.0,KG
351,SDC-VD0914690A,M-1430,item:042342,313778.4,313778.4,14,365,1.0,UN
351,SDC-VD0525412A,M-1430,item:333362,5200.0,5200.0,59,410,1.0,UN
351,SDC-VD0993480A,M-1430,item:344135,5200.0,5200.0,17,368,1.0,UN
351,SDC-VD0520115A,M-1430,item:708073,41.236,41.236,25,376,1.0,KG
351,SDC-VD0508918A,M-1430,item:730384,1102.4,1102.4,31,382,1.0,M
351,SDC-VD1095770A,M-1430,item:734545,41.6,41.6,32,383,1.0,UN
351,SDC-1450,M-1430,item:773474,50204.5336,50204.5336,6,357,1.0,G
351,SDC-VD0951020A,M-1810,item:001757,19.3256,19.3256,44,395,1.0,KG
351,SDC-VD0519670A,M-1810,item:001848,10.14594,10.14594,25,376,1.0,KG
351,SDC-VD0951020A,M-1810,item:001848,4.34826,4.34826,54,405,1.0,KG
351,SDC-VD0910216A,M-1810,item:001893,39.769809,39.769809,27,378,1.0,KG
351,SDC-VD1091642A,M-1810,item:001893,18.35932,18.35932,63,414,1.0,KG
351,SDC-VD0518684A,M-1810,item:001893,9.17966,9.17966,33,384,1.0,KG
351,SDC-VD1091642A,M-1810,item:001893,24.487811,24.487811,16,367,1.0,KG
351,SDC-VD0910216A,M-1810,item:002612,10.465739,10.465739,41,392,1.0,KG
351,SDC-VD0990780A,M-1810,item:002612,2.990211,2.990211,51,402,1.0,KG
351,SDC-VD1091642A,M-1810,item:002612,1.20785,1.20785,36,387,1.0,KG
351,SDC-VD0500655A,M-1810,item:002612,1.20785,1.20785,16,367,1.0,KG
351,SDC-VD1091642A,M-1810,item:002612,8.28535,8.28535,28,379,1.0,KG
351,SDC-VD0514881A,M-1810,item:016332,5.79768,5.79768,42,393,1.0,KG
351,SDC-VD0519670A,M-1810,item:029313,0.48314,0.48314,15,366,1.0,KG
351,SDC-VD1096202A,M-1810,item:039668,0.48314,0.48314,49,400,1.0,KG
351,SDC-VD0520132A,M-1810,item:049371,17.87618,17.87618,210,561,1.0,KG
351,SDC-VD0914320A,M-1810,item:055703,0.676396,0.676396,15,366,1.0,KG
351,SDC-VD0964290A,M-1810,item:055703,0.289884,0.289884,32,383,1.0,KG
351,SDC-VD0505677A,M-1810,item:099439,24.157,24.157,21,372,1.0,KG
351,SDC-VD0901566A,M-1810,item:338928,10000.0,10000.0,47,398,1.0,UN
351,SDC-VD0914360C,M-1810,item:338929,11900.0,11900.0,39,390,1.0,UN
351,SDC-VD0989480A,M-1810,item:426331,130.9,130.9,37,388,1.0,UN
351,SDC-1450,M-1810,item:693055,4831.4,4831.4,44,395,1.0,G
351,M-1430,DC-1920,item:268967,5200.0,5200.0,6,357,1.0,UN
351,M-1810,DC-1920,item:268091,11900.0,11900.0,2,353,1.0,UN
351,DC-1920,C-XXXXX,item:268967,4804.257135,4804.257135,5,356,1.0,UN
351,SDC-VD0949099A,SDC-1450,item:021081,293.026501,308.448948,143,494,0.95,KG
351,SDC-VD0960508A,SDC-1450,item:021081,83.721857,83.721857,150,501,1.0,KG
351,SDC-VD0972460A,SDC-1450,item:021081,20.930464,20.930464,56,407,1.0,KG
351,SDC-VD0975221A,SDC-1450,item:021081,20.930464,20.930464,238,589,1.0,KG
351,SDC-1450,M-1810,item:007923,38651.2,38651.2,2,353,1.0,G
352,SDC-VD0520132A,M-1430,item:038005,90.995715,90.995715,160,512,1.0,KG
352,SDC-VD0914690A,M-1430,item:042342,313778.4,313778.4,26,378,1.0,UN
352,SDC-VD0525412A,M-1430,item:333362,5200.0,5200.0,103,455,1.0,UN
352,SDC-VD0993480A,M-1430,item:344135,5200.0,5200.0,28,380,1.0,UN
352,SDC-VD0520115A,M-1430,item:708073,41.236,41.236,32,384,1.0,KG
352,SDC-VD0508918A,M-1430,item:730384,1102.4,1102.4,44,396,1.0,M
352,SDC-VD1095770A,M-1430,item:734545,41.6,41.6,24,376,1.0,UN
352,SDC-1450,M-1430,item:773474,50204.5336,50204.5336,14,366,1.0,G
352,SDC-VD0951020A,M-1810,item:001757,19.3256,19.3256,145,497,1.0,KG
352,SDC-VD0519670A,M-1810,item:001848,10.14594,10.14594,14,366,1.0,KG
352,SDC-VD0951020A,M-1810,item:001848,4.34826,4.34826,55,407,1.0,KG
352,SDC-VD0910216A,M-1810,item:001893,51.771333,51.771333,26,378,1.0,KG
352,SDC-VD1091642A,M-1810,item:001893,18.35932,18.35932,43,395,1.0,KG
352,SDC-VD0518684A,M-1810,item:001893,9.17966,9.17966,75,427,1.0,KG
352,SDC-VD1091642A,M-1810,item:001893,12.486287,12.486287,60,412,1.0,KG
352,SDC-VD0910216A,M-1810,item:002612,13.624035,13.624035,20,372,1.0,KG
352,SDC-VD0990780A,M-1810,item:002612,3.892581,3.892581,24,376,1.0,KG
352,SDC-VD1091642A,M-1810,item:002612,1.20785,1.20785,29,381,1.0,KG
352,SDC-VD0500655A,M-1810,item:002612,1.20785,1.20785,35,387,1.0,KG
352,SDC-VD1091642A,M-1810,item:002612,4.224684,4.224684,18,370,1.0,KG
352,SDC-VD0514881A,M-1810,item:016332,5.79768,5.79768,46,398,1.0,KG
352,SDC-VD0519670A,M-1810,item:029313,0.48314,0.48314,31,383,1.0,KG
352,SDC-VD1096202A,M-1810,item:039668,0.48314,0.48314,47,399,1.0,KG
352,SDC-VD0520132A,M-1810,item:049371,17.87618,17.87618,250,602,1.0,KG
352,SDC-VD0914320A,M-1810,item:055703,0.676396,0.676396,15,367,1.0,KG
352,SDC-VD0964290A,M-1810,item:055703,0.289884,0.289884,71,423,1.0,KG
352,SDC-VD0505677A,M-1810,item:099439,24.157,24.157,13,365,1.0,KG
352,SDC-VD0901566A,M-1810,item:338928,10000.0,10000.0,58,410,1.0,UN
352,SDC-VD0914360C,M-1810,item:338929,11900.0,11900.0,24,376,1.0,UN
352,SDC-VD0989480A,M-1810,item:426331,130.9,130.9,11,363,1.0,UN
352,SDC-1450,M-1810,item:693055,4831.4,4831.4,61,413,1.0,G
352,M-1430,DC-1920,item:268967,5200.0,5200.0,4,356,1.0,UN
352,M-1810,DC-1920,item:268091,11900.0,11900.0,4,356,1.0,UN
352,DC-1920,C-XXXXX,item:268967,5200.0,5200.0,2,354,1.0,UN
352,SDC-VD0949099A,SDC-1450,item:021081,298.368164,314.071752,90,442,0.95,KG
352,SDC-VD0960508A,SDC-1450,item:021081,85.248047,85.248047,118,470,1.0,KG
352,SDC-VD0972460A,SDC-1450,item:021081,21.312012,21.312012,107,459,1.0,KG
352,SDC-VD0975221A,SDC-1450,item:021081,21.312012,21.312012,226,578,1.0,KG
352,SDC-1450,M-1810,item:007923,38651.2,38651.2,1,353,1.0,G
353,SDC-VD0520132A,M-1430,item:038005,90.995715,90.995715,116,469,1.0,KG
353,SDC-VD0914690A,M-1430,item:042342,313778.4,313778.4,31,384,1.0,UN
353,SDC-VD0525412A,M-1430,item:333362,5200.0,5200.0,53,406,1.0,UN
353,SDC-VD0993480A,M-1430,item:344135,5200.0,5200.0,13,366,1.0,UN
353,SDC-VD0520115A,M-1430,item:708073,41.236,41.236,56,409,1.0,KG
353,SDC-VD0508918A,M-1430,item:730384,1102.4,1102.4,103,456,1.0,M
353,SDC-VD1095770A,M-1430,item:734545,41.6,41.6,17,370,1.0,UN
353,SDC-1450,M-1430,item:773474,50204.5336,50204.5336,15,368,1.0,G
353,SDC-VD0951020A,M-1810,item:001757,19.3256,19.3256,40,393,1.0,KG
353,SDC-VD0519670A,M-1810,item:001848,10.14594,10.14594,17,370,1.0,KG
353,SDC-VD0951020A,M-1810,item:001848,4.34826,4.34826,49,402,1.0,KG
353,SDC-VD0910216A,M-1810,item:001893,54.171638,54.171638,41,394,1.0,KG
353,SDC-VD1091642A,M-1810,item:001893,18.35932,18.35932,64,417,1.0,KG
353,SDC-VD0518684A,M-1810,item:001893,9.17966,9.17966,112,465,1.0,KG
353,SDC-VD1091642A,M-1810,item:001893,10.085982,10.085982,48,401,1.0,KG
353,SDC-VD0910216A,M-1810,item:002612,9.956216,9.956216,38,391,1.0,KG
353,SDC-VD0990780A,M-1810,item:002612,4.8314,4.8314,32,385,1.0,KG
353,SDC-VD1091642A,M-1810,item:002612,1.20785,1.20785,30,383,1.0,KG
353,SDC-VD0500655A,M-1810,item:002612,1.20785,1.20785,29,382,1.0,KG
353,SDC-VD0990780A,M-1810,item:002612,3.541133,3.541133,33,386,1.0,KG
353,SDC-VD1091642A,M-1810,item:002612,3.41255,3.41255,37,390,1.0,KG
353,SDC-VD0514881A,M-1810,item:016332,5.79768,5.79768,42,395,1.0,KG
353,SDC-VD0519670A,M-1810,item:029313,0.48314,0.48314,83,436,1.0,KG
353,SDC-VD1096202A,M-1810,item:039668,0.48314,0.48314,50,403,1.0,KG
353,SDC-VD0520132A,M-1810,item:049371,17.87618,17.87618,38,391,1.0,KG
353,SDC-VD0914320A,M-1810,item:055703,0.676396,0.676396,20,373,1.0,KG
353,SDC-VD0964290A,M-1810,item:055703,0.289884,0.289884,57,410,1.0,KG
353,SDC-VD0505677A,M-1810,item:099439,24.157,24.157,60,413,1.0,KG
353,SDC-VD0901566A,M-1810,item:338928,10000.0,10000.0,39,392,1.0,UN
353,SDC-VD0914360C,M-1810,item:338929,11900.0,11900.0,47,400,1.0,UN
353,SDC-VD0989480A,M-1810,item:426331,130.9,130.9,40,393,1.0,UN
353,SDC-1450,M-1810,item:693055,4831.4,4831.4,25,378,1.0,G
353,M-1430,DC-1920,item:268967,5200.0,5200.0,2,355,1.0,UN
353,M-1810,DC-1920,item:268091,11900.0,11900.0,1,354,1.0,UN
353,DC-1920,C-XXXXX,item:268967,4804.279998,4804.279998,3,356,1.0,UN
353,DC-1920,C-XXXXX,item:268091,11900.0,11900.0,1,354,1.0,UN
353,SDC-VD0949099A,SDC-1450,item:021081,302.598858,318.525114,197,550,0.95,KG
353,SDC-VD0960508A,SDC-1450,item:021081,86.456817,86.456817,98,451,1.0,KG
353,SDC-VD0972460A,SDC-1450,item:021081,21.614204,21.614204,113,466,1.0,KG
353,SDC-VD0975221A,SDC-1450,item:021081,21.614204,21.614204,101,454,1.0,KG
353,SDC-1450,M-1810,item:007923,38651.2,38651.2,1,354,1.0,G
354,SDC-VD0520132A,M-1430,item:038005,90.995715,90.995715,124,478,1.0,KG
354,SDC-VD0914690A,M-1430,item:042342,313778.4,313778.4,10,364,1.0,UN
354,SDC-VD0525412A,M-1430,item:333362,5200.0,5200.0,48,402,1.0,UN
354,SDC-VD0993480A,M-1430,item:344135,5200.0,5200.0,31,385,1.0,UN
354,SDC-VD0520115A,M-1430,item:708073,41.236,41.236,14,368,1.0,KG
354,SDC-VD0508918A,M-1430,item:730384,1102.4,1102.4,76,430,1.0,M
354,SDC-VD1095770A,M-1430,item:734545,41.6,41.6,34,388,1.0,UN
354,SDC-1450,M-1430,item:773474,50204.5336,50204.5336,5,359,1.0,G
354,SDC-VD0951020A,M-1810,item:001757,19.3256,19.3256,40,394,1.0,KG
354,SDC-VD0519670A,M-1810,item:001848,10.14594,10.14594,30,384,1.0,KG
354,SDC-VD0951020A,M-1810,item:001848,4.34826,4.34826,81,435,1.0,KG
354,SDC-VD0910216A,M-1810,item:001893,54.651699,54.651699,19,373,1.0,KG
354,SDC-VD1091642A,M-1810,item:001893,18.35932,18.35932,51,405,1.0,KG
354,SDC-VD0518684A,M-1810,item:001893,9.17966,9.17966,111,465,1.0,KG
354,SDC-VD1091642A,M-1810,item:001893,9.605921,9.605921,58,412,1.0,KG
354,SDC-VD0910216A,M-1810,item:002612,5.629452,5.629452,17,371,1.0,KG
354,SDC-VD0990780A,M-1810,item:002612,4.8314,4.8314,35,389,1.0,KG
354,SDC-VD1091642A,M-1810,item:002612,1.20785,1.20785,14,368,1.0,KG
354,SDC-VD0500655A,M-1810,item:002612,1.20785,1.20785,26,380,1.0,KG
354,SDC-VD0990780A,M-1810,item:002612,8.030325,8.030325,10,364,1.0,KG
354,SDC-VD1091642A,M-1810,item:002612,3.250124,3.250124,26,380,1.0,KG
354,SDC-VD0514881A,M-1810,item:016332,5.79768,5.79768,74,428,1.0,KG
354,SDC-VD0519670A,M-1810,item:029313,0.48314,0.48314,13,367,1.0,KG
354,SDC-VD1096202A,M-1810,item:039668,0.48314,0.48314,42,396,1.0,KG
354,SDC-VD0520132A,M-1810,item:049371,17.87618,17.87618,72,426,1.0,KG
354,SDC-VD0914320A,M-1810,item:055703,0.676396,0.676396,14,368,1.0,KG
354,SDC-VD0964290A,M-1810,item:055703,0.289884,0.289884,13,367,1.0,KG
354,SDC-VD0505677A,M-1810,item:099439,24.157,24.157,45,399,1.0,KG
354,SDC-VD0901566A,M-1810,item:338928,10000.0,10000.0,114,468,1.0,UN
354,SDC-VD0914360C,M-1810,item:338929,11900.0,11900.0,49,403,1.0,UN
354,SDC-VD0989480A,M-1810,item:426331,130.9,130.9,45,399,1.0,UN
354,SDC-1450,M-1810,item:693055,4831.4,4831.4,81,435,1.0,G
354,M-1430,DC-1920,item:268967,5200.0,5200.0,2,356,1.0,UN
354,M-1810,DC-1920,item:268091,11900.0,11900.0,5,359,1.0,UN
354,DC-1920,C-XXXXX,item:268091,34567.702389,34567.702389,3,357,1.0,UN
354,SDC-VD0949099A,SDC-1450,item:021081,305.76122,321.853915,138,492,0.95,KG
354,SDC-VD0960508A,SDC-1450,item:021081,87.360348,87.360348,229,583,1.0,KG
354,SDC-VD0972460A,SDC-1450,item:021081,21.840087,21.840087,124,478,1.0,KG
354,SDC-VD0975221A,SDC-1450,item:021081,21.840087,21.840087,240,594,1.0,KG
354,SDC-1450,M-1810,item:007923,38651.2,38651.2,1,355,1.0,G
355,SDC-VD0520132A,M-1430,item:038005,90.995715,90.995715,308,663,1.0,KG
355,SDC-VD0914690A,M-1430,item:042342,313778.4,313778.4,36,391,1.0,UN
355,SDC-VD0525412A,M-1430,item:333362,5200.0,5200.0,35,390,1.0,UN
355,SDC-VD0993480A,M-1430,item:344135,5200.0,5200.0,32,387,1.0,UN
355,SDC-VD0520115A,M-1430,item:708073,41.236,41.236,28,383,1.0,KG
355,SDC-VD0508918A,M-1430,item:730384,1102.4,1102.4,79,434,1.0,M
355,SDC-VD1095770A,M-1430,item:734545,41.6,41.6,41,396,1.0,UN
355,SDC-1450,M-1430,item:773474,50204.5336,50204.5336,23,378,1.0,G
355,SDC-VD0951020A,M-1810,item:001757,19.3256,19.3256,32,387,1.0,KG
355,SDC-VD0519670A,M-1810,item:001848,10.14594,10.14594,24,379,1.0,KG
355,SDC-VD0951020A,M-1810,item:001848,4.34826,4.34826,77,432,1.0,KG
355,SDC-VD0910216A,M-1810,item:001893,54.747711,54.747711,42,397,1.0,KG
355,SDC-VD1091642A,M-1810,item:001893,18.35932,18.35932,42,397,1.0,KG
355,SDC-VD0518684A,M-1810,item:001893,9.17966,9.17966,73,428,1.0,KG
355,SDC-VD1091642A,M-1810,item:001893,9.509909,9.509909,43,398,1.0,KG
355,SDC-VD0910216A,M-1810,item:002612,5.63655,5.63655,4,359,1.0,KG
355,SDC-VD0990780A,M-1810,item:002612,4.8314,4.8314,18,373,1.0,KG
355,SDC-VD1091642A,M-1810,item:002612,1.20785,1.20785,36,391,1.0,KG
355,SDC-VD0500655A,M-1810,item:002612,1.20785,1.20785,35,390,1.0,KG
355,SDC-VD0990780A,M-1810,item:002612,8.055711,8.055711,48,403,1.0,KG
355,SDC-VD1091642A,M-1810,item:002612,3.217638,3.217638,21,376,1.0,KG
355,SDC-VD0514881A,M-1810,item:016332,5.79768,5.79768,28,383,1.0,KG
355,SDC-VD0519670A,M-1810,item:029313,0.48314,0.48314,74,429,1.0,KG
355,SDC-VD1096202A,M-1810,item:039668,0.48314,0.48314,30,385,1.0,KG
355,SDC-VD0520132A,M-1810,item:049371,17.87618,17.87618,124,479,1.0,KG
355,SDC-VD0914320A,M-1810,item:055703,0.676396,0.676396,9,364,1.0,KG
355,SDC-VD0964290A,M-1810,item:055703,0.289884,0.289884,56,411,1.0,KG
355,SDC-VD0505677A,M-1810,item:099439,24.157,24.157,66,421,1.0,KG
355,SDC-VD0901566A,M-1810,item:338928,10000.0,10000.0,140,495,1.0,UN
355,SDC-VD0914360C,M-1810,item:338929,11900.0,11900.0,84,439,1.0,UN
355,SDC-VD0989480A,M-1810,item:426331,130.9,130.9,25,380,1.0,UN
355,SDC-1450,M-1810,item:693055,4831.4,4831.4,29,384,1.0,G
355,M-1430,DC-1920,item:268967,5200.0,5200.0,2,357,1.0,UN
355,M-1810,DC-1920,item:268091,11900.0,11900.0,3,358,1.0,UN
355,DC-1920,C-XXXXX,item:268967,5200.0,5200.0,3,358,1.0,UN
355,SDC-VD0949099A,SDC-1450,item:021081,308.077442,324.292045,102,457,0.95,KG
355,SDC-VD0960508A,SDC-1450,item:021081,88.022126,88.022126,126,481,1.0,KG
355,SDC-VD0972460A,SDC-1450,item:021081,22.005532,22.005532,205,560,1.0,KG
355,SDC-VD0975221A,SDC-1450,item:021081,22.005532,22.005532,137,492,1.0,KG
355,SDC-1450,M-1810,item:007923,38651.2,38651.2,1,356,1.0,G
356,SDC-VD0520132A,M-1430,item:038005,90.995715,90.995715,213,569,1.0,KG
356,SDC-VD0914690A,M-1430,item:042342,313778.4,313778.4,21,377,1.0,UN
356,SDC-VD0525412A,M-1430,item:333362,5200.0,5200.0,86,442,1.0,UN
356,SDC-VD0993480A,M-1430,item:344135,5200.0,5200.0,37,393,1.0,UN
356,SDC-VD0520115A,M-1430,item:708073,41.236,41.236,9,365,1.0,KG
356,SDC-VD0508918A,M-1430,item:730384,1102.4,1102.4,19,375,1.0,M
356,SDC-VD1095770A,M-1430,item:734545,41.6,41.6,23,379,1.0,UN
356,SDC-1450,M-1430,item:773474,50204.5336,50204.5336,13,369,1.0,G
356,SDC-VD0951020A,M-1810,item:001757,19.3256,19.3256,28,384,1.0,KG
356,SDC-VD0519670A,M-1810,item:001848,10.14594,10.14594,33,389,1.0,KG
356,SDC-VD0951020A,M-1810,item:001848,4.34826,4.34826,45,401,1.0,KG
356,SDC-VD0910216A,M-1810,item:001893,54.766914,54.766914,23,379,1.0,KG
356,SDC-VD1091642A,M-1810,item:001893,18.35932,18.35932,31,387,1.0,KG
356,SDC-VD0518684A,M-1810,item:001893,9.17966,9.17966,64,420,1.0,KG
356,SDC-VD1091642A,M-1810,item:001893,9.490706,9.490706,68,424,1.0,KG
356,SDC-VD0910216A,M-1810,item:002612,6.947564,6.947564,24,380,1.0,KG
356,SDC-VD0990780A,M-1810,item:002612,4.8314,4.8314,30,386,1.0,KG
356,SDC-VD1091642A,M-1810,item:002612,1.20785,1.20785,49,405,1.0,KG
356,SDC-VD0500655A,M-1810,item:002612,1.20785,1.20785,43,399,1.0,KG
356,SDC-VD0990780A,M-1810,item:002612,6.751195,6.751195,15,371,1.0,KG
356,SDC-VD1091642A,M-1810,item:002612,3.211141,3.211141,43,399,1.0,KG
356,SDC-VD0514881A,M-1810,item:016332,5.79768,5.79768,49,405,1.0,KG
356,SDC-VD0519670A,M-1810,item:029313,0.48314,0.48314,40,396,1.0,KG
356,SDC-VD1096202A,M-1810,item:039668,0.48314,0.48314,48,404,1.0,KG
356,SDC-VD0520132A,M-1810,item:049371,17.87618,17.87618,231,587,1.0,KG
356,SDC-VD0914320A,M-1810,item:055703,0.676396,0.676396,17,373,1.0,KG
356,SDC-VD0964290A,M-1810,item:055703,0.289884,0.289884,58,414,1.0,KG
356,SDC-VD0505677A,M-1810,item:099439,24.157,24.157,11,367,1.0,KG
356,SDC-VD0901566A,M-1810,item:338928,10000.0,10000.0,70,426,1.0,UN
356,SDC-VD0914360C,M-1810,item:338929,11900.0,11900.0,25,381,1.0,UN
356,SDC-VD0989480A,M-1810,item:426331,130.9,130.9,22,378,1.0,UN
356,SDC-1450,M-1810,item:693055,4831.4,4831.4,88,444,1.0,G
356,M-1430,DC-1920,item:268967,5200.0,5200.0,2,358,1.0,UN
356,M-1810,DC-1920,item:268091,11900.0,11900.0,2,358,1.0,UN
356,DC-1920,C-XXXXX,item:268967,10400.0,10400.0,2,358,1.0,UN
356,DC-1920,C-XXXXX,item:268091,11900.0,11900.0,1,357,1.0,UN
356,SDC-VD0949099A,SDC-1450,item:021081,309.761193,326.064413,137,493,0.95,KG
356,SDC-VD0960508A,SDC-1450,item:021081,88.503198,88.503198,120,476,1.0,KG
356,SDC-VD0972460A,SDC-1450,item:021081,22.125799,22.125799,110,466,1.0,KG
356,SDC-VD0975221A,SDC-1450,item:021081,22.125799,22.125799,103,459,1.0,KG
356,SDC-1450,M-1810,item:007923,38651.2,38651.2,2,358,1.0,G
357,SDC-VD0520132A,M-1430,item:038005,59.060107,59.060107,117,474,1.0,KG
357,SDC-VD0914690A,M-1430,item:042342,203655.588901,203655.588901,16,373,1.0,UN
357,SDC-VD0525412A,M-1430,item:333362,3375.022189,3375.022189,83,440,1.0,UN
357,SDC-VD0993480A,M-1430,item:344135,3375.022189,3375.022189,25,382,1.0,UN
357,SDC-VD0520115A,M-1430,item:708073,26.763926,26.763926,13,370,1.0,KG
357,SDC-VD0508918A,M-1430,item:730384,715.504704,715.504704,61,418,1.0,M
357,SDC-VD1095770A,M-1430,item:734545,27.000178,27.000178,30,387,1.0,UN
357,SDC-1450,M-1430,item:773474,32584.887474,32584.887474,11,368,1.0,G
357,SDC-VD0951020A,M-1810,item:001757,19.3256,19.3256,39,396,1.0,KG
357,SDC-VD0519670A,M-1810,item:001848,10.14594,10.14594,11,368,1.0,KG
357,SDC-VD0951020A,M-1810,item:001848,4.34826,4.34826,57,414,1.0,KG
357,SDC-VD0910216A,M-1810,item:001893,54.770754,54.770754,19,376,1.0,KG
357,SDC-VD1091642A,M-1810,item:001893,18.35932,18.35932,40,397,1.0,KG
357,SDC-VD0518684A,M-1810,item:001893,9.17966,9.17966,58,415,1.0,KG
357,SDC-VD1091642A,M-1810,item:001893,9.486866,9.486866,34,391,1.0,KG
357,SDC-VD0910216A,M-1810,item:002612,7.209766,7.209766,30,387,1.0,KG
357,SDC-VD0990780A,M-1810,item:002612,4.8314,4.8314,35,392,1.0,KG
357,SDC-VD1091642A,M-1810,item:002612,1.20785,1.20785,26,383,1.0,KG
357,SDC-VD0500655A,M-1810,item:002612,1.20785,1.20785,10,367,1.0,KG
357,SDC-VD0990780A,M-1810,item:002612,6.490292,6.490292,41,398,1.0,KG
357,SDC-VD1091642A,M-1810,item:002612,3.209842,3.209842,49,406,1.0,KG
357,SDC-VD0514881A,M-1810,item:016332,5.79768,5.79768,70,427,1.0,KG
357,SDC-VD0519670A,M-1810,item:029313,0.48314,0.48314,71,428,1.0,KG
357,SDC-VD1096202A,M-1810,item:039668,0.48314,0.48314,20,377,1.0,KG
357,SDC-VD0520132A,M-1810,item:049371,17.87618,17.87618,276,633,1.0,KG
357,SDC-VD0914320A,M-1810,item:055703,0.676396,0.676396,19,376,1.0,KG
357,SDC-VD0964290A,M-1810,item:055703,0.289884,0.289884,29,386,1.0,KG
357,SDC-VD0505677A,M-1810,item:099439,24.157,24.157,68,425,1.0,KG
357,SDC-VD0901566A,M-1810,item:338928,10000.0,10000.0,52,409,1.0,UN
357,SDC-VD0914360C,M-1810,item:338929,11900.0,11900.0,34,391,1.0,UN
357,SDC-VD0989480A,M-1810,item:426331,130.9,130.9,15,372,1.0,UN
357,SDC-1450,M-1810,item:693055,4831.4,4831.4,74,431,1.0,G
357,M-1430,DC-1920,item:268967,2340.000001,2340.000001,3,360,1.0,UN
357,M-1810,DC-1920,item:268091,11900.0,11900.0,6,363,1.0,UN
357,DC-1920,C-XXXXX,item:268967,10400.0,10400.0,3,360,1.0,UN
357,SDC-VD0949099A,SDC-1450,item:021081,310.981698,327.349156,232,589,0.95,KG
357,SDC-VD0960508A,SDC-1450,item:021081,88.851914,88.851914,112,469,1.0,KG
357,SDC-VD0972460A,SDC-1450,item:021081,22.212978,22.212978,70,427,1.0,KG
357,SDC-VD0975221A,SDC-1450,item:021081,22.212978,22.212978,77,434,1.0,KG
357,SDC-1450,M-1810,item:007923,38651.2,38651.2,1,358,1.0,G
358,SDC-VD0520132A,M-1430,item:038005,41.710036,41.710036,192,550,1.0,KG
358,SDC-VD0914690A,M-1430,item:042342,143827.743077,143827.743077,14,372,1.0,UN
358,SDC-VD0525412A,M-1430,item:333362,2383.542857,2383.542857,38,396,1.0,UN
358,SDC-VD0993480A,M-1430,item:344135,2383.542857,2383.542857,33,391,1.0,UN
358,SDC-VD0520115A,M-1430,item:708073,18.901495,18.901495,45,403,1.0,KG
358,SDC-VD0508918A,M-1430,item:730384,505.311086,505.311086,68,426,1.0,M
358,SDC-VD1095770A,M-1430,item:734545,19.068343,19.068343,22,380,1.0,UN
358,SDC-1450,M-1430,item:773474,23012.434125,23012.434125,7,365,1.0,G
358,SDC-VD0951020A,M-1810,item:001757,19.3256,19.3256,99,457,1.0,KG
358,SDC-VD0519670A,M-1810,item:001848,8.570548,8.570548,30,388,1.0,KG
358,SDC-VD0951020A,M-1810,item:001848,4.34826,4.34826,32,390,1.0,KG
358,SDC-VD0951020A,M-1810,item:001848,1.575392,1.575392,65,423,1.0,KG
358,SDC-VD0910216A,M-1810,item:001893,54.771522,54.771522,30,388,1.0,KG
358,SDC-VD1091642A,M-1810,item:001893,18.35932,18.35932,23,381,1.0,KG
358,SDC-VD0518684A,M-1810,item:001893,9.17966,9.17966,49,407,1.0,KG
358,SDC-VD1091642A,M-1810,item:001893,9.486098,9.486098,17,375,1.0,KG
358,SDC-VD0910216A,M-1810,item:002612,7.262207,7.262207,16,374,1.0,KG
358,SDC-VD0990780A,M-1810,item:002612,4.8314,4.8314,35,393,1.0,KG
358,SDC-VD1091642A,M-1810,item:002612,1.20785,1.20785,63,421,1.0,KG
358,SDC-VD0500655A,M-1810,item:002612,1.20785,1.20785,25,383,1.0,KG
358,SDC-VD0990780A,M-1810,item:002612,6.438111,6.438111,29,387,1.0,KG
358,SDC-VD1091642A,M-1810,item:002612,3.209582,3.209582,70,428,1.0,KG
358,SDC-VD0514881A,M-1810,item:016332,5.79768,5.79768,60,418,1.0,KG
358,SDC-VD0519670A,M-1810,item:029313,0.48314,0.48314,30,388,1.0,KG
358,SDC-VD1096202A,M-1810,item:039668,0.48314,0.48314,52,410,1.0,KG
358,SDC-VD0520132A,M-1810,item:049371,17.87618,17.87618,119,477,1.0,KG
358,SDC-VD0914320A,M-1810,item:055703,0.676396,0.676396,24,382,1.0,KG
358,SDC-VD0964290A,M-1810,item:055703,0.289884,0.289884,33,391,1.0,KG
358,SDC-VD0505677A,M-1810,item:099439,24.157,24.157,26,384,1.0,KG
358,SDC-VD0901566A,M-1810,item:338928,10000.0,10000.0,55,413,1.0,UN
358,SDC-VD0914360C,M-1810,item:338929,11900.0,11900.0,84,442,1.0,UN
358,SDC-VD0989480A,M-1810,item:426331,130.9,130.9,17,375,1.0,UN
358,SDC-1450,M-1810,item:693055,4831.4,4831.4,42,400,1.0,G
358,M-1430,DC-1920,item:268967,3418.565045,3418.565045,3,361,1.0,UN
358,M-1810,DC-1920,item:268091,11900.0,11900.0,2,360,1.0,UN
358,DC-1920,C-XXXXX,item:268967,5200.0,5200.0,3,361,1.0,UN
358,DC-1920,C-XXXXX,item:268091,23800.0,23800.0,1,359,1.0,UN
358,SDC-VD0949099A,SDC-1450,item:021081,289.812705,305.066005,104,462,0.95,KG
358,SDC-VD0960508A,SDC-1450,item:021081,82.80363,82.80363,76,434,1.0,KG
358,SDC-VD0972460A,SDC-1450,item:021081,20.700908,20.700908,169,527,1.0,KG
358,SDC-VD0975221A,SDC-1450,item:021081,20.700908,20.700908,47,405,1.0,KG
358,SDC-1450,M-1810,item:007923,38651.2,38651.2,1,359,1.0,G
359,SDC-VD0520132A,M-1430,item:038005,41.862429,41.862429,147,506,1.0,KG
359,SDC-VD0914690A,M-1430,item:042342,144353.23568,144353.23568,36,395,1.0,UN
359,SDC-VD0525412A,M-1430,item:333362,2392.251428,2392.251428,83,442,1.0,UN
359,SDC-VD0993480A,M-1430,item:344135,2392.251428,2392.251428,13,372,1.0,UN
359,SDC-VD0520115A,M-1430,item:708073,18.970554,18.970554,35,394,1.0,KG
359,SDC-VD0508918A,M-1430,item:730384,507.157303,507.157303,39,398,1.0,M
359,SDC-VD1095770A,M-1430,item:734545,19.138011,19.138011,12,371,1.0,UN
359,SDC-1450,M-1430,item:773474,23096.512924,23096.512924,12,371,1.0,G
359,SDC-VD0951020A,M-1810,item:001757,19.3256,19.3256,56,415,1.0,KG
359,SDC-VD0519670A,M-1810,item:001848,5.259732,5.259732,9,368,1.0,KG
359,SDC-VD0951020A,M-1810,item:001848,4.34826,4.34826,91,450,1.0,KG
359,SDC-VD0951020A,M-1810,item:001848,4.886208,4.886208,26,385,1.0,KG
359,SDC-VD0910216A,M-1810,item:001893,34.562939,34.562939,43,402,1.0,KG
359,SDC-VD1091642A,M-1810,item:001893,18.35932,18.35932,22,381,1.0,KG
359,SDC-VD0518684A,M-1810,item:001893,9.17966,9.17966,53,412,1.0,KG
359,SDC-VD1091642A,M-1810,item:001893,29.694681,29.694681,27,386,1.0,KG
359,SDC-VD0910216A,M-1810,item:002612,7.272695,7.272695,12,371,1.0,KG
359,SDC-VD0990780A,M-1810,item:002612,4.8314,4.8314,28,387,1.0,KG
359,SDC-VD1091642A,M-1810,item:002612,1.20785,1.20785,45,404,1.0,KG
359,SDC-VD0500655A,M-1810,item:002612,1.20785,1.20785,26,385,1.0,KG
359,SDC-VD0990780A,M-1810,item:002612,0.572088,0.572088,33,392,1.0,KG
359,SDC-VD1091642A,M-1810,item:002612,9.065117,9.065117,3,362,1.0,KG
359,SDC-VD0514881A,M-1810,item:016332,5.79768,5.79768,29,388,1.0,KG
359,SDC-VD0519670A,M-1810,item:029313,0.48314,0.48314,55,414,1.0,KG
359,SDC-VD1096202A,M-1810,item:039668,0.48314,0.48314,44,403,1.0,KG
359,SDC-VD0520132A,M-1810,item:049371,17.87618,17.87618,123,482,1.0,KG
359,SDC-VD0914320A,M-1810,item:055703,0.676396,0.676396,14,373,1.0,KG
359,SDC-VD0964290A,M-1810,item:055703,0.289884,0.289884,26,385,1.0,KG
359,SDC-VD0505677A,M-1810,item:099439,24.157,24.157,14,373,1.0,KG
359,SDC-VD0901566A,M-1810,item:338928,10000.0,10000.0,47,406,1.0,UN
359,SDC-VD0914360C,M-1810,item:338929,11900.0,11900.0,18,377,1.0,UN
359,SDC-VD0989480A,M-1810,item:426331,130.9,130.9,18,377,1.0,UN
359,SDC-1450,M-1810,item:693055,4831.4,4831.4,64,423,1.0,G
359,M-1430,DC-1920,item:268967,2392.251428,2392.251428,4,363,1.0,UN
359,M-1810,DC-1920,item:268091,11900.0,11900.0,4,363,1.0,UN
359,DC-1920,C-XXXXX,item:268091,11900.0,11900.0,2,361,1.0,UN
359,SDC-VD0949099A,SDC-1450,item:021081,256.418728,269.91445,153,512,0.95,KG
359,SDC-VD0960508A,SDC-1450,item:021081,73.262494,73.262494,129,488,1.0,KG
359,SDC-VD0972460A,SDC-1450,item:021081,18.315623,18.315623,126,485,1.0,KG
359,SDC-VD0975221A,SDC-1450,item:021081,18.315623,18.315623,160,519,1.0,KG
359,SDC-1450,M-1810,item:007923,38651.2,38651.2,1,360,1.0,G
360,SDC-VD0520132A,M-1430,item:038005,41.892907,41.892907,130,490,1.0,KG
360,SDC-VD0914690A,M-1430,item:042342,144458.334201,144458.334201,21,381,1.0,UN
360,SDC-VD0525412A,M-1430,item:333362,2393.993142,2393.993142,25,385,1.0,UN
360,SDC-VD0993480A,M-1430,item:344135,2393.993142,2393.993142,9,369,1.0,UN
360,SDC-VD0520115A,M-1430,item:708073,18.984366,18.984366,10,370,1.0,KG
360,SDC-VD0508918A,M-1430,item:730384,507.526546,507.526546,30,390,1.0,M
360,SDC-VD1095770A,M-1430,item:734545,19.151945,19.151945,22,382,1.0,UN
360,SDC-1450,M-1430,item:773474,23113.328684,23113.328684,12,372,1.0,G
360,SDC-VD0951020A,M-1810,item:001757,19.3256,19.3256,153,513,1.0,KG
360,SDC-VD0519670A,M-1810,item:001848,5.237871,5.237871,14,374,1.0,KG
360,SDC-VD0951020A,M-1810,item:001848,4.34826,4.34826,62,422,1.0,KG
360,SDC-VD0951020A,M-1810,item:001848,4.908069,4.908069,47,407,1.0,KG
360,SDC-VD0910216A,M-1810,item:001893,27.644212,27.644212,14,374,1.0,KG
360,SDC-VD1091642A,M-1810,item:001893,18.35932,18.35932,30,390,1.0,KG
360,SDC-VD0518684A,M-1810,item:001893,9.17966,9.17966,33,393,1.0,KG
360,SDC-VD1091642A,M-1810,item:001893,36.613408,36.613408,84,444,1.0,KG
360,SDC-VD0910216A,M-1810,item:002612,7.274793,7.274793,37,397,1.0,KG
360,SDC-VD0990780A,M-1810,item:002612,4.230283,4.230283,31,391,1.0,KG
360,SDC-VD1091642A,M-1810,item:002612,1.20785,1.20785,62,422,1.0,KG
360,SDC-VD0500655A,M-1810,item:002612,1.20785,1.20785,18,378,1.0,KG
360,SDC-VD1091642A,M-1810,item:002612,10.236224,10.236224,34,394,1.0,KG
360,SDC-VD0514881A,M-1810,item:016332,5.79768,5.79768,46,406,1.0,KG
360,SDC-VD0519670A,M-1810,item:029313,0.48314,0.48314,44,404,1.0,KG
360,SDC-VD1096202A,M-1810,item:039668,0.48314,0.48314,7,367,1.0,KG
360,SDC-VD0520132A,M-1810,item:049371,17.87618,17.87618,168,528,1.0,KG
360,SDC-VD0914320A,M-1810,item:055703,0.676396,0.676396,33,393,1.0,KG
360,SDC-VD0964290A,M-1810,item:055703,0.289884,0.289884,28,388,1.0,KG
360,SDC-VD0505677A,M-1810,item:099439,24.157,24.157,43,403,1.0,KG
360,SDC-VD0901566A,M-1810,item:338928,10000.0,10000.0,60,420,1.0,UN
360,SDC-VD0914360C,M-1810,item:338929,11900.0,11900.0,14,374,1.0,UN
360,SDC-VD0989480A,M-1810,item:426331,130.9,130.9,26,386,1.0,UN
360,SDC-1450,M-1810,item:693055,4831.4,4831.4,140,500,1.0,G
360,M-1430,DC-1920,item:268967,2393.993142,2393.993142,3,363,1.0,UN
360,M-1810,DC-1920,item:268091,11900.0,11900.0,4,364,1.0,UN
360,DC-1920,C-XXXXX,item:268967,2340.000001,2340.000001,3,363,1.0,UN
360,DC-1920,C-XXXXX,item:268091,11900.0,11900.0,2,362,1.0,UN
360,SDC-VD0949099A,SDC-1450,item:021081,227.363782,239.330297,111,471,0.95,KG
360,SDC-VD0960508A,SDC-1450,item:021081,64.961081,64.961081,78,438,1.0,KG
360,SDC-VD0972460A,SDC-1450,item:021081,16.24027,16.24027,240,600,1.0,KG
360,SDC-VD0975221A,SDC-1450,item:021081,16.24027,16.24027,233,593,1.0,KG
360,SDC-1450,M-1810,item:007923,38651.2,38651.2,2,362,1.0,G
361,SDC-VD0520132A,M-1430,item:038005,41.899003,41.899003,196,557,1.0,KG
361,SDC-VD0914690A,M-1430,item:042342,144479.353905,144479.353905,15,376,1.0,UN
361,SDC-VD0525412A,M-1430,item:333362,2394.341485,2394.341485,108,469,1.0,UN
361,SDC-VD0993480A,M-1430,item:344135,2394.341485,2394.341485,46,407,1.0,UN
361,SDC-VD0520115A,M-1430,item:708073,18.987128,18.987128,19,380,1.0,KG
361,SDC-VD0508918A,M-1430,item:730384,507.600395,507.600395,39,400,1.0,M
361,SDC-VD1095770A,M-1430,item:734545,19.154732,19.154732,26,387,1.0,UN
361,SDC-1450,M-1430,item:773474,23116.691836,23116.691836,7,368,1.0,G
361,SDC-VD0951020A,M-1810,item:001757,19.3256,19.3256,132,493,1.0,KG
361,SDC-VD0519670A,M-1810,item:001848,5.233499,5.233499,19,380,1.0,KG
361,SDC-VD0951020A,M-1810,item:001848,4.34826,4.34826,78,439,1.0,KG
361,SDC-VD0951020A,M-1810,item:001848,4.912441,4.912441,68,429,1.0,KG
361,SDC-VD0910216A,M-1810,item:001893,27.645806,27.645806,35,396,1.0,KG
361,SDC-VD1091642A,M-1810,item:001893,18.35932,18.35932,60,421,1.0,KG
361,SDC-VD0518684A,M-1810,item:001893,9.17966,9.17966,112,473,1.0,KG
361,SDC-VD1091642A,M-1810,item:001893,36.611814,36.611814,23,384,1.0,KG
361,SDC-VD0910216A,M-1810,item:002612,7.275212,7.275212,34,395,1.0,KG
361,SDC-VD0990780A,M-1810,item:002612,3.995642,3.995642,33,394,1.0,KG
361,SDC-VD1091642A,M-1810,item:002612,1.20785,1.20785,34,395,1.0,KG
361,SDC-VD0500655A,M-1810,item:002612,1.20785,1.20785,12,373,1.0,KG
361,SDC-VD1091642A,M-1810,item:002612,10.470446,10.470446,17,378,1.0,KG
361,SDC-VD0514881A,M-1810,item:016332,5.79768,5.79768,26,387,1.0,KG
361,SDC-VD0519670A,M-1810,item:029313,0.48314,0.48314,35,396,1.0,KG
361,SDC-VD1096202A,M-1810,item:039668,0.48314,0.48314,37,398,1.0,KG
361,SDC-VD0520132A,M-1810,item:049371,17.87618,17.87618,183,544,1.0,KG
361,SDC-VD0914320A,M-1810,item:055703,0.676396,0.676396,9,370,1.0,KG
361,SDC-VD0964290A,M-1810,item:055703,0.289884,0.289884,20,381,1.0,KG
361,SDC-VD0505677A,M-1810,item:099439,24.157,24.157,70,431,1.0,KG
361,SDC-VD0901566A,M-1810,item:338928,10000.0,10000.0,63,424,1.0,UN
361,SDC-VD0914360C,M-1810,item:338929,11900.0,11900.0,56,417,1.0,UN
361,SDC-VD0989480A,M-1810,item:426331,130.9,130.9,41,402,1.0,UN
361,SDC-1450,M-1810,item:693055,4831.4,4831.4,79,440,1.0,G
361,M-1430,DC-1920,item:268967,2394.341485,2394.341485,3,364,1.0,UN
361,M-1810,DC-1920,item:268091,11900.0,11900.0,2,363,1.0,UN
361,DC-1920,C-XXXXX,item:268967,3418.565045,3418.565045,3,364,1.0,UN
361,SDC-VD0949099A,SDC-1450,item:021081,205.008679,215.79861,114,475,0.95,KG
361,SDC-VD0960508A,SDC-1450,item:021081,58.573908,58.573908,147,508,1.0,KG
361,SDC-VD0972460A,SDC-1450,item:021081,14.643477,14.643477,119,480,1.0,KG
361,SDC-VD0975221A,SDC-1450,item:021081,14.643477,14.643477,240,601,1.0,KG
361,SDC-1450,M-1810,item:007923,38651.2,38651.2,1,362,1.0,G
362,SDC-VD0520132A,M-1430,item:038005,41.900222,41.900222,145,507,1.0,KG
362,SDC-VD0914690A,M-1430,item:042342,144483.557846,144483.557846,20,382,1.0,UN
362,SDC-VD0525412A,M-1430,item:333362,2394.411154,2394.411154,62,424,1.0,UN
362,SDC-VD0993480A,M-1430,item:344135,2394.411154,2394.411154,33,395,1.0,UN
362,SDC-VD0520115A,M-1430,item:708073,18.98768,18.98768,27,389,1.0,KG
362,SDC-VD0508918A,M-1430,item:730384,507.615165,507.615165,31,393,1.0,M
362,SDC-VD1095770A,M-1430,item:734545,19.155289,19.155289,8,370,1.0,UN
362,SDC-1450,M-1430,item:773474,23117.364467,23117.364467,17,379,1.0,G
362,SDC-VD0951020A,M-1810,item:001757,19.3256,19.3256,130,492,1.0,KG
362,SDC-VD0519670A,M-1810,item:001848,5.232625,5.232625,20,382,1.0,KG
362,SDC-VD0951020A,M-1810,item:001848,4.34826,4.34826,39,401,1.0,KG
362,SDC-VD0951020A,M-1810,item:001848,4.913315,4.913315,55,417,1.0,KG
362,SDC-VD0910216A,M-1810,item:001893,27.646125,27.646125,43,405,1.0,KG
362,SDC-VD1091642A,M-1810,item:001893,18.35932,18.35932,34,396,1.0,KG
362,SDC-VD0518684A,M-1810,item:001893,9.17966,9.17966,102,464,1.0,KG
362,SDC-VD1091642A,M-1810,item:001893,23.572261,23.572261,39,401,1.0,KG
362,SDC-VD0518684A,M-1810,item:001893,13.039234,13.039234,15,377,1.0,KG
362,SDC-VD0910216A,M-1810,item:002612,7.275296,7.275296,45,407,1.0,KG
362,SDC-VD0990780A,M-1810,item:002612,3.948714,3.948714,42,404,1.0,KG
362,SDC-VD1091642A,M-1810,item:002612,1.20785,1.20785,17,379,1.0,KG
362,SDC-VD0500655A,M-1810,item:002612,1.20785,1.20785,54,416,1.0,KG
362,SDC-VD1091642A,M-1810,item:002612,10.51729,10.51729,26,388,1.0,KG
362,SDC-VD0514881A,M-1810,item:016332,5.79768,5.79768,29,391,1.0,KG
362,SDC-VD0519670A,M-1810,item:029313,0.48314,0.48314,41,403,1.0,KG
362,SDC-VD1096202A,M-1810,item:039668,0.48314,0.48314,48,410,1.0,KG
362,SDC-VD0520132A,M-1810,item:049371,17.87618,17.87618,212,574,1.0,KG
362,SDC-VD0914320A,M-1810,item:055703,0.676396,0.676396,12,374,1.0,KG
362,SDC-VD0964290A,M-1810,item:055703,0.289884,0.289884,58,420,1.0,KG
362,SDC-VD0505677A,M-1810,item:099439,24.157,24.157,56,418,1.0,KG
362,SDC-VD0901566A,M-1810,item:338928,10000.0,10000.0,51,413,1.0,UN
362,SDC-VD0914360C,M-1810,item:338929,11900.0,11900.0,50,412,1.0,UN
362,SDC-VD0989480A,M-1810,item:426331,130.9,130.9,44,406,1.0,UN
362,SDC-1450,M-1810,item:693055,4831.4,4831.4,68,430,1.0,G
362,M-1430,DC-1920,item:268967,2394.411154,2394.411154,4,366,1.0,UN
362,M-1810,DC-1920,item:268091,11900.0,11900.0,3,365,1.0,UN
362,SDC-VD0949099A,SDC-1450,item:021081,188.468774,198.388183,174,536,0.95,KG
362,SDC-VD0960508A,SDC-1450,item:021081,53.848221,53.848221,71,433,1.0,KG
362,SDC-VD0972460A,SDC-1450,item:021081,13.462055,13.462055,240,602,1.0,KG
362,SDC-VD0975221A,SDC-1450,item:021081,13.462055,13.462055,74,436,1.0,KG
362,SDC-1450,M-1810,item:007923,38651.2,38651.2,1,363,1.0,G
363,SDC-VD0520132A,M-1430,item:038005,41.900466,41.900466,90,453,1.0,KG
363,SDC-VD0914690A,M-1430,item:042342,144484.398634,144484.398634,21,384,1.0,UN
363,SDC-VD0525412A,M-1430,item:333362,2394.425088,2394.425088,81,444,1.0,UN
363,SDC-VD0993480A,M-1430,item:344135,2394.425088,2394.425088,23,386,1.0,UN
363,SDC-VD0520115A,M-1430,item:708073,18.987791,18.987791,18,381,1.0,KG
363,SDC-VD0508918A,M-1430,item:730384,507.618119,507.618119,103,466,1.0,M
363,SDC-VD1095770A,M-1430,item:734545,19.155401,19.155401,16,379,1.0,UN
363,SDC-1450,M-1430,item:773474,23117.498993,23117.498993,12,375,1.0,G
363,SDC-VD0951020A,M-1810,item:001757,19.3256,19.3256,23,386,1.0,KG
363,SDC-VD0519670A,M-1810,item:001848,5.23245,5.23245,35,398,1.0,KG
363,SDC-VD0951020A,M-1810,item:001848,4.34826,4.34826,87,450,1.0,KG
363,SDC-VD0951020A,M-1810,item:001848,4.91349,4.91349,69,432,1.0,KG
363,SDC-VD0910216A,M-1810,item:001893,28.472512,28.472512,15,378,1.0,KG
363,SDC-VD1091642A,M-1810,item:001893,18.35932,18.35932,31,394,1.0,KG
363,SDC-VD0518684A,M-1810,item:001893,9.17966,9.17966,112,475,1.0,KG
363,SDC-VD1091642A,M-1810,item:001893,21.473287,21.473287,18,381,1.0,KG
363,SDC-VD0518684A,M-1810,item:001893,14.311821,14.311821,39,402,1.0,KG
363,SDC-VD0910216A,M-1810,item:002612,7.492766,7.492766,22,385,1.0,KG
363,SDC-VD0990780A,M-1810,item:002612,3.721875,3.721875,43,406,1.0,KG
363,SDC-VD1091642A,M-1810,item:002612,1.20785,1.20785,41,404,1.0,KG
363,SDC-VD0500655A,M-1810,item:002612,1.20785,1.20785,32,395,1.0,KG
363,SDC-VD1091642A,M-1810,item:002612,10.526659,10.526659,34,397,1.0,KG
363,SDC-VD0514881A,M-1810,item:016332,5.79768,5.79768,21,384,1.0,KG
363,SDC-VD0519670A,M-1810,item:029313,0.48314,0.48314,35,398,1.0,KG
363,SDC-VD1096202A,M-1810,item:039668,0.48314,0.48314,41,404,1.0,KG
363,SDC-VD0520132A,M-1810,item:049371,17.87618,17.87618,169,532,1.0,KG
363,SDC-VD0914320A,M-1810,item:055703,0.676396,0.676396,25,388,1.0,KG
363,SDC-VD0964290A,M-1810,item:055703,0.289884,0.289884,13,376,1.0,KG
363,SDC-VD0505677A,M-1810,item:099439,24.157,24.157,4,367,1.0,KG
363,SDC-VD0901566A,M-1810,item:338928,10000.0,10000.0,114,477,1.0,UN
363,SDC-VD0914360C,M-1810,item:338929,11900.0,11900.0,51,414,1.0,UN
363,SDC-VD0989480A,M-1810,item:426331,130.9,130.9,28,391,1.0,UN
363,SDC-1450,M-1810,item:693055,4831.4,4831.4,64,427,1.0,G
363,M-1430,DC-1920,item:268967,2394.425088,2394.425088,1,364,1.0,UN
363,M-1810,DC-1920,item:268091,11900.0,11900.0,3,366,1.0,UN
363,DC-1920,C-XXXXX,item:268967,4786.244571,4786.244571,2,365,1.0,UN
363,DC-1920,C-XXXXX,item:268091,35700.0,35700.0,2,365,1.0,UN
363,SDC-VD0949099A,SDC-1450,item:021081,176.400732,185.684981,205,568,0.95,KG
363,SDC-VD0960508A,SDC-1450,item:021081,50.400209,50.400209,57,420,1.0,KG
363,SDC-VD0972460A,SDC-1450,item:021081,12.600052,12.600052,84,447,1.0,KG
363,SDC-VD0975221A,SDC-1450,item:021081,12.600052,12.600052,106,469,1.0,KG
363,SDC-1450,M-1810,item:007923,38651.2,38651.2,1,364,1.0,G
364,SDC-VD0520132A,M-1430,item:038005,41.900515,41.900515,68,432,1.0,KG
364,SDC-VD0914690A,M-1430,item:042342,144484.566792,144484.566792,10,374,1.0,UN
364,SDC-VD0525412A,M-1430,item:333362,2394.427874,2394.427874,41,405,1.0,UN
364,SDC-VD0993480A,M-1430,item:344135,2394.427874,2394.427874,43,407,1.0,UN
364,SDC-VD0520115A,M-1430,item:708073,18.987813,18.987813,34,398,1.0,KG
364,SDC-VD0508918A,M-1430,item:730384,507.618709,507.618709,87,451,1.0,M
364,SDC-VD1095770A,M-1430,item:734545,19.155423,19.155423,31,395,1.0,UN
364,SDC-1450,M-1430,item:773474,23117.525898,23117.525898,9,373,1.0,G
364,SDC-VD0951020A,M-1810,item:001757,19.3256,19.3256,168,532,1.0,KG
364,SDC-VD0519670A,M-1810,item:001848,9.022057,9.022057,7,371,1.0,KG
364,SDC-VD0951020A,M-1810,item:001848,4.34826,4.34826,36,400,1.0,KG
364,SDC-VD0951020A,M-1810,item:001848,1.123883,1.123883,56,420,1.0,KG
364,SDC-VD0910216A,M-1810,item:001893,28.63779,28.63779,7,371,1.0,KG
364,SDC-VD1091642A,M-1810,item:001893,18.35932,18.35932,35,399,1.0,KG
364,SDC-VD0518684A,M-1810,item:001893,9.17966,9.17966,60,424,1.0,KG
364,SDC-VD1091642A,M-1810,item:001893,21.305746,21.305746,36,400,1.0,KG
364,SDC-VD0518684A,M-1810,item:001893,14.314084,14.314084,58,422,1.0,KG
364,SDC-VD0910216A,M-1810,item:002612,7.53626,7.53626,15,379,1.0,KG
364,SDC-VD0990780A,M-1810,item:002612,3.676507,3.676507,30,394,1.0,KG
364,SDC-VD1091642A,M-1810,item:002612,1.20785,1.20785,26,390,1.0,KG
364,SDC-VD0500655A,M-1810,item:002612,1.20785,1.20785,32,396,1.0,KG
364,SDC-VD1091642A,M-1810,item:002612,10.528533,10.528533,17,381,1.0,KG
364,SDC-VD0514881A,M-1810,item:016332,5.79768,5.79768,30,394,1.0,KG
364,SDC-VD0519670A,M-1810,item:029313,0.48314,0.48314,35,399,1.0,KG
364,SDC-VD1096202A,M-1810,item:039668,0.48314,0.48314,28,392,1.0,KG
364,SDC-VD0520132A,M-1810,item:049371,17.87618,17.87618,82,446,1.0,KG
364,SDC-VD0914320A,M-1810,item:055703,0.676396,0.676396,32,396,1.0,KG
364,SDC-VD0964290A,M-1810,item:055703,0.289884,0.289884,45,409,1.0,KG
364,SDC-VD0505677A,M-1810,item:099439,24.157,24.157,26,390,1.0,KG
364,SDC-VD0901566A,M-1810,item:338928,10000.0,10000.0,22,386,1.0,UN
364,SDC-VD0914360C,M-1810,item:338929,11900.0,11900.0,46,410,1.0,UN
364,SDC-VD0989480A,M-1810,item:426331,130.9,130.9,22,386,1.0,UN
364,SDC-1450,M-1810,item:693055,4831.4,4831.4,31,395,1.0,G
364,M-1430,DC-1920,item:268967,2394.427874,2394.427874,4,368,1.0,UN
364,M-1810,DC-1920,item:268091,11900.0,11900.0,2,366,1.0,UN
364,DC-1920,C-XXXXX,item:268967,4788.766573,4788.766573,5,369,1.0,UN
364,DC-1920,C-XXXXX,item:268091,11900.0,11900.0,2,366,1.0,UN
364,SDC-VD0949099A,SDC-1450,item:021081,167.640839,176.464041,48,412,0.95,KG
364,SDC-VD0960508A,SDC-1450,item:021081,47.897382,47.897382,72,436,1.0,KG
364,SDC-VD0972460A,SDC-1450,item:021081,11.974346,11.974346,123,487,1.0,KG
364,SDC-VD0975221A,SDC-1450,item:021081,11.974346,11.974346,47,411,1.0,KG
364,SDC-1450,M-1810,item:007923,38651.2,38651.2,2,366,1.0,G
