day,node_id,item_id,consumed_qty,uom
0,M-1430,item:038005,0.349984,KG
0,M-1430,item:042342,1206.84,UN
0,M-1430,item:333362,20.0,UN
0,M-1430,item:344135,20.0,UN
0,M-1430,item:708073,0.1586,KG
0,M-1430,item:730384,4.24,M
0,M-1430,item:734545,0.16,UN
0,M-1430,item:773474,193.09436,G
0,M-1810,item:001757,0.03248,KG
0,M-1810,item:001848,0.02436,KG
0,M-1810,item:001893,0.15428,KG
0,M-1810,item:002612,0.0406,KG
0,M-1810,item:007923,64.96,G
0,M-1810,item:016332,0.009744,KG
0,M-1810,item:029313,0.000812,KG
0,M-1810,item:039668,0.000812,KG
0,M-1810,item:049371,0.030044,KG
0,M-1810,item:055703,0.001624,KG
0,M-1810,item:099439,0.0406,KG
0,M-1810,item:338928,20.0,UN
0,M-1810,item:338929,20.0,UN
0,M-1810,item:426331,0.22,UN
0,M-1810,item:693055,8.12,G
0,SDC-1450,item:021081,0.0,KG
1,M-1430,item:038005,0.402481,KG
1,M-1430,item:042342,1387.866,UN
1,M-1430,item:333362,23.0,UN
1,M-1430,item:344135,23.0,UN
1,M-1430,item:708073,0.18239,KG
1,M-1430,item:730384,4.876,M
1,M-1430,item:734545,0.184,UN
1,M-1430,item:773474,222.058514,G
1,M-1810,item:001757,0.037352,KG
1,M-1810,item:001848,0.028014,KG
1,M-1810,item:001893,0.177422,KG
1,M-1810,item:002612,0.04669,KG
1,M-1810,item:007923,74.704,G
1,M-1810,item:016332,0.011206,KG
1,M-1810,item:029313,0.000934,KG
1,M-1810,item:039668,0.000934,KG
1,M-1810,item:049371,0.034551,KG
1,M-1810,item:055703,0.001868,KG
1,M-1810,item:099439,0.04669,KG
1,M-1810,item:338928,23.0,UN
1,M-1810,item:338929,23.0,UN
1,M-1810,item:426331,0.253,UN
1,M-1810,item:693055,9.338,G
1,SDC-1450,item:021081,0.32184,KG
2,M-1430,item:038005,0.437479,KG
2,M-1430,item:042342,1508.55,UN
2,M-1430,item:333362,25.0,UN
2,M-1430,item:344135,25.0,UN
2,M-1430,item:708073,0.19825,KG
2,M-1430,item:730384,5.3,M
2,M-1430,item:734545,0.2,UN
2,M-1430,item:773474,241.36795,G
2,M-1810,item:001757,0.0406,KG
2,M-1810,item:001848,0.03045,KG
2,M-1810,item:001893,0.19285,KG
2,M-1810,item:002612,0.05075,KG
2,M-1810,item:007923,81.2,G
2,M-1810,item:016332,0.01218,KG
2,M-1810,item:029313,0.001015,KG
2,M-1810,item:039668,0.001015,KG
2,M-1810,item:049371,0.037555,KG
2,M-1810,item:055703,0.00203,KG
2,M-1810,item:099439,0.05075,KG
2,M-1810,item:338928,25.0,UN
2,M-1810,item:338929,25.0,UN
2,M-1810,item:426331,0.275,UN
2,M-1810,item:693055,10.15,G
2,SDC-1450,item:021081,0.386208,KG
3,M-1430,item:038005,0.437479,KG
3,M-1430,item:042342,1508.55,UN
3,M-1430,item:333362,25.0,UN
3,M-1430,item:344135,25.0,UN
3,M-1430,item:708073,0.19825,KG
3,M-1430,item:730384,5.3,M
3,M-1430,item:734545,0.2,UN
3,M-1430,item:773474,241.36795,G
3,M-1810,item:001757,0.0406,KG
3,M-1810,item:001848,0.03045,KG
3,M-1810,item:001893,0.19285,KG
3,M-1810,item:002612,0.05075,KG
3,M-1810,item:007923,81.2,G
3,M-1810,item:016332,0.01218,KG
3,M-1810,item:029313,0.001015,KG
3,M-1810,item:039668,0.001015,KG
3,M-1810,item:049371,0.037555,KG
3,M-1810,item:055703,0.00203,KG
3,M-1810,item:099439,0.05075,KG
3,M-1810,item:338928,25.0,UN
3,M-1810,item:338929,25.0,UN
3,M-1810,item:426331,0.275,UN
3,M-1810,item:693055,10.15,G
3,SDC-1450,item:021081,0.399082,KG
4,M-1430,item:038005,0.437479,KG
4,M-1430,item:042342,1508.55,UN
4,M-1430,item:333362,25.0,UN
4,M-1430,item:344135,25.0,UN
4,M-1430,item:708073,0.19825,KG
4,M-1430,item:730384,5.3,M
4,M-1430,item:734545,0.2,UN
4,M-1430,item:773474,241.36795,G
4,M-1810,item:001757,0.0406,KG
4,M-1810,item:001848,0.03045,KG
4,M-1810,item:001893,0.19285,KG
4,M-1810,item:002612,0.05075,KG
4,M-1810,item:007923,81.2,G
4,M-1810,item:016332,0.01218,KG
4,M-1810,item:029313,0.001015,KG
4,M-1810,item:039668,0.001015,KG
4,M-1810,item:049371,0.037555,KG
4,M-1810,item:055703,0.00203,KG
4,M-1810,item:099439,0.05075,KG
4,M-1810,item:338928,25.0,UN
4,M-1810,item:338929,25.0,UN
4,M-1810,item:426331,0.275,UN
4,M-1810,item:693055,10.15,G
4,SDC-1450,item:021081,0.401656,KG
5,M-1430,item:038005,0.437479,KG
5,M-1430,item:042342,1508.55,UN
5,M-1430,item:333362,25.0,UN
5,M-1430,item:344135,25.0,UN
5,M-1430,item:708073,0.19825,KG
5,M-1430,item:730384,5.3,M
5,M-1430,item:734545,0.2,UN
5,M-1430,item:773474,241.36795,G
5,M-1810,item:001757,0.0406,KG
5,M-1810,item:001848,0.03045,KG
5,M-1810,item:001893,0.19285,KG
5,M-1810,item:002612,0.05075,KG
5,M-1810,item:007923,81.2,G
5,M-1810,item:016332,0.01218,KG
5,M-1810,item:029313,0.001015,KG
5,M-1810,item:039668,0.001015,KG
5,M-1810,item:049371,0.037555,KG
5,M-1810,item:055703,0.00203,KG
5,M-1810,item:099439,0.05075,KG
5,M-1810,item:338928,25.0,UN
5,M-1810,item:338929,25.0,UN
5,M-1810,item:426331,0.275,UN
5,M-1810,item:693055,10.15,G
5,SDC-1450,item:021081,0.402171,KG
6,M-1430,item:038005,0.404458,KG
6,M-1430,item:042342,1394.682232,UN
6,M-1430,item:333362,23.11296,UN
6,M-1430,item:344135,23.11296,UN
6,M-1430,item:708073,0.183286,KG
6,M-1430,item:730384,4.899948,M
6,M-1430,item:734545,0.184904,UN
6,M-1430,item:773474,223.149111,G
6,M-1810,item:001757,0.037535,KG
6,M-1810,item:001848,0.028152,KG
6,M-1810,item:001893,0.178293,KG
6,M-1810,item:002612,0.046919,KG
6,M-1810,item:007923,75.070894,G
6,M-1810,item:016332,0.011261,KG
6,M-1810,item:029313,0.000938,KG
6,M-1810,item:039668,0.000938,KG
6,M-1810,item:049371,0.03472,KG
6,M-1810,item:055703,0.001877,KG
6,M-1810,item:099439,0.046919,KG
6,M-1810,item:338928,23.11296,UN
6,M-1810,item:338929,23.11296,UN
6,M-1810,item:426331,0.254243,UN
6,M-1810,item:693055,9.383862,G
6,SDC-1450,item:021081,0.402274,KG
7,M-1430,item:038005,0.360878,KG
7,M-1430,item:042342,1244.408446,UN
7,M-1430,item:333362,20.622592,UN
7,M-1430,item:344135,20.622592,UN
7,M-1430,item:708073,0.163537,KG
7,M-1430,item:730384,4.37199,M
7,M-1430,item:734545,0.164981,UN
7,M-1430,item:773474,199.10531,G
7,M-1810,item:001757,0.033491,KG
7,M-1810,item:001848,0.025118,KG
7,M-1810,item:001893,0.159083,KG
7,M-1810,item:002612,0.041864,KG
7,M-1810,item:007923,66.982179,G
7,M-1810,item:016332,0.010047,KG
7,M-1810,item:029313,0.000837,KG
7,M-1810,item:039668,0.000837,KG
7,M-1810,item:049371,0.030979,KG
7,M-1810,item:055703,0.001675,KG
7,M-1810,item:099439,0.041864,KG
7,M-1810,item:338928,20.622592,UN
7,M-1810,item:338929,20.622592,UN
7,M-1810,item:426331,0.226849,UN
7,M-1810,item:693055,8.372772,G
7,SDC-1450,item:021081,0.402295,KG
8,M-1430,item:038005,0.40466,KG
8,M-1430,item:042342,1395.379689,UN
8,M-1430,item:333362,23.124518,UN
8,M-1430,item:344135,23.124518,UN
8,M-1430,item:708073,0.183377,KG
8,M-1430,item:730384,4.902398,M
8,M-1430,item:734545,0.184996,UN
8,M-1430,item:773474,223.260704,G
8,M-1810,item:001757,0.037554,KG
8,M-1810,item:001848,0.028166,KG
8,M-1810,item:001893,0.178383,KG
8,M-1810,item:002612,0.046943,KG
8,M-1810,item:007923,75.108436,G
8,M-1810,item:016332,0.011266,KG
8,M-1810,item:029313,0.000939,KG
8,M-1810,item:039668,0.000939,KG
8,M-1810,item:049371,0.034738,KG
8,M-1810,item:055703,0.001878,KG
8,M-1810,item:099439,0.046943,KG
8,M-1810,item:338928,23.124518,UN
8,M-1810,item:338929,23.124518,UN
8,M-1810,item:426331,0.25437,UN
8,M-1810,item:693055,9.388554,G
8,SDC-1450,item:021081,0.402299,KG
9,M-1430,item:038005,0.437479,KG
9,M-1430,item:042342,1508.55,UN
9,M-1430,item:333362,25.0,UN
9,M-1430,item:344135,25.0,UN
9,M-1430,item:708073,0.19825,KG
9,M-1430,item:730384,5.3,M
9,M-1430,item:734545,0.2,UN
9,M-1430,item:773474,241.36795,G
9,M-1810,item:001757,0.0406,KG
9,M-1810,item:001848,0.03045,KG
9,M-1810,item:001893,0.19285,KG
9,M-1810,item:002612,0.05075,KG
9,M-1810,item:007923,81.2,G
9,M-1810,item:016332,0.01218,KG
9,M-1810,item:029313,0.001015,KG
9,M-1810,item:039668,0.001015,KG
9,M-1810,item:049371,0.037555,KG
9,M-1810,item:055703,0.00203,KG
9,M-1810,item:099439,0.05075,KG
9,M-1810,item:338928,25.0,UN
9,M-1810,item:338929,25.0,UN
9,M-1810,item:426331,0.275,UN
9,M-1810,item:693055,10.15,G
9,SDC-1450,item:021081,0.4023,KG
10,M-1430,item:038005,0.437479,KG
10,M-1430,item:042342,1508.55,UN
10,M-1430,item:333362,25.0,UN
10,M-1430,item:344135,25.0,UN
10,M-1430,item:708073,0.19825,KG
10,M-1430,item:730384,5.3,M
10,M-1430,item:734545,0.2,UN
10,M-1430,item:773474,241.36795,G
10,M-1810,item:001757,0.0406,KG
10,M-1810,item:001848,0.03045,KG
10,M-1810,item:001893,0.19285,KG
10,M-1810,item:002612,0.05075,KG
10,M-1810,item:007923,81.2,G
10,M-1810,item:016332,0.01218,KG
10,M-1810,item:029313,0.001015,KG
10,M-1810,item:039668,0.001015,KG
10,M-1810,item:049371,0.037555,KG
10,M-1810,item:055703,0.00203,KG
10,M-1810,item:099439,0.05075,KG
10,M-1810,item:338928,25.0,UN
10,M-1810,item:338929,25.0,UN
10,M-1810,item:426331,0.275,UN
10,M-1810,item:693055,10.15,G
10,SDC-1450,item:021081,0.4023,KG
11,M-1430,item:038005,0.297257,KG
11,M-1430,item:042342,1025.023968,UN
11,M-1430,item:333362,16.986907,UN
11,M-1430,item:344135,16.986907,UN
11,M-1430,item:708073,0.134706,KG
11,M-1430,item:730384,3.601224,M
11,M-1430,item:734545,0.135895,UN
11,M-1430,item:773474,164.003801,G
11,M-1810,item:001757,0.0406,KG
11,M-1810,item:001848,0.03045,KG
11,M-1810,item:001893,0.19285,KG
11,M-1810,item:002612,0.05075,KG
11,M-1810,item:007923,81.2,G
11,M-1810,item:016332,0.01218,KG
11,M-1810,item:029313,0.001015,KG
11,M-1810,item:039668,0.001015,KG
11,M-1810,item:049371,0.037555,KG
11,M-1810,item:055703,0.00203,KG
11,M-1810,item:099439,0.05075,KG
11,M-1810,item:338928,25.0,UN
11,M-1810,item:338929,25.0,UN
11,M-1810,item:426331,0.275,UN
11,M-1810,item:693055,10.15,G
11,SDC-1450,item:021081,0.4023,KG
12,M-1430,item:038005,0.0,KG
12,M-1430,item:042342,0.0,UN
12,M-1430,item:333362,0.0,UN
12,M-1430,item:344135,0.0,UN
12,M-1430,item:708073,0.0,KG
12,M-1430,item:730384,0.0,M
12,M-1430,item:734545,0.0,UN
12,M-1430,item:773474,0.0,G
12,M-1810,item:001757,0.0406,KG
12,M-1810,item:001848,0.03045,KG
12,M-1810,item:001893,0.19285,KG
12,M-1810,item:002612,0.05075,KG
12,M-1810,item:007923,81.2,G
12,M-1810,item:016332,0.01218,KG
12,M-1810,item:029313,0.001015,KG
12,M-1810,item:039668,0.001015,KG
12,M-1810,item:049371,0.037555,KG
12,M-1810,item:055703,0.00203,KG
12,M-1810,item:099439,0.05075,KG
12,M-1810,item:338928,25.0,UN
12,M-1810,item:338929,25.0,UN
12,M-1810,item:426331,0.275,UN
12,M-1810,item:693055,10.15,G
12,SDC-1450,item:021081,0.4023,KG
13,M-1430,item:038005,0.243903,KG
13,M-1430,item:042342,841.046574,UN
13,M-1430,item:333362,13.937996,UN
13,M-1430,item:344135,13.937996,UN
13,M-1430,item:708073,0.110528,KG
13,M-1430,item:730384,2.954855,M
13,M-1430,item:734545,0.111504,UN
13,M-1430,item:773474,134.567424,G
13,M-1810,item:001757,0.037536,KG
13,M-1810,item:001848,0.028152,KG
13,M-1810,item:001893,0.178294,KG
13,M-1810,item:002612,0.046919,KG
13,M-1810,item:007923,75.071023,G
13,M-1810,item:016332,0.011261,KG
13,M-1810,item:029313,0.000938,KG
13,M-1810,item:039668,0.000938,KG
13,M-1810,item:049371,0.03472,KG
13,M-1810,item:055703,0.001877,KG
13,M-1810,item:099439,0.046919,KG
13,M-1810,item:338928,23.113,UN
13,M-1810,item:338929,23.113,UN
13,M-1810,item:426331,0.254243,UN
13,M-1810,item:693055,9.383878,G
13,SDC-1450,item:021081,0.4023,KG
14,M-1430,item:038005,0.081536,KG
14,M-1430,item:042342,281.160058,UN
14,M-1430,item:333362,4.659442,UN
14,M-1430,item:344135,4.659442,UN
14,M-1430,item:708073,0.036949,KG
14,M-1430,item:730384,0.987802,M
14,M-1430,item:734545,0.037276,UN
14,M-1430,item:773474,44.9856,G
14,M-1810,item:001757,0.033491,KG
14,M-1810,item:001848,0.025118,KG
14,M-1810,item:001893,0.159083,KG
14,M-1810,item:002612,0.041864,KG
14,M-1810,item:007923,66.982205,G
14,M-1810,item:016332,0.010047,KG
14,M-1810,item:029313,0.000837,KG
14,M-1810,item:039668,0.000837,KG
14,M-1810,item:049371,0.030979,KG
14,M-1810,item:055703,0.001675,KG
14,M-1810,item:099439,0.041864,KG
14,M-1810,item:338928,20.6226,UN
14,M-1810,item:338929,20.6226,UN
14,M-1810,item:426331,0.226849,UN
14,M-1810,item:693055,8.372776,G
14,SDC-1450,item:021081,0.4023,KG
15,M-1430,item:038005,0.0,KG
15,M-1430,item:042342,0.0,UN
15,M-1430,item:333362,0.0,UN
15,M-1430,item:344135,0.0,UN
15,M-1430,item:708073,0.0,KG
15,M-1430,item:730384,0.0,M
15,M-1430,item:734545,0.0,UN
15,M-1430,item:773474,0.0,G
15,M-1810,item:001757,0.037554,KG
15,M-1810,item:001848,0.028166,KG
15,M-1810,item:001893,0.178383,KG
15,M-1810,item:002612,0.046943,KG
15,M-1810,item:007923,75.108441,G
15,M-1810,item:016332,0.011266,KG
15,M-1810,item:029313,0.000939,KG
15,M-1810,item:039668,0.000939,KG
15,M-1810,item:049371,0.034738,KG
15,M-1810,item:055703,0.001878,KG
15,M-1810,item:099439,0.046943,KG
15,M-1810,item:338928,23.12452,UN
15,M-1810,item:338929,23.12452,UN
15,M-1810,item:426331,0.25437,UN
15,M-1810,item:693055,9.388555,G
15,SDC-1450,item:021081,0.4023,KG
16,M-1430,item:038005,0.0,KG
16,M-1430,item:042342,0.0,UN
16,M-1430,item:333362,0.0,UN
16,M-1430,item:344135,0.0,UN
16,M-1430,item:708073,0.0,KG
16,M-1430,item:730384,0.0,M
16,M-1430,item:734545,0.0,UN
16,M-1430,item:773474,0.0,G
16,M-1810,item:001757,0.0406,KG
16,M-1810,item:001848,0.03045,KG
16,M-1810,item:001893,0.19285,KG
16,M-1810,item:002612,0.05075,KG
16,M-1810,item:007923,81.2,G
16,M-1810,item:016332,0.01218,KG
16,M-1810,item:029313,0.001015,KG
16,M-1810,item:039668,0.001015,KG
16,M-1810,item:049371,0.037555,KG
16,M-1810,item:055703,0.00203,KG
16,M-1810,item:099439,0.05075,KG
16,M-1810,item:338928,25.0,UN
16,M-1810,item:338929,25.0,UN
16,M-1810,item:426331,0.275,UN
16,M-1810,item:693055,10.15,G
16,SDC-1450,item:021081,0.4023,KG
17,M-1430,item:038005,0.0,KG
17,M-1430,item:042342,0.0,UN
17,M-1430,item:333362,0.0,UN
17,M-1430,item:344135,0.0,UN
17,M-1430,item:708073,0.0,KG
17,M-1430,item:730384,0.0,M
17,M-1430,item:734545,0.0,UN
17,M-1430,item:773474,0.0,G
17,M-1810,item:001757,0.0406,KG
17,M-1810,item:001848,0.03045,KG
17,M-1810,item:001893,0.19285,KG
17,M-1810,item:002612,0.05075,KG
17,M-1810,item:007923,81.2,G
17,M-1810,item:016332,0.01218,KG
17,M-1810,item:029313,0.001015,KG
17,M-1810,item:039668,0.001015,KG
17,M-1810,item:049371,0.037555,KG
17,M-1810,item:055703,0.00203,KG
17,M-1810,item:099439,0.05075,KG
17,M-1810,item:338928,25.0,UN
17,M-1810,item:338929,25.0,UN
17,M-1810,item:426331,0.275,UN
17,M-1810,item:693055,10.15,G
17,SDC-1450,item:021081,0.4023,KG
18,M-1430,item:038005,0.081562,KG
18,M-1430,item:042342,281.249914,UN
18,M-1430,item:333362,4.660931,UN
18,M-1430,item:344135,4.660931,UN
18,M-1430,item:708073,0.036961,KG
18,M-1430,item:730384,0.988117,M
18,M-1430,item:734545,0.037287,UN
18,M-1430,item:773474,44.999977,G
18,M-1810,item:001757,0.0406,KG
18,M-1810,item:001848,0.03045,KG
18,M-1810,item:001893,0.19285,KG
18,M-1810,item:002612,0.05075,KG
18,M-1810,item:007923,81.2,G
18,M-1810,item:016332,0.01218,KG
18,M-1810,item:029313,0.001015,KG
18,M-1810,item:039668,0.001015,KG
18,M-1810,item:049371,0.037555,KG
18,M-1810,item:055703,0.00203,KG
18,M-1810,item:099439,0.05075,KG
18,M-1810,item:338928,25.0,UN
18,M-1810,item:338929,25.0,UN
18,M-1810,item:426331,0.275,UN
18,M-1810,item:693055,10.15,G
18,SDC-1450,item:021081,0.4023,KG
19,M-1430,item:038005,0.16312,KG
19,M-1430,item:042342,562.481397,UN
19,M-1430,item:333362,9.321557,UN
19,M-1430,item:344135,9.321557,UN
19,M-1430,item:708073,0.07392,KG
19,M-1430,item:730384,1.97617,M
19,M-1430,item:734545,0.074572,UN
19,M-1430,item:773474,89.997005,G
19,M-1810,item:001757,0.0406,KG
19,M-1810,item:001848,0.03045,KG
19,M-1810,item:001893,0.19285,KG
19,M-1810,item:002612,0.05075,KG
19,M-1810,item:007923,81.2,G
19,M-1810,item:016332,0.01218,KG
19,M-1810,item:029313,0.001015,KG
19,M-1810,item:039668,0.001015,KG
19,M-1810,item:049371,0.037555,KG
19,M-1810,item:055703,0.00203,KG
19,M-1810,item:099439,0.05075,KG
19,M-1810,item:338928,25.0,UN
19,M-1810,item:338929,25.0,UN
19,M-1810,item:426331,0.275,UN
19,M-1810,item:693055,10.15,G
19,SDC-1450,item:021081,0.4023,KG
20,M-1430,item:038005,0.163125,KG
20,M-1430,item:042342,562.500115,UN
20,M-1430,item:333362,9.321867,UN
20,M-1430,item:344135,9.321867,UN
20,M-1430,item:708073,0.073922,KG
20,M-1430,item:730384,1.976236,M
20,M-1430,item:734545,0.074575,UN
20,M-1430,item:773474,90.0,G
20,M-1810,item:001757,0.037536,KG
20,M-1810,item:001848,0.028152,KG
20,M-1810,item:001893,0.178294,KG
20,M-1810,item:002612,0.046919,KG
20,M-1810,item:007923,75.071024,G
20,M-1810,item:016332,0.011261,KG
20,M-1810,item:029313,0.000938,KG
20,M-1810,item:039668,0.000938,KG
20,M-1810,item:049371,0.03472,KG
20,M-1810,item:055703,0.001877,KG
20,M-1810,item:099439,0.046919,KG
20,M-1810,item:338928,23.113,UN
20,M-1810,item:338929,23.113,UN
20,M-1810,item:426331,0.254243,UN
20,M-1810,item:693055,9.383878,G
20,SDC-1450,item:021081,0.4023,KG
21,M-1430,item:038005,0.081562,KG
21,M-1430,item:042342,281.250058,UN
21,M-1430,item:333362,4.660934,UN
21,M-1430,item:344135,4.660934,UN
21,M-1430,item:708073,0.036961,KG
21,M-1430,item:730384,0.988118,M
21,M-1430,item:734545,0.037287,UN
21,M-1430,item:773474,45.0,G
21,M-1810,item:001757,0.033491,KG
21,M-1810,item:001848,0.025118,KG
21,M-1810,item:001893,0.159083,KG
21,M-1810,item:002612,0.041864,KG
21,M-1810,item:007923,66.982205,G
21,M-1810,item:016332,0.010047,KG
21,M-1810,item:029313,0.000837,KG
21,M-1810,item:039668,0.000837,KG
21,M-1810,item:049371,0.030979,KG
21,M-1810,item:055703,0.001675,KG
21,M-1810,item:099439,0.041864,KG
21,M-1810,item:338928,20.6226,UN
21,M-1810,item:338929,20.6226,UN
21,M-1810,item:426331,0.226849,UN
21,M-1810,item:693055,8.372776,G
21,SDC-1450,item:021081,0.4023,KG
22,M-1430,item:038005,0.0,KG
22,M-1430,item:042342,0.0,UN
22,M-1430,item:333362,0.0,UN
22,M-1430,item:344135,0.0,UN
22,M-1430,item:708073,0.0,KG
22,M-1430,item:730384,0.0,M
22,M-1430,item:734545,0.0,UN
22,M-1430,item:773474,0.0,G
22,M-1810,item:001757,0.036341,KG
22,M-1810,item:001848,0.027256,KG
22,M-1810,item:001893,0.172619,KG
22,M-1810,item:002612,0.045426,KG
22,M-1810,item:007923,72.681795,G
22,M-1810,item:016332,0.010902,KG
22,M-1810,item:029313,0.000909,KG
22,M-1810,item:039668,0.000909,KG
22,M-1810,item:049371,0.033615,KG
22,M-1810,item:055703,0.001817,KG
22,M-1810,item:099439,0.045426,KG
22,M-1810,item:338928,22.3774,UN
22,M-1810,item:338929,22.3774,UN
22,M-1810,item:426331,0.246151,UN
22,M-1810,item:693055,9.085224,G
22,SDC-1450,item:021081,0.4023,KG
23,M-1430,item:038005,0.081562,KG
23,M-1430,item:042342,281.250058,UN
23,M-1430,item:333362,4.660934,UN
23,M-1430,item:344135,4.660934,UN
23,M-1430,item:708073,0.036961,KG
23,M-1430,item:730384,0.988118,M
23,M-1430,item:734545,0.037287,UN
23,M-1430,item:773474,45.0,G
23,M-1810,item:001757,0.0406,KG
23,M-1810,item:001848,0.03045,KG
23,M-1810,item:001893,0.19285,KG
23,M-1810,item:002612,0.05075,KG
23,M-1810,item:007923,81.2,G
23,M-1810,item:016332,0.01218,KG
23,M-1810,item:029313,0.001015,KG
23,M-1810,item:039668,0.001015,KG
23,M-1810,item:049371,0.037555,KG
23,M-1810,item:055703,0.00203,KG
23,M-1810,item:099439,0.05075,KG
23,M-1810,item:338928,25.0,UN
23,M-1810,item:338929,25.0,UN
23,M-1810,item:426331,0.275,UN
23,M-1810,item:693055,10.15,G
23,SDC-1450,item:021081,0.4023,KG
24,M-1430,item:038005,0.081562,KG
24,M-1430,item:042342,281.250029,UN
24,M-1430,item:333362,4.660933,UN
24,M-1430,item:344135,4.660933,UN
24,M-1430,item:708073,0.036961,KG
24,M-1430,item:730384,0.988118,M
24,M-1430,item:734545,0.037287,UN
24,M-1430,item:773474,44.999995,G
24,M-1810,item:001757,0.0406,KG
24,M-1810,item:001848,0.03045,KG
24,M-1810,item:001893,0.19285,KG
24,M-1810,item:002612,0.05075,KG
24,M-1810,item:007923,81.2,G
24,M-1810,item:016332,0.01218,KG
24,M-1810,item:029313,0.001015,KG
24,M-1810,item:039668,0.001015,KG
24,M-1810,item:049371,0.037555,KG
24,M-1810,item:055703,0.00203,KG
24,M-1810,item:099439,0.05075,KG
24,M-1810,item:338928,25.0,UN
24,M-1810,item:338929,25.0,UN
24,M-1810,item:426331,0.275,UN
24,M-1810,item:693055,10.15,G
24,SDC-1450,item:021081,0.4023,KG
25,M-1430,item:038005,0.163125,KG
25,M-1430,item:042342,562.500111,UN
25,M-1430,item:333362,9.321867,UN
25,M-1430,item:344135,9.321867,UN
25,M-1430,item:708073,0.073922,KG
25,M-1430,item:730384,1.976236,M
25,M-1430,item:734545,0.074575,UN
25,M-1430,item:773474,89.999999,G
25,M-1810,item:001757,0.0406,KG
25,M-1810,item:001848,0.03045,KG
25,M-1810,item:001893,0.19285,KG
25,M-1810,item:002612,0.05075,KG
25,M-1810,item:007923,81.2,G
25,M-1810,item:016332,0.01218,KG
25,M-1810,item:029313,0.001015,KG
25,M-1810,item:039668,0.001015,KG
25,M-1810,item:049371,0.037555,KG
25,M-1810,item:055703,0.00203,KG
25,M-1810,item:099439,0.05075,KG
25,M-1810,item:338928,25.0,UN
25,M-1810,item:338929,25.0,UN
25,M-1810,item:426331,0.275,UN
25,M-1810,item:693055,10.15,G
25,SDC-1450,item:021081,0.4023,KG
26,M-1430,item:038005,0.0,KG
26,M-1430,item:042342,0.0,UN
26,M-1430,item:333362,0.0,UN
26,M-1430,item:344135,0.0,UN
26,M-1430,item:708073,0.0,KG
26,M-1430,item:730384,0.0,M
26,M-1430,item:734545,0.0,UN
26,M-1430,item:773474,0.0,G
26,M-1810,item:001757,0.0406,KG
26,M-1810,item:001848,0.03045,KG
26,M-1810,item:001893,0.19285,KG
26,M-1810,item:002612,0.05075,KG
26,M-1810,item:007923,81.2,G
26,M-1810,item:016332,0.01218,KG
26,M-1810,item:029313,0.001015,KG
26,M-1810,item:039668,0.001015,KG
26,M-1810,item:049371,0.037555,KG
26,M-1810,item:055703,0.00203,KG
26,M-1810,item:099439,0.05075,KG
26,M-1810,item:338928,25.0,UN
26,M-1810,item:338929,25.0,UN
26,M-1810,item:426331,0.275,UN
26,M-1810,item:693055,10.15,G
26,SDC-1450,item:021081,0.4023,KG
27,M-1430,item:038005,0.0,KG
27,M-1430,item:042342,0.0,UN
27,M-1430,item:333362,0.0,UN
27,M-1430,item:344135,0.0,UN
27,M-1430,item:708073,0.0,KG
27,M-1430,item:730384,0.0,M
27,M-1430,item:734545,0.0,UN
27,M-1430,item:773474,0.0,G
27,M-1810,item:001757,0.037535,KG
27,M-1810,item:001848,0.028151,KG
27,M-1810,item:001893,0.178292,KG
27,M-1810,item:002612,0.046919,KG
27,M-1810,item:007923,75.070247,G
27,M-1810,item:016332,0.011261,KG
27,M-1810,item:029313,0.000938,KG
27,M-1810,item:039668,0.000938,KG
27,M-1810,item:049371,0.03472,KG
27,M-1810,item:055703,0.001877,KG
27,M-1810,item:099439,0.046919,KG
27,M-1810,item:338928,23.112761,UN
27,M-1810,item:338929,23.112761,UN
27,M-1810,item:426331,0.25424,UN
27,M-1810,item:693055,9.383781,G
27,SDC-1450,item:021081,0.4023,KG
28,M-1430,item:038005,0.0,KG
28,M-1430,item:042342,0.0,UN
28,M-1430,item:333362,0.0,UN
28,M-1430,item:344135,0.0,UN
28,M-1430,item:708073,0.0,KG
28,M-1430,item:730384,0.0,M
28,M-1430,item:734545,0.0,UN
28,M-1430,item:773474,0.0,G
28,M-1810,item:001757,0.033491,KG
28,M-1810,item:001848,0.025118,KG
28,M-1810,item:001893,0.159082,KG
28,M-1810,item:002612,0.041864,KG
28,M-1810,item:007923,66.982049,G
28,M-1810,item:016332,0.010047,KG
28,M-1810,item:029313,0.000837,KG
28,M-1810,item:039668,0.000837,KG
28,M-1810,item:049371,0.030979,KG
28,M-1810,item:055703,0.001675,KG
28,M-1810,item:099439,0.041864,KG
28,M-1810,item:338928,20.622552,UN
28,M-1810,item:338929,20.622552,UN
28,M-1810,item:426331,0.226848,UN
28,M-1810,item:693055,8.372756,G
28,SDC-1450,item:021081,0.4023,KG
29,M-1430,item:038005,0.163125,KG
29,M-1430,item:042342,562.500117,UN
29,M-1430,item:333362,9.321867,UN
29,M-1430,item:344135,9.321867,UN
29,M-1430,item:708073,0.073922,KG
29,M-1430,item:730384,1.976236,M
29,M-1430,item:734545,0.074575,UN
29,M-1430,item:773474,90.0,G
29,M-1810,item:001757,0.037554,KG
29,M-1810,item:001848,0.028166,KG
29,M-1810,item:001893,0.178382,KG
29,M-1810,item:002612,0.046943,KG
29,M-1810,item:007923,75.10841,G
29,M-1810,item:016332,0.011266,KG
29,M-1810,item:029313,0.000939,KG
29,M-1810,item:039668,0.000939,KG
29,M-1810,item:049371,0.034738,KG
29,M-1810,item:055703,0.001878,KG
29,M-1810,item:099439,0.046943,KG
29,M-1810,item:338928,23.12451,UN
29,M-1810,item:338929,23.12451,UN
29,M-1810,item:426331,0.25437,UN
29,M-1810,item:693055,9.388551,G
29,SDC-1450,item:021081,0.4023,KG
30,M-1430,item:038005,0.163125,KG
30,M-1430,item:042342,562.500117,UN
30,M-1430,item:333362,9.321867,UN
30,M-1430,item:344135,9.321867,UN
30,M-1430,item:708073,0.073922,KG
30,M-1430,item:730384,1.976236,M
30,M-1430,item:734545,0.074575,UN
30,M-1430,item:773474,90.0,G
30,M-1810,item:001757,0.038367,KG
30,M-1810,item:001848,0.028775,KG
30,M-1810,item:001893,0.182242,KG
30,M-1810,item:002612,0.047959,KG
30,M-1810,item:007923,76.733682,G
30,M-1810,item:016332,0.01151,KG
30,M-1810,item:029313,0.000959,KG
30,M-1810,item:039668,0.000959,KG
30,M-1810,item:049371,0.035489,KG
30,M-1810,item:055703,0.001918,KG
30,M-1810,item:099439,0.047959,KG
30,M-1810,item:338928,23.624902,UN
30,M-1810,item:338929,23.624902,UN
30,M-1810,item:426331,0.259874,UN
30,M-1810,item:693055,9.59171,G
30,SDC-1450,item:021081,0.4023,KG
31,M-1430,item:038005,0.081562,KG
31,M-1430,item:042342,281.250058,UN
31,M-1430,item:333362,4.660934,UN
31,M-1430,item:344135,4.660934,UN
31,M-1430,item:708073,0.036961,KG
31,M-1430,item:730384,0.988118,M
31,M-1430,item:734545,0.037287,UN
31,M-1430,item:773474,45.0,G
31,M-1810,item:001757,0.038529,KG
31,M-1810,item:001848,0.028897,KG
31,M-1810,item:001893,0.183014,KG
31,M-1810,item:002612,0.048162,KG
31,M-1810,item:007923,77.058736,G
31,M-1810,item:016332,0.011559,KG
31,M-1810,item:029313,0.000963,KG
31,M-1810,item:039668,0.000963,KG
31,M-1810,item:049371,0.03564,KG
31,M-1810,item:055703,0.001926,KG
31,M-1810,item:099439,0.048162,KG
31,M-1810,item:338928,23.72498,UN
31,M-1810,item:338929,23.72498,UN
31,M-1810,item:426331,0.260975,UN
31,M-1810,item:693055,9.632342,G
31,SDC-1450,item:021081,0.4023,KG
32,M-1430,item:038005,0.0,KG
32,M-1430,item:042342,0.0,UN
32,M-1430,item:333362,0.0,UN
32,M-1430,item:344135,0.0,UN
32,M-1430,item:708073,0.0,KG
32,M-1430,item:730384,0.0,M
32,M-1430,item:734545,0.0,UN
32,M-1430,item:773474,0.0,G
32,M-1810,item:001757,0.038562,KG
32,M-1810,item:001848,0.028921,KG
32,M-1810,item:001893,0.183169,KG
32,M-1810,item:002612,0.048202,KG
32,M-1810,item:007923,77.123747,G
32,M-1810,item:016332,0.011569,KG
32,M-1810,item:029313,0.000964,KG
32,M-1810,item:039668,0.000964,KG
32,M-1810,item:049371,0.03567,KG
32,M-1810,item:055703,0.001928,KG
32,M-1810,item:099439,0.048202,KG
32,M-1810,item:338928,23.744996,UN
32,M-1810,item:338929,23.744996,UN
32,M-1810,item:426331,0.261195,UN
32,M-1810,item:693055,9.640468,G
32,SDC-1450,item:021081,0.4023,KG
33,M-1430,item:038005,0.0,KG
33,M-1430,item:042342,0.0,UN
33,M-1430,item:333362,0.0,UN
33,M-1430,item:344135,0.0,UN
33,M-1430,item:708073,0.0,KG
33,M-1430,item:730384,0.0,M
33,M-1430,item:734545,0.0,UN
33,M-1430,item:773474,0.0,G
33,M-1810,item:001757,0.038568,KG
33,M-1810,item:001848,0.028926,KG
33,M-1810,item:001893,0.1832,KG
33,M-1810,item:002612,0.04821,KG
33,M-1810,item:007923,77.136749,G
33,M-1810,item:016332,0.011571,KG
33,M-1810,item:029313,0.000964,KG
33,M-1810,item:039668,0.000964,KG
33,M-1810,item:049371,0.035676,KG
33,M-1810,item:055703,0.001928,KG
33,M-1810,item:099439,0.04821,KG
33,M-1810,item:338928,23.748999,UN
33,M-1810,item:338929,23.748999,UN
33,M-1810,item:426331,0.261239,UN
33,M-1810,item:693055,9.642094,G
33,SDC-1450,item:021081,0.4023,KG
34,M-1430,item:038005,0.0,KG
34,M-1430,item:042342,0.0,UN
34,M-1430,item:333362,0.0,UN
34,M-1430,item:344135,0.0,UN
34,M-1430,item:708073,0.0,KG
34,M-1430,item:730384,0.0,M
34,M-1430,item:734545,0.0,UN
34,M-1430,item:773474,0.0,G
34,M-1810,item:001757,0.03857,KG
34,M-1810,item:001848,0.028927,KG
34,M-1810,item:001893,0.183206,KG
34,M-1810,item:002612,0.048212,KG
34,M-1810,item:007923,77.13935,G
34,M-1810,item:016332,0.011571,KG
34,M-1810,item:029313,0.000964,KG
34,M-1810,item:039668,0.000964,KG
34,M-1810,item:049371,0.035677,KG
34,M-1810,item:055703,0.001928,KG
34,M-1810,item:099439,0.048212,KG
34,M-1810,item:338928,23.7498,UN
34,M-1810,item:338929,23.7498,UN
34,M-1810,item:426331,0.261248,UN
34,M-1810,item:693055,9.642419,G
34,SDC-1450,item:021081,0.4023,KG
35,M-1430,item:038005,0.081562,KG
35,M-1430,item:042342,281.250058,UN
35,M-1430,item:333362,4.660934,UN
35,M-1430,item:344135,4.660934,UN
35,M-1430,item:708073,0.036961,KG
35,M-1430,item:730384,0.988118,M
35,M-1430,item:734545,0.037287,UN
35,M-1430,item:773474,45.0,G
35,M-1810,item:001757,0.03857,KG
35,M-1810,item:001848,0.028927,KG
35,M-1810,item:001893,0.183207,KG
35,M-1810,item:002612,0.048212,KG
35,M-1810,item:007923,77.13987,G
35,M-1810,item:016332,0.011571,KG
35,M-1810,item:029313,0.000964,KG
35,M-1810,item:039668,0.000964,KG
35,M-1810,item:049371,0.035677,KG
35,M-1810,item:055703,0.001928,KG
35,M-1810,item:099439,0.048212,KG
35,M-1810,item:338928,23.74996,UN
35,M-1810,item:338929,23.74996,UN
35,M-1810,item:426331,0.26125,UN
35,M-1810,item:693055,9.642484,G
35,SDC-1450,item:021081,0.4023,KG
36,M-1430,item:038005,0.081562,KG
36,M-1430,item:042342,281.250058,UN
36,M-1430,item:333362,4.660934,UN
36,M-1430,item:344135,4.660934,UN
36,M-1430,item:708073,0.036961,KG
36,M-1430,item:730384,0.988118,M
36,M-1430,item:734545,0.037287,UN
36,M-1430,item:773474,45.0,G
36,M-1810,item:001757,0.03857,KG
36,M-1810,item:001848,0.028927,KG
36,M-1810,item:001893,0.183207,KG
36,M-1810,item:002612,0.048212,KG
36,M-1810,item:007923,77.139974,G
36,M-1810,item:016332,0.011571,KG
36,M-1810,item:029313,0.000964,KG
36,M-1810,item:039668,0.000964,KG
36,M-1810,item:049371,0.035677,KG
36,M-1810,item:055703,0.001928,KG
36,M-1810,item:099439,0.048212,KG
36,M-1810,item:338928,23.749992,UN
36,M-1810,item:338929,23.749992,UN
36,M-1810,item:426331,0.26125,UN
36,M-1810,item:693055,9.642497,G
36,SDC-1450,item:021081,0.4023,KG
37,M-1430,item:038005,0.0,KG
37,M-1430,item:042342,0.0,UN
37,M-1430,item:333362,0.0,UN
37,M-1430,item:344135,0.0,UN
37,M-1430,item:708073,0.0,KG
37,M-1430,item:730384,0.0,M
37,M-1430,item:734545,0.0,UN
37,M-1430,item:773474,0.0,G
37,M-1810,item:001757,0.03857,KG
37,M-1810,item:001848,0.028927,KG
37,M-1810,item:001893,0.183207,KG
37,M-1810,item:002612,0.048212,KG
37,M-1810,item:007923,77.139995,G
37,M-1810,item:016332,0.011571,KG
37,M-1810,item:029313,0.000964,KG
37,M-1810,item:039668,0.000964,KG
37,M-1810,item:049371,0.035677,KG
37,M-1810,item:055703,0.001928,KG
37,M-1810,item:099439,0.048212,KG
37,M-1810,item:338928,23.749998,UN
37,M-1810,item:338929,23.749998,UN
37,M-1810,item:426331,0.26125,UN
37,M-1810,item:693055,9.642499,G
37,SDC-1450,item:021081,0.4023,KG
38,M-1430,item:038005,0.407812,KG
38,M-1430,item:042342,1406.250291,UN
38,M-1430,item:333362,23.304668,UN
38,M-1430,item:344135,23.304668,UN
38,M-1430,item:708073,0.184806,KG
38,M-1430,item:730384,4.94059,M
38,M-1430,item:734545,0.186437,UN
38,M-1430,item:773474,225.0,G
38,M-1810,item:001757,0.021052,KG
38,M-1810,item:001848,0.015789,KG
38,M-1810,item:001893,0.099999,KG
38,M-1810,item:002612,0.026316,KG
38,M-1810,item:007923,42.104989,G
38,M-1810,item:016332,0.006316,KG
38,M-1810,item:029313,0.000526,KG
38,M-1810,item:039668,0.000526,KG
38,M-1810,item:049371,0.019474,KG
38,M-1810,item:055703,0.001053,KG
38,M-1810,item:099439,0.026316,KG
38,M-1810,item:338928,12.963359,UN
38,M-1810,item:338929,12.963359,UN
38,M-1810,item:426331,0.142597,UN
38,M-1810,item:693055,5.263124,G
38,SDC-1450,item:021081,0.4023,KG
39,M-1430,item:038005,0.081562,KG
39,M-1430,item:042342,281.250058,UN
39,M-1430,item:333362,4.660934,UN
39,M-1430,item:344135,4.660934,UN
39,M-1430,item:708073,0.036961,KG
39,M-1430,item:730384,0.988118,M
39,M-1430,item:734545,0.037287,UN
39,M-1430,item:773474,45.0,G
39,M-1810,item:001757,0.0,KG
39,M-1810,item:001848,0.0,KG
39,M-1810,item:001893,0.0,KG
39,M-1810,item:002612,0.0,KG
39,M-1810,item:007923,0.0,G
39,M-1810,item:016332,0.0,KG
39,M-1810,item:029313,0.0,KG
39,M-1810,item:039668,0.0,KG
39,M-1810,item:049371,0.0,KG
39,M-1810,item:055703,0.0,KG
39,M-1810,item:099439,0.0,KG
39,M-1810,item:338928,0.0,UN
39,M-1810,item:338929,0.0,UN
39,M-1810,item:426331,0.0,UN
39,M-1810,item:693055,0.0,G
39,SDC-1450,item:021081,0.4023,KG
40,M-1430,item:038005,0.0,KG
40,M-1430,item:042342,0.0,UN
40,M-1430,item:333362,0.0,UN
40,M-1430,item:344135,0.0,UN
40,M-1430,item:708073,0.0,KG
40,M-1430,item:730384,0.0,M
40,M-1430,item:734545,0.0,UN
40,M-1430,item:773474,0.0,G
40,M-1810,item:001757,0.03857,KG
40,M-1810,item:001848,0.028927,KG
40,M-1810,item:001893,0.183207,KG
40,M-1810,item:002612,0.048212,KG
40,M-1810,item:007923,77.14,G
40,M-1810,item:016332,0.011571,KG
40,M-1810,item:029313,0.000964,KG
40,M-1810,item:039668,0.000964,KG
40,M-1810,item:049371,0.035677,KG
40,M-1810,item:055703,0.001928,KG
40,M-1810,item:099439,0.048212,KG
40,M-1810,item:338928,23.75,UN
40,M-1810,item:338929,23.75,UN
40,M-1810,item:426331,0.26125,UN
40,M-1810,item:693055,9.6425,G
40,SDC-1450,item:021081,0.4023,KG
41,M-1430,item:038005,0.0,KG
41,M-1430,item:042342,0.0,UN
41,M-1430,item:333362,0.0,UN
41,M-1430,item:344135,0.0,UN
41,M-1430,item:708073,0.0,KG
41,M-1430,item:730384,0.0,M
41,M-1430,item:734545,0.0,UN
41,M-1430,item:773474,0.0,G
41,M-1810,item:001757,0.03857,KG
41,M-1810,item:001848,0.028927,KG
41,M-1810,item:001893,0.183207,KG
41,M-1810,item:002612,0.048212,KG
41,M-1810,item:007923,77.14,G
41,M-1810,item:016332,0.011571,KG
41,M-1810,item:029313,0.000964,KG
41,M-1810,item:039668,0.000964,KG
41,M-1810,item:049371,0.035677,KG
41,M-1810,item:055703,0.001928,KG
41,M-1810,item:099439,0.048212,KG
41,M-1810,item:338928,23.75,UN
41,M-1810,item:338929,23.75,UN
41,M-1810,item:426331,0.26125,UN
41,M-1810,item:693055,9.6425,G
41,SDC-1450,item:021081,0.4023,KG
42,M-1430,item:038005,0.081562,KG
42,M-1430,item:042342,281.250058,UN
42,M-1430,item:333362,4.660934,UN
42,M-1430,item:344135,4.660934,UN
42,M-1430,item:708073,0.036961,KG
42,M-1430,item:730384,0.988118,M
42,M-1430,item:734545,0.037287,UN
42,M-1430,item:773474,45.0,G
42,M-1810,item:001757,0.03857,KG
42,M-1810,item:001848,0.028927,KG
42,M-1810,item:001893,0.183207,KG
42,M-1810,item:002612,0.048212,KG
42,M-1810,item:007923,77.14,G
42,M-1810,item:016332,0.011571,KG
42,M-1810,item:029313,0.000964,KG
42,M-1810,item:039668,0.000964,KG
42,M-1810,item:049371,0.035677,KG
42,M-1810,item:055703,0.001928,KG
42,M-1810,item:099439,0.048212,KG
42,M-1810,item:338928,23.75,UN
42,M-1810,item:338929,23.75,UN
42,M-1810,item:426331,0.26125,UN
42,M-1810,item:693055,9.6425,G
42,SDC-1450,item:021081,0.4023,KG
43,M-1430,item:038005,0.0,KG
43,M-1430,item:042342,0.0,UN
43,M-1430,item:333362,0.0,UN
43,M-1430,item:344135,0.0,UN
43,M-1430,item:708073,0.0,KG
43,M-1430,item:730384,0.0,M
43,M-1430,item:734545,0.0,UN
43,M-1430,item:773474,0.0,G
43,M-1810,item:001757,0.03857,KG
43,M-1810,item:001848,0.028927,KG
43,M-1810,item:001893,0.183207,KG
43,M-1810,item:002612,0.048212,KG
43,M-1810,item:007923,77.14,G
43,M-1810,item:016332,0.011571,KG
43,M-1810,item:029313,0.000964,KG
43,M-1810,item:039668,0.000964,KG
43,M-1810,item:049371,0.035677,KG
43,M-1810,item:055703,0.001928,KG
43,M-1810,item:099439,0.048212,KG
43,M-1810,item:338928,23.75,UN
43,M-1810,item:338929,23.75,UN
43,M-1810,item:426331,0.26125,UN
43,M-1810,item:693055,9.6425,G
43,SDC-1450,item:021081,0.4023,KG
44,M-1430,item:038005,0.0,KG
44,M-1430,item:042342,0.0,UN
44,M-1430,item:333362,0.0,UN
44,M-1430,item:344135,0.0,UN
44,M-1430,item:708073,0.0,KG
44,M-1430,item:730384,0.0,M
44,M-1430,item:734545,0.0,UN
44,M-1430,item:773474,0.0,G
44,M-1810,item:001757,0.03857,KG
44,M-1810,item:001848,0.028927,KG
44,M-1810,item:001893,0.183207,KG
44,M-1810,item:002612,0.048212,KG
44,M-1810,item:007923,77.14,G
44,M-1810,item:016332,0.011571,KG
44,M-1810,item:029313,0.000964,KG
44,M-1810,item:039668,0.000964,KG
44,M-1810,item:049371,0.035677,KG
44,M-1810,item:055703,0.001928,KG
44,M-1810,item:099439,0.048212,KG
44,M-1810,item:338928,23.75,UN
44,M-1810,item:338929,23.75,UN
44,M-1810,item:426331,0.26125,UN
44,M-1810,item:693055,9.6425,G
44,SDC-1450,item:021081,0.4023,KG
45,M-1430,item:038005,0.0,KG
45,M-1430,item:042342,0.0,UN
45,M-1430,item:333362,0.0,UN
45,M-1430,item:344135,0.0,UN
45,M-1430,item:708073,0.0,KG
45,M-1430,item:730384,0.0,M
45,M-1430,item:734545,0.0,UN
45,M-1430,item:773474,0.0,G
45,M-1810,item:001757,0.03857,KG
45,M-1810,item:001848,0.028927,KG
45,M-1810,item:001893,0.183207,KG
45,M-1810,item:002612,0.048212,KG
45,M-1810,item:007923,77.14,G
45,M-1810,item:016332,0.011571,KG
45,M-1810,item:029313,0.000964,KG
45,M-1810,item:039668,0.000964,KG
45,M-1810,item:049371,0.035677,KG
45,M-1810,item:055703,0.001928,KG
45,M-1810,item:099439,0.048212,KG
45,M-1810,item:338928,23.75,UN
45,M-1810,item:338929,23.75,UN
45,M-1810,item:426331,0.26125,UN
45,M-1810,item:693055,9.6425,G
45,SDC-1450,item:021081,0.4023,KG
46,M-1430,item:038005,0.163125,KG
46,M-1430,item:042342,562.500117,UN
46,M-1430,item:333362,9.321867,UN
46,M-1430,item:344135,9.321867,UN
46,M-1430,item:708073,0.073922,KG
46,M-1430,item:730384,1.976236,M
46,M-1430,item:734545,0.074575,UN
46,M-1430,item:773474,90.0,G
46,M-1810,item:001757,0.03857,KG
46,M-1810,item:001848,0.028927,KG
46,M-1810,item:001893,0.183207,KG
46,M-1810,item:002612,0.048212,KG
46,M-1810,item:007923,77.14,G
46,M-1810,item:016332,0.011571,KG
46,M-1810,item:029313,0.000964,KG
46,M-1810,item:039668,0.000964,KG
46,M-1810,item:049371,0.035677,KG
46,M-1810,item:055703,0.001928,KG
46,M-1810,item:099439,0.048212,KG
46,M-1810,item:338928,23.75,UN
46,M-1810,item:338929,23.75,UN
46,M-1810,item:426331,0.26125,UN
46,M-1810,item:693055,9.6425,G
46,SDC-1450,item:021081,0.4023,KG
47,M-1430,item:038005,0.163125,KG
47,M-1430,item:042342,562.500117,UN
47,M-1430,item:333362,9.321867,UN
47,M-1430,item:344135,9.321867,UN
47,M-1430,item:708073,0.073922,KG
47,M-1430,item:730384,1.976236,M
47,M-1430,item:734545,0.074575,UN
47,M-1430,item:773474,90.0,G
47,M-1810,item:001757,0.018375,KG
47,M-1810,item:001848,0.013782,KG
47,M-1810,item:001893,0.087283,KG
47,M-1810,item:002612,0.022969,KG
47,M-1810,item:007923,36.750909,G
47,M-1810,item:016332,0.005513,KG
47,M-1810,item:029313,0.000459,KG
47,M-1810,item:039668,0.000459,KG
47,M-1810,item:049371,0.016997,KG
47,M-1810,item:055703,0.000919,KG
47,M-1810,item:099439,0.022969,KG
47,M-1810,item:338928,11.314935,UN
47,M-1810,item:338929,11.314935,UN
47,M-1810,item:426331,0.124464,UN
47,M-1810,item:693055,4.593864,G
47,SDC-1450,item:021081,0.4023,KG
48,M-1430,item:038005,0.163125,KG
48,M-1430,item:042342,562.500117,UN
48,M-1430,item:333362,9.321867,UN
48,M-1430,item:344135,9.321867,UN
48,M-1430,item:708073,0.073922,KG
48,M-1430,item:730384,1.976236,M
48,M-1430,item:734545,0.074575,UN
48,M-1430,item:773474,90.0,G
48,M-1810,item:001757,0.0,KG
48,M-1810,item:001848,0.0,KG
48,M-1810,item:001893,0.0,KG
48,M-1810,item:002612,0.0,KG
48,M-1810,item:007923,0.0,G
48,M-1810,item:016332,0.0,KG
48,M-1810,item:029313,0.0,KG
48,M-1810,item:039668,0.0,KG
48,M-1810,item:049371,0.0,KG
48,M-1810,item:055703,0.0,KG
48,M-1810,item:099439,0.0,KG
48,M-1810,item:338928,0.0,UN
48,M-1810,item:338929,0.0,UN
48,M-1810,item:426331,0.0,UN
48,M-1810,item:693055,0.0,G
48,SDC-1450,item:021081,0.4023,KG
49,M-1430,item:038005,0.0,KG
49,M-1430,item:042342,0.0,UN
49,M-1430,item:333362,0.0,UN
49,M-1430,item:344135,0.0,UN
49,M-1430,item:708073,0.0,KG
49,M-1430,item:730384,0.0,M
49,M-1430,item:734545,0.0,UN
49,M-1430,item:773474,0.0,G
49,M-1810,item:001757,0.0,KG
49,M-1810,item:001848,0.0,KG
49,M-1810,item:001893,0.0,KG
49,M-1810,item:002612,0.0,KG
49,M-1810,item:007923,0.0,G
49,M-1810,item:016332,0.0,KG
49,M-1810,item:029313,0.0,KG
49,M-1810,item:039668,0.0,KG
49,M-1810,item:049371,0.0,KG
49,M-1810,item:055703,0.0,KG
49,M-1810,item:099439,0.0,KG
49,M-1810,item:338928,0.0,UN
49,M-1810,item:338929,0.0,UN
49,M-1810,item:426331,0.0,UN
49,M-1810,item:693055,0.0,G
49,SDC-1450,item:021081,0.4023,KG
50,M-1430,item:038005,0.081562,KG
50,M-1430,item:042342,281.250058,UN
50,M-1430,item:333362,4.660934,UN
50,M-1430,item:344135,4.660934,UN
50,M-1430,item:708073,0.036961,KG
50,M-1430,item:730384,0.988118,M
50,M-1430,item:734545,0.037287,UN
50,M-1430,item:773474,45.0,G
50,M-1810,item:001757,0.0,KG
50,M-1810,item:001848,0.0,KG
50,M-1810,item:001893,0.0,KG
50,M-1810,item:002612,0.0,KG
50,M-1810,item:007923,0.0,G
50,M-1810,item:016332,0.0,KG
50,M-1810,item:029313,0.0,KG
50,M-1810,item:039668,0.0,KG
50,M-1810,item:049371,0.0,KG
50,M-1810,item:055703,0.0,KG
50,M-1810,item:099439,0.0,KG
50,M-1810,item:338928,0.0,UN
50,M-1810,item:338929,0.0,UN
50,M-1810,item:426331,0.0,UN
50,M-1810,item:693055,0.0,G
50,SDC-1450,item:021081,0.4023,KG
51,M-1430,item:038005,0.244687,KG
51,M-1430,item:042342,843.750175,UN
51,M-1430,item:333362,13.982801,UN
51,M-1430,item:344135,13.982801,UN
51,M-1430,item:708073,0.110884,KG
51,M-1430,item:730384,2.964354,M
51,M-1430,item:734545,0.111862,UN
51,M-1430,item:773474,135.0,G
51,M-1810,item:001757,0.03857,KG
51,M-1810,item:001848,0.028927,KG
51,M-1810,item:001893,0.183207,KG
51,M-1810,item:002612,0.048212,KG
51,M-1810,item:007923,77.14,G
51,M-1810,item:016332,0.011571,KG
51,M-1810,item:029313,0.000964,KG
51,M-1810,item:039668,0.000964,KG
51,M-1810,item:049371,0.035677,KG
51,M-1810,item:055703,0.001929,KG
51,M-1810,item:099439,0.048212,KG
51,M-1810,item:338928,23.75,UN
51,M-1810,item:338929,23.75,UN
51,M-1810,item:426331,0.26125,UN
51,M-1810,item:693055,9.6425,G
51,SDC-1450,item:021081,0.4023,KG
52,M-1430,item:038005,0.244687,KG
52,M-1430,item:042342,843.750175,UN
52,M-1430,item:333362,13.982801,UN
52,M-1430,item:344135,13.982801,UN
52,M-1430,item:708073,0.110884,KG
52,M-1430,item:730384,2.964354,M
52,M-1430,item:734545,0.111862,UN
52,M-1430,item:773474,135.0,G
52,M-1810,item:001757,0.03857,KG
52,M-1810,item:001848,0.028927,KG
52,M-1810,item:001893,0.183207,KG
52,M-1810,item:002612,0.048212,KG
52,M-1810,item:007923,77.14,G
52,M-1810,item:016332,0.011571,KG
52,M-1810,item:029313,0.000964,KG
52,M-1810,item:039668,0.000964,KG
52,M-1810,item:049371,0.035677,KG
52,M-1810,item:055703,0.001929,KG
52,M-1810,item:099439,0.048212,KG
52,M-1810,item:338928,23.75,UN
52,M-1810,item:338929,23.75,UN
52,M-1810,item:426331,0.26125,UN
52,M-1810,item:693055,9.6425,G
52,SDC-1450,item:021081,0.4023,KG
53,M-1430,item:038005,0.0,KG
53,M-1430,item:042342,0.0,UN
53,M-1430,item:333362,0.0,UN
53,M-1430,item:344135,0.0,UN
53,M-1430,item:708073,0.0,KG
53,M-1430,item:730384,0.0,M
53,M-1430,item:734545,0.0,UN
53,M-1430,item:773474,0.0,G
53,M-1810,item:001757,0.002595,KG
53,M-1810,item:001848,0.001946,KG
53,M-1810,item:001893,0.012324,KG
53,M-1810,item:002612,0.003243,KG
53,M-1810,item:007923,5.189091,G
53,M-1810,item:016332,0.000778,KG
53,M-1810,item:029313,6.5e-05,KG
53,M-1810,item:039668,6.5e-05,KG
53,M-1810,item:049371,0.0024,KG
53,M-1810,item:055703,0.00013,KG
53,M-1810,item:099439,0.003243,KG
53,M-1810,item:338928,1.597627,UN
53,M-1810,item:338929,1.597627,UN
53,M-1810,item:426331,0.017574,UN
53,M-1810,item:693055,0.648636,G
53,SDC-1450,item:021081,0.4023,KG
54,M-1430,item:038005,0.081562,KG
54,M-1430,item:042342,281.250058,UN
54,M-1430,item:333362,4.660934,UN
54,M-1430,item:344135,4.660934,UN
54,M-1430,item:708073,0.036961,KG
54,M-1430,item:730384,0.988118,M
54,M-1430,item:734545,0.037287,UN
54,M-1430,item:773474,45.0,G
54,M-1810,item:001757,0.0,KG
54,M-1810,item:001848,0.0,KG
54,M-1810,item:001893,0.0,KG
54,M-1810,item:002612,0.0,KG
54,M-1810,item:007923,0.0,G
54,M-1810,item:016332,0.0,KG
54,M-1810,item:029313,0.0,KG
54,M-1810,item:039668,0.0,KG
54,M-1810,item:049371,0.0,KG
54,M-1810,item:055703,0.0,KG
54,M-1810,item:099439,0.0,KG
54,M-1810,item:338928,0.0,UN
54,M-1810,item:338929,0.0,UN
54,M-1810,item:426331,0.0,UN
54,M-1810,item:693055,0.0,G
54,SDC-1450,item:021081,0.4023,KG
55,M-1430,item:038005,0.163125,KG
55,M-1430,item:042342,562.500117,UN
55,M-1430,item:333362,9.321867,UN
55,M-1430,item:344135,9.321867,UN
55,M-1430,item:708073,0.073922,KG
55,M-1430,item:730384,1.976236,M
55,M-1430,item:734545,0.074575,UN
55,M-1430,item:773474,90.0,G
55,M-1810,item:001757,0.0,KG
55,M-1810,item:001848,0.0,KG
55,M-1810,item:001893,0.0,KG
55,M-1810,item:002612,0.0,KG
55,M-1810,item:007923,0.0,G
55,M-1810,item:016332,0.0,KG
55,M-1810,item:029313,0.0,KG
55,M-1810,item:039668,0.0,KG
55,M-1810,item:049371,0.0,KG
55,M-1810,item:055703,0.0,KG
55,M-1810,item:099439,0.0,KG
55,M-1810,item:338928,0.0,UN
55,M-1810,item:338929,0.0,UN
55,M-1810,item:426331,0.0,UN
55,M-1810,item:693055,0.0,G
55,SDC-1450,item:021081,0.4023,KG
56,M-1430,item:038005,0.081562,KG
56,M-1430,item:042342,281.250058,UN
56,M-1430,item:333362,4.660934,UN
56,M-1430,item:344135,4.660934,UN
56,M-1430,item:708073,0.036961,KG
56,M-1430,item:730384,0.988118,M
56,M-1430,item:734545,0.037287,UN
56,M-1430,item:773474,45.0,G
56,M-1810,item:001757,0.0,KG
56,M-1810,item:001848,0.0,KG
56,M-1810,item:001893,0.0,KG
56,M-1810,item:002612,0.0,KG
56,M-1810,item:007923,0.0,G
56,M-1810,item:016332,0.0,KG
56,M-1810,item:029313,0.0,KG
56,M-1810,item:039668,0.0,KG
56,M-1810,item:049371,0.0,KG
56,M-1810,item:055703,0.0,KG
56,M-1810,item:099439,0.0,KG
56,M-1810,item:338928,0.0,UN
56,M-1810,item:338929,0.0,UN
56,M-1810,item:426331,0.0,UN
56,M-1810,item:693055,0.0,G
56,SDC-1450,item:021081,0.4023,KG
57,M-1430,item:038005,0.081562,KG
57,M-1430,item:042342,281.250058,UN
57,M-1430,item:333362,4.660934,UN
57,M-1430,item:344135,4.660934,UN
57,M-1430,item:708073,0.036961,KG
57,M-1430,item:730384,0.988118,M
57,M-1430,item:734545,0.037287,UN
57,M-1430,item:773474,45.0,G
57,M-1810,item:001757,0.0,KG
57,M-1810,item:001848,0.0,KG
57,M-1810,item:001893,0.0,KG
57,M-1810,item:002612,0.0,KG
57,M-1810,item:007923,0.0,G
57,M-1810,item:016332,0.0,KG
57,M-1810,item:029313,0.0,KG
57,M-1810,item:039668,0.0,KG
57,M-1810,item:049371,0.0,KG
57,M-1810,item:055703,0.0,KG
57,M-1810,item:099439,0.0,KG
57,M-1810,item:338928,0.0,UN
57,M-1810,item:338929,0.0,UN
57,M-1810,item:426331,0.0,UN
57,M-1810,item:693055,0.0,G
57,SDC-1450,item:021081,0.4023,KG
58,M-1430,item:038005,0.163125,KG
58,M-1430,item:042342,562.500117,UN
58,M-1430,item:333362,9.321867,UN
58,M-1430,item:344135,9.321867,UN
58,M-1430,item:708073,0.073922,KG
58,M-1430,item:730384,1.976236,M
58,M-1430,item:734545,0.074575,UN
58,M-1430,item:773474,90.0,G
58,M-1810,item:001757,0.0,KG
58,M-1810,item:001848,0.0,KG
58,M-1810,item:001893,0.0,KG
58,M-1810,item:002612,0.0,KG
58,M-1810,item:007923,0.0,G
58,M-1810,item:016332,0.0,KG
58,M-1810,item:029313,0.0,KG
58,M-1810,item:039668,0.0,KG
58,M-1810,item:049371,0.0,KG
58,M-1810,item:055703,0.0,KG
58,M-1810,item:099439,0.0,KG
58,M-1810,item:338928,0.0,UN
58,M-1810,item:338929,0.0,UN
58,M-1810,item:426331,0.0,UN
58,M-1810,item:693055,0.0,G
58,SDC-1450,item:021081,0.4023,KG
59,M-1430,item:038005,0.04301,KG
59,M-1430,item:042342,148.309368,UN
59,M-1430,item:333362,2.457813,UN
59,M-1430,item:344135,2.457813,UN
59,M-1430,item:708073,0.01949,KG
59,M-1430,item:730384,0.521056,M
59,M-1430,item:734545,0.019663,UN
59,M-1430,item:773474,23.729494,G
59,M-1810,item:001757,0.0,KG
59,M-1810,item:001848,0.0,KG
59,M-1810,item:001893,0.0,KG
59,M-1810,item:002612,0.0,KG
59,M-1810,item:007923,0.0,G
59,M-1810,item:016332,0.0,KG
59,M-1810,item:029313,0.0,KG
59,M-1810,item:039668,0.0,KG
59,M-1810,item:049371,0.0,KG
59,M-1810,item:055703,0.0,KG
59,M-1810,item:099439,0.0,KG
59,M-1810,item:338928,0.0,UN
59,M-1810,item:338929,0.0,UN
59,M-1810,item:426331,0.0,UN
59,M-1810,item:693055,0.0,G
59,SDC-1450,item:021081,0.4023,KG
