category,node_id,item_id,edge_id,source,payload_json
data_quality_override,M-1430,item:708073,edge:SDC-VD0520115A_TO_M-1430_708073,simulation_lane_standard_order_qty_override,"{""dst_node_id"": ""M-1430"", ""item_id"": ""item:708073"", ""note"": ""overridden from 5e+06 g-equivalent to 5000 KG because this source lot is interpreted as grams, not kilograms"", ""src_node_id"": ""SDC-VD0520115A"", ""standard_order_qty"": 5000.0, ""standard_order_uom"": ""KG""}"
mrp_safety_policy,C-XXXXX,item:268091,,stocks_mrp_or_override,"{""item_id"": ""item:268091"", ""node_id"": ""C-XXXXX"", ""safety_stock_qty"": 0.0, ""safety_time_days"": 0.0}"
mrp_safety_policy,C-XXXXX,item:268967,,stocks_mrp_or_override,"{""item_id"": ""item:268967"", ""node_id"": ""C-XXXXX"", ""safety_stock_qty"": 0.0, ""safety_time_days"": 0.0}"
mrp_safety_policy,DC-1920,item:268091,,stocks_mrp_or_override,"{""item_id"": ""item:268091"", ""node_id"": ""DC-1920"", ""safety_stock_qty"": 0.0, ""safety_time_days"": 20.0}"
mrp_safety_policy,DC-1920,item:268967,,stocks_mrp_or_override,"{""item_id"": ""item:268967"", ""node_id"": ""DC-1920"", ""safety_stock_qty"": 0.0, ""safety_time_days"": 25.0}"
mrp_safety_policy,M-1430,item:038005,,stocks_mrp_or_override,"{""item_id"": ""item:038005"", ""node_id"": ""M-1430"", ""safety_stock_qty"": 0.0, ""safety_time_days"": 20.0}"
mrp_safety_policy,M-1430,item:042342,,stocks_mrp_or_override,"{""item_id"": ""item:042342"", ""node_id"": ""M-1430"", ""safety_stock_qty"": 0.0, ""safety_time_days"": 5.0}"
mrp_safety_policy,M-1430,item:268967,,stocks_mrp_or_override,"{""item_id"": ""item:268967"", ""node_id"": ""M-1430"", ""safety_stock_qty"": 0.0, ""safety_time_days"": 0.0}"
mrp_safety_policy,M-1430,item:333362,,stocks_mrp_or_override,"{""item_id"": ""item:333362"", ""node_id"": ""M-1430"", ""safety_stock_qty"": 110000.0, ""safety_time_days"": 10.0}"
mrp_safety_policy,M-1430,item:344135,,stocks_mrp_or_override,"{""item_id"": ""item:344135"", ""node_id"": ""M-1430"", ""safety_stock_qty"": 0.0, ""safety_time_days"": 10.0}"
mrp_safety_policy,M-1430,item:708073,,stocks_mrp_or_override,"{""item_id"": ""item:708073"", ""node_id"": ""M-1430"", ""safety_stock_qty"": 2000.0, ""safety_time_days"": 10.0}"
mrp_safety_policy,M-1430,item:730384,,stocks_mrp_or_override,"{""item_id"": ""item:730384"", ""node_id"": ""M-1430"", ""safety_stock_qty"": 23500.0, ""safety_time_days"": 10.0}"
mrp_safety_policy,M-1430,item:734545,,stocks_mrp_or_override,"{""item_id"": ""item:734545"", ""node_id"": ""M-1430"", ""safety_stock_qty"": 0.0, ""safety_time_days"": 10.0}"
mrp_safety_policy,M-1430,item:773474,,stocks_mrp_or_override,"{""item_id"": ""item:773474"", ""node_id"": ""M-1430"", ""safety_stock_qty"": 0.0, ""safety_time_days"": 20.0}"
mrp_safety_policy,M-1810,item:001757,,stocks_mrp_or_override,"{""item_id"": ""item:001757"", ""node_id"": ""M-1810"", ""safety_stock_qty"": 0.0, ""safety_time_days"": 20.0}"
mrp_safety_policy,M-1810,item:001848,,stocks_mrp_or_override,"{""item_id"": ""item:001848"", ""node_id"": ""M-1810"", ""safety_stock_qty"": 0.0, ""safety_time_days"": 20.0}"
mrp_safety_policy,M-1810,item:001893,,stocks_mrp_or_override,"{""item_id"": ""item:001893"", ""node_id"": ""M-1810"", ""safety_stock_qty"": 0.0, ""safety_time_days"": 15.0}"
mrp_safety_policy,M-1810,item:002612,,stocks_mrp_or_override,"{""item_id"": ""item:002612"", ""node_id"": ""M-1810"", ""safety_stock_qty"": 0.0, ""safety_time_days"": 20.0}"
mrp_safety_policy,M-1810,item:007923,,stocks_mrp_or_override,"{""item_id"": ""item:007923"", ""node_id"": ""M-1810"", ""safety_stock_qty"": 0.0, ""safety_time_days"": 15.0}"
mrp_safety_policy,M-1810,item:016332,,stocks_mrp_or_override,"{""item_id"": ""item:016332"", ""node_id"": ""M-1810"", ""safety_stock_qty"": 0.0, ""safety_time_days"": 7.0}"
mrp_safety_policy,M-1810,item:029313,,stocks_mrp_or_override,"{""item_id"": ""item:029313"", ""node_id"": ""M-1810"", ""safety_stock_qty"": 0.0, ""safety_time_days"": 7.0}"
mrp_safety_policy,M-1810,item:039668,,stocks_mrp_or_override,"{""item_id"": ""item:039668"", ""node_id"": ""M-1810"", ""safety_stock_qty"": 0.0, ""safety_time_days"": 7.0}"
mrp_safety_policy,M-1810,item:049371,,stocks_mrp_or_override,"{""item_id"": ""item:049371"", ""node_id"": ""M-1810"", ""safety_stock_qty"": 888.0, ""safety_time_days"": 40.0}"
mrp_safety_policy,M-1810,item:055703,,stocks_mrp_or_override,"{""item_id"": ""item:055703"", ""node_id"": ""M-1810"", ""safety_stock_qty"": 0.0, ""safety_time_days"": 30.0}"
mrp_safety_policy,M-1810,item:099439,,stocks_mrp_or_override,"{""item_id"": ""item:099439"", ""node_id"": ""M-1810"", ""safety_stock_qty"": 0.0, ""safety_time_days"": 7.0}"
mrp_safety_policy,M-1810,item:268091,,stocks_mrp_or_override,"{""item_id"": ""item:268091"", ""node_id"": ""M-1810"", ""safety_stock_qty"": 0.0, ""safety_time_days"": 0.0}"
mrp_safety_policy,M-1810,item:338928,,stocks_mrp_or_override,"{""item_id"": ""item:338928"", ""node_id"": ""M-1810"", ""safety_stock_qty"": 0.0, ""safety_time_days"": 10.0}"
mrp_safety_policy,M-1810,item:338929,,stocks_mrp_or_override,"{""item_id"": ""item:338929"", ""node_id"": ""M-1810"", ""safety_stock_qty"": 0.0, ""safety_time_days"": 10.0}"
mrp_safety_policy,M-1810,item:426331,,stocks_mrp_or_override,"{""item_id"": ""item:426331"", ""node_id"": ""M-1810"", ""safety_stock_qty"": 0.0, ""safety_time_days"": 7.0}"
mrp_safety_policy,M-1810,item:693055,,stocks_mrp_or_override,"{""item_id"": ""item:693055"", ""node_id"": ""M-1810"", ""safety_stock_qty"": 0.0, ""safety_time_days"": 20.0}"
mrp_safety_policy,SDC-1450,item:021081,,stocks_mrp_or_override,"{""item_id"": ""item:021081"", ""node_id"": ""SDC-1450"", ""safety_stock_qty"": 900000.0, ""safety_time_days"": 0.0}"
mrp_safety_policy,SDC-1450,item:693055,,stocks_mrp_or_override,"{""item_id"": ""item:693055"", ""node_id"": ""SDC-1450"", ""safety_stock_qty"": 0.0, ""safety_time_days"": 0.0}"
mrp_safety_policy,SDC-1450,item:773474,,stocks_mrp_or_override,"{""item_id"": ""item:773474"", ""node_id"": ""SDC-1450"", ""safety_stock_qty"": 0.0, ""safety_time_days"": 0.0}"
mrp_safety_policy,SDC-VD0500655A,item:002612,,stocks_mrp_or_override,"{""item_id"": ""item:002612"", ""node_id"": ""SDC-VD0500655A"", ""safety_stock_qty"": 0.0, ""safety_time_days"": 0.0}"
mrp_safety_policy,SDC-VD0505677A,item:099439,,stocks_mrp_or_override,"{""item_id"": ""item:099439"", ""node_id"": ""SDC-VD0505677A"", ""safety_stock_qty"": 0.0, ""safety_time_days"": 0.0}"
mrp_safety_policy,SDC-VD0508918A,item:730384,,stocks_mrp_or_override,"{""item_id"": ""item:730384"", ""node_id"": ""SDC-VD0508918A"", ""safety_stock_qty"": 0.0, ""safety_time_days"": 0.0}"
mrp_safety_policy,SDC-VD0514881A,item:016332,,stocks_mrp_or_override,"{""item_id"": ""item:016332"", ""node_id"": ""SDC-VD0514881A"", ""safety_stock_qty"": 0.0, ""safety_time_days"": 0.0}"
mrp_safety_policy,SDC-VD0518684A,item:001893,,stocks_mrp_or_override,"{""item_id"": ""item:001893"", ""node_id"": ""SDC-VD0518684A"", ""safety_stock_qty"": 0.0, ""safety_time_days"": 0.0}"
mrp_safety_policy,SDC-VD0519670A,item:001848,,stocks_mrp_or_override,"{""item_id"": ""item:001848"", ""node_id"": ""SDC-VD0519670A"", ""safety_stock_qty"": 0.0, ""safety_time_days"": 0.0}"
mrp_safety_policy,SDC-VD0519670A,item:029313,,stocks_mrp_or_override,"{""item_id"": ""item:029313"", ""node_id"": ""SDC-VD0519670A"", ""safety_stock_qty"": 0.0, ""safety_time_days"": 0.0}"
mrp_safety_policy,SDC-VD0520115A,item:708073,,stocks_mrp_or_override,"{""item_id"": ""item:708073"", ""node_id"": ""SDC-VD0520115A"", ""safety_stock_qty"": 0.0, ""safety_time_days"": 0.0}"
mrp_safety_policy,SDC-VD0520132A,item:038005,,stocks_mrp_or_override,"{""item_id"": ""item:038005"", ""node_id"": ""SDC-VD0520132A"", ""safety_stock_qty"": 0.0, ""safety_time_days"": 0.0}"
mrp_safety_policy,SDC-VD0520132A,item:049371,,stocks_mrp_or_override,"{""item_id"": ""item:049371"", ""node_id"": ""SDC-VD0520132A"", ""safety_stock_qty"": 0.0, ""safety_time_days"": 0.0}"
mrp_safety_policy,SDC-VD0525412A,item:333362,,stocks_mrp_or_override,"{""item_id"": ""item:333362"", ""node_id"": ""SDC-VD0525412A"", ""safety_stock_qty"": 0.0, ""safety_time_days"": 0.0}"
mrp_safety_policy,SDC-VD0901566A,item:338928,,stocks_mrp_or_override,"{""item_id"": ""item:338928"", ""node_id"": ""SDC-VD0901566A"", ""safety_stock_qty"": 0.0, ""safety_time_days"": 0.0}"
mrp_safety_policy,SDC-VD0910216A,item:001893,,stocks_mrp_or_override,"{""item_id"": ""item:001893"", ""node_id"": ""SDC-VD0910216A"", ""safety_stock_qty"": 0.0, ""safety_time_days"": 0.0}"
mrp_safety_policy,SDC-VD0910216A,item:002612,,stocks_mrp_or_override,"{""item_id"": ""item:002612"", ""node_id"": ""SDC-VD0910216A"", ""safety_stock_qty"": 0.0, ""safety_time_days"": 0.0}"
mrp_safety_policy,SDC-VD0914320A,item:055703,,stocks_mrp_or_override,"{""item_id"": ""item:055703"", ""node_id"": ""SDC-VD0914320A"", ""safety_stock_qty"": 0.0, ""safety_time_days"": 0.0}"
mrp_safety_policy,SDC-VD0914360C,item:338929,,stocks_mrp_or_override,"{""item_id"": ""item:338929"", ""node_id"": ""SDC-VD0914360C"", ""safety_stock_qty"": 0.0, ""safety_time_days"": 0.0}"
mrp_safety_policy,SDC-VD0914690A,item:042342,,stocks_mrp_or_override,"{""item_id"": ""item:042342"", ""node_id"": ""SDC-VD0914690A"", ""safety_stock_qty"": 0.0, ""safety_time_days"": 0.0}"
mrp_safety_policy,SDC-VD0949099A,item:021081,,stocks_mrp_or_override,"{""item_id"": ""item:021081"", ""node_id"": ""SDC-VD0949099A"", ""safety_stock_qty"": 0.0, ""safety_time_days"": 0.0}"
mrp_safety_policy,SDC-VD0951020A,item:001757,,stocks_mrp_or_override,"{""item_id"": ""item:001757"", ""node_id"": ""SDC-VD0951020A"", ""safety_stock_qty"": 0.0, ""safety_time_days"": 0.0}"
mrp_safety_policy,SDC-VD0951020A,item:001848,,stocks_mrp_or_override,"{""item_id"": ""item:001848"", ""node_id"": ""SDC-VD0951020A"", ""safety_stock_qty"": 0.0, ""safety_time_days"": 0.0}"
mrp_safety_policy,SDC-VD0951020A,item:007923,,stocks_mrp_or_override,"{""item_id"": ""item:007923"", ""node_id"": ""SDC-VD0951020A"", ""safety_stock_qty"": 0.0, ""safety_time_days"": 0.0}"
mrp_safety_policy,SDC-VD0956464A,item:007923,,stocks_mrp_or_override,"{""item_id"": ""item:007923"", ""node_id"": ""SDC-VD0956464A"", ""safety_stock_qty"": 0.0, ""safety_time_days"": 0.0}"
mrp_safety_policy,SDC-VD0960508A,item:021081,,stocks_mrp_or_override,"{""item_id"": ""item:021081"", ""node_id"": ""SDC-VD0960508A"", ""safety_stock_qty"": 0.0, ""safety_time_days"": 0.0}"
mrp_safety_policy,SDC-VD0964290A,item:055703,,stocks_mrp_or_override,"{""item_id"": ""item:055703"", ""node_id"": ""SDC-VD0964290A"", ""safety_stock_qty"": 0.0, ""safety_time_days"": 0.0}"
mrp_safety_policy,SDC-VD0972460A,item:021081,,stocks_mrp_or_override,"{""item_id"": ""item:021081"", ""node_id"": ""SDC-VD0972460A"", ""safety_stock_qty"": 0.0, ""safety_time_days"": 0.0}"
mrp_safety_policy,SDC-VD0975221A,item:021081,,stocks_mrp_or_override,"{""item_id"": ""item:021081"", ""node_id"": ""SDC-VD0975221A"", ""safety_stock_qty"": 0.0, ""safety_time_days"": 0.0}"
mrp_safety_policy,SDC-VD0989480A,item:426331,,stocks_mrp_or_override,"{""item_id"": ""item:426331"", ""node_id"": ""SDC-VD0989480A"", ""safety_stock_qty"": 0.0, ""safety_time_days"": 0.0}"
mrp_safety_policy,SDC-VD0990780A,item:002612,,stocks_mrp_or_override,"{""item_id"": ""item:002612"", ""node_id"": ""SDC-VD0990780A"", ""safety_stock_qty"": 0.0, ""safety_time_days"": 0.0}"
mrp_safety_policy,SDC-VD0993480A,item:344135,,stocks_mrp_or_override,"{""item_id"": ""item:344135"", ""node_id"": ""SDC-VD0993480A"", ""safety_stock_qty"": 0.0, ""safety_time_days"": 0.0}"
mrp_safety_policy,SDC-VD1091642A,item:001893,,stocks_mrp_or_override,"{""item_id"": ""item:001893"", ""node_id"": ""SDC-VD1091642A"", ""safety_stock_qty"": 0.0, ""safety_time_days"": 0.0}"
mrp_safety_policy,SDC-VD1091642A,item:002612,,stocks_mrp_or_override,"{""item_id"": ""item:002612"", ""node_id"": ""SDC-VD1091642A"", ""safety_stock_qty"": 0.0, ""safety_time_days"": 0.0}"
mrp_safety_policy,SDC-VD1095770A,item:734545,,stocks_mrp_or_override,"{""item_id"": ""item:734545"", ""node_id"": ""SDC-VD1095770A"", ""safety_stock_qty"": 0.0, ""safety_time_days"": 0.0}"
mrp_safety_policy,SDC-VD1096202A,item:039668,,stocks_mrp_or_override,"{""item_id"": ""item:039668"", ""node_id"": ""SDC-VD1096202A"", ""safety_stock_qty"": 0.0, ""safety_time_days"": 0.0}"
opening_open_order_book_real,M-1430,item:001848,,Extract_En_cours.xlsx,"{""category"": ""opening_open_order_book_real"", ""item_id"": ""item:001848"", ""lane_src"": ""SDC-VD0951020A"", ""lead_days"": 20, ""node_id"": ""M-1430"", ""physical_delivery_day"": 22, ""planning_element"": ""ECHCDE"", ""receipt_release_days"": 14, ""seeded_pipeline_qty"": 7000.0, ""source_file"": ""Extract_En_cours.xlsx"", ""usable_day"": 42}"
opening_open_order_book_real,M-1430,item:038005,edge:SDC-VD0520132A_TO_M-1430_038005,Extract_En_cours.xlsx,"{""category"": ""opening_open_order_book_real"", ""item_id"": ""item:038005"", ""lane_src"": ""SDC-VD0520132A"", ""lead_days"": 174, ""node_id"": ""M-1430"", ""physical_delivery_day"": 14, ""planning_element"": ""AVICDE"", ""receipt_release_days"": 14, ""seeded_pipeline_qty"": 10000.0, ""source_file"": ""Extract_En_cours.xlsx"", ""usable_day"": 34}"
opening_open_order_book_real,M-1430,item:038005,edge:SDC-VD0520132A_TO_M-1430_038005,Extract_En_cours.xlsx,"{""category"": ""opening_open_order_book_real"", ""item_id"": ""item:038005"", ""lane_src"": ""SDC-VD0520132A"", ""lead_days"": 174, ""node_id"": ""M-1430"", ""physical_delivery_day"": 23, ""planning_element"": ""AVICDE"", ""receipt_release_days"": 14, ""seeded_pipeline_qty"": 10000.0, ""source_file"": ""Extract_En_cours.xlsx"", ""usable_day"": 43}"
opening_open_order_book_real,M-1430,item:038005,edge:SDC-VD0520132A_TO_M-1430_038005,Extract_En_cours.xlsx,"{""category"": ""opening_open_order_book_real"", ""item_id"": ""item:038005"", ""lane_src"": ""SDC-VD0520132A"", ""lead_days"": 174, ""node_id"": ""M-1430"", ""physical_delivery_day"": 27, ""planning_element"": ""AVICDE"", ""receipt_release_days"": 14, ""seeded_pipeline_qty"": 10000.0, ""source_file"": ""Extract_En_cours.xlsx"", ""usable_day"": 47}"
opening_open_order_book_real,M-1430,item:038005,edge:SDC-VD0520132A_TO_M-1430_038005,Extract_En_cours.xlsx,"{""category"": ""opening_open_order_book_real"", ""item_id"": ""item:038005"", ""lane_src"": ""SDC-VD0520132A"", ""lead_days"": 174, ""node_id"": ""M-1430"", ""physical_delivery_day"": 34, ""planning_element"": ""AVICDE"", ""receipt_release_days"": 14, ""seeded_pipeline_qty"": 10000.0, ""source_file"": ""Extract_En_cours.xlsx"", ""usable_day"": 54}"
opening_open_order_book_real,M-1430,item:038005,edge:SDC-VD0520132A_TO_M-1430_038005,Extract_En_cours.xlsx,"{""category"": ""opening_open_order_book_real"", ""item_id"": ""item:038005"", ""lane_src"": ""SDC-VD0520132A"", ""lead_days"": 174, ""node_id"": ""M-1430"", ""physical_delivery_day"": 48, ""planning_element"": ""AVICDE"", ""receipt_release_days"": 14, ""seeded_pipeline_qty"": 10000.0, ""source_file"": ""Extract_En_cours.xlsx"", ""usable_day"": 68}"
opening_open_order_book_real,M-1430,item:038005,edge:SDC-VD0520132A_TO_M-1430_038005,Extract_En_cours.xlsx,"{""category"": ""opening_open_order_book_real"", ""item_id"": ""item:038005"", ""lane_src"": ""SDC-VD0520132A"", ""lead_days"": 174, ""node_id"": ""M-1430"", ""physical_delivery_day"": 49, ""planning_element"": ""AVICDE"", ""receipt_release_days"": 14, ""seeded_pipeline_qty"": 10000.0, ""source_file"": ""Extract_En_cours.xlsx"", ""usable_day"": 69}"
opening_open_order_book_real,M-1430,item:038005,edge:SDC-VD0520132A_TO_M-1430_038005,Extract_En_cours.xlsx,"{""category"": ""opening_open_order_book_real"", ""item_id"": ""item:038005"", ""lane_src"": ""SDC-VD0520132A"", ""lead_days"": 174, ""node_id"": ""M-1430"", ""physical_delivery_day"": 55, ""planning_element"": ""AVICDE"", ""receipt_release_days"": 14, ""seeded_pipeline_qty"": 10000.0, ""source_file"": ""Extract_En_cours.xlsx"", ""usable_day"": 75}"
opening_open_order_book_real,M-1430,item:038005,edge:SDC-VD0520132A_TO_M-1430_038005,Extract_En_cours.xlsx,"{""category"": ""opening_open_order_book_real"", ""item_id"": ""item:038005"", ""lane_src"": ""SDC-VD0520132A"", ""lead_days"": 175, ""node_id"": ""M-1430"", ""physical_delivery_day"": 96, ""planning_element"": ""AVICDE"", ""receipt_release_days"": 14, ""seeded_pipeline_qty"": 10000.0, ""source_file"": ""Extract_En_cours.xlsx"", ""usable_day"": 117}"
opening_open_order_book_real,M-1430,item:038005,edge:SDC-VD0520132A_TO_M-1430_038005,Extract_En_cours.xlsx,"{""category"": ""opening_open_order_book_real"", ""item_id"": ""item:038005"", ""lane_src"": ""SDC-VD0520132A"", ""lead_days"": 178, ""node_id"": ""M-1430"", ""physical_delivery_day"": 114, ""planning_element"": ""ECHCDE"", ""receipt_release_days"": 14, ""seeded_pipeline_qty"": 10000.0, ""source_file"": ""Extract_En_cours.xlsx"", ""usable_day"": 138}"
opening_open_order_book_real,M-1430,item:042342,edge:SDC-VD0914690A_TO_M-1430_042342,Extract_En_cours.xlsx,"{""category"": ""opening_open_order_book_real"", ""item_id"": ""item:042342"", ""lane_src"": ""SDC-VD0914690A"", ""lead_days"": 41, ""node_id"": ""M-1430"", ""physical_delivery_day"": 16, ""planning_element"": ""AVICDE"", ""receipt_release_days"": 14, ""seeded_pipeline_qty"": 30000000.0, ""source_file"": ""Extract_En_cours.xlsx"", ""usable_day"": 36}"
opening_open_order_book_real,M-1430,item:042342,edge:SDC-VD0914690A_TO_M-1430_042342,Extract_En_cours.xlsx,"{""category"": ""opening_open_order_book_real"", ""item_id"": ""item:042342"", ""lane_src"": ""SDC-VD0914690A"", ""lead_days"": 41, ""node_id"": ""M-1430"", ""physical_delivery_day"": 30, ""planning_element"": ""AVICDE"", ""receipt_release_days"": 14, ""seeded_pipeline_qty"": 30000000.0, ""source_file"": ""Extract_En_cours.xlsx"", ""usable_day"": 50}"
opening_open_order_book_real,M-1430,item:333362,edge:SDC-VD0525412A_TO_M-1430_333362,Extract_En_cours.xlsx,"{""category"": ""opening_open_order_book_real"", ""item_id"": ""item:333362"", ""lane_src"": ""SDC-VD0525412A"", ""lead_days"": 64, ""node_id"": ""M-1430"", ""physical_delivery_day"": 54, ""planning_element"": ""AVICDE"", ""receipt_release_days"": 4, ""seeded_pipeline_qty"": 105000.0, ""source_file"": ""Extract_En_cours.xlsx"", ""usable_day"": 58}"
opening_open_order_book_real,M-1430,item:333362,edge:SDC-VD0525412A_TO_M-1430_333362,Extract_En_cours.xlsx,"{""category"": ""opening_open_order_book_real"", ""item_id"": ""item:333362"", ""lane_src"": ""SDC-VD0525412A"", ""lead_days"": 66, ""node_id"": ""M-1430"", ""physical_delivery_day"": 57, ""planning_element"": ""AVICDE"", ""receipt_release_days"": 4, ""seeded_pipeline_qty"": 150000.0, ""source_file"": ""Extract_En_cours.xlsx"", ""usable_day"": 63}"
opening_open_order_book_real,M-1430,item:333362,edge:SDC-VD0525412A_TO_M-1430_333362,Extract_En_cours.xlsx,"{""category"": ""opening_open_order_book_real"", ""item_id"": ""item:333362"", ""lane_src"": ""SDC-VD0525412A"", ""lead_days"": 66, ""node_id"": ""M-1430"", ""physical_delivery_day"": 64, ""planning_element"": ""AVICDE"", ""receipt_release_days"": 4, ""seeded_pipeline_qty"": 124000.0, ""source_file"": ""Extract_En_cours.xlsx"", ""usable_day"": 70}"
opening_open_order_book_real,M-1430,item:333362,edge:SDC-VD0525412A_TO_M-1430_333362,Extract_En_cours.xlsx,"{""category"": ""opening_open_order_book_real"", ""item_id"": ""item:333362"", ""lane_src"": ""SDC-VD0525412A"", ""lead_days"": 66, ""node_id"": ""M-1430"", ""physical_delivery_day"": 71, ""planning_element"": ""AVICDE"", ""receipt_release_days"": 4, ""seeded_pipeline_qty"": 45000.0, ""source_file"": ""Extract_En_cours.xlsx"", ""usable_day"": 77}"
opening_open_order_book_real,M-1430,item:333362,edge:SDC-VD0525412A_TO_M-1430_333362,Extract_En_cours.xlsx,"{""category"": ""opening_open_order_book_real"", ""item_id"": ""item:333362"", ""lane_src"": ""SDC-VD0525412A"", ""lead_days"": 66, ""node_id"": ""M-1430"", ""physical_delivery_day"": 78, ""planning_element"": ""AVICDE"", ""receipt_release_days"": 4, ""seeded_pipeline_qty"": 165000.0, ""source_file"": ""Extract_En_cours.xlsx"", ""usable_day"": 84}"
opening_open_order_book_real,M-1430,item:333362,edge:SDC-VD0525412A_TO_M-1430_333362,Extract_En_cours.xlsx,"{""category"": ""opening_open_order_book_real"", ""item_id"": ""item:333362"", ""lane_src"": ""SDC-VD0525412A"", ""lead_days"": 66, ""node_id"": ""M-1430"", ""physical_delivery_day"": 85, ""planning_element"": ""ECHCDE"", ""receipt_release_days"": 4, ""seeded_pipeline_qty"": 40000.0, ""source_file"": ""Extract_En_cours.xlsx"", ""usable_day"": 91}"
opening_open_order_book_real,M-1430,item:734545,edge:SDC-VD1095770A_TO_M-1430_734545,Extract_En_cours.xlsx,"{""category"": ""opening_open_order_book_real"", ""item_id"": ""item:734545"", ""lane_src"": ""SDC-VD0525906A"", ""lead_days"": 21, ""node_id"": ""M-1430"", ""physical_delivery_day"": 5, ""planning_element"": ""AVICDE"", ""receipt_release_days"": 0, ""seeded_pipeline_qty"": 6400.0, ""source_file"": ""Extract_En_cours.xlsx"", ""usable_day"": 5}"
opening_open_order_book_real,M-1810,item:001757,edge:SDC-VD0951020A_TO_M-1810_001757,Extract_En_cours.xlsx,"{""category"": ""opening_open_order_book_real"", ""item_id"": ""item:001757"", ""lane_src"": ""SDC-VD0951020A"", ""lead_days"": 103, ""node_id"": ""M-1810"", ""physical_delivery_day"": 9, ""planning_element"": ""AVICDE"", ""receipt_release_days"": 13, ""seeded_pipeline_qty"": 2000.0, ""source_file"": ""Extract_En_cours.xlsx"", ""usable_day"": 28}"
opening_open_order_book_real,M-1810,item:001757,edge:SDC-VD0951020A_TO_M-1810_001757,Extract_En_cours.xlsx,"{""category"": ""opening_open_order_book_real"", ""item_id"": ""item:001757"", ""lane_src"": ""SDC-VD0951020A"", ""lead_days"": 101, ""node_id"": ""M-1810"", ""physical_delivery_day"": 27, ""planning_element"": ""AVICDE"", ""receipt_release_days"": 13, ""seeded_pipeline_qty"": 4000.0, ""source_file"": ""Extract_En_cours.xlsx"", ""usable_day"": 44}"
opening_open_order_book_real,M-1810,item:001757,edge:SDC-VD0951020A_TO_M-1810_001757,Extract_En_cours.xlsx,"{""category"": ""opening_open_order_book_real"", ""item_id"": ""item:001757"", ""lane_src"": ""SDC-VD0951020A"", ""lead_days"": 103, ""node_id"": ""M-1810"", ""physical_delivery_day"": 63, ""planning_element"": ""AVICDE"", ""receipt_release_days"": 13, ""seeded_pipeline_qty"": 2000.0, ""source_file"": ""Extract_En_cours.xlsx"", ""usable_day"": 82}"
opening_open_order_book_real,M-1810,item:001848,edge:SDC-VD0951020A_TO_M-1810_001848,Extract_En_cours.xlsx,"{""category"": ""opening_open_order_book_real"", ""item_id"": ""item:001848"", ""lane_src"": ""SDC-VD0951020A"", ""lead_days"": 75, ""node_id"": ""M-1810"", ""physical_delivery_day"": 50, ""planning_element"": ""ECHCDE"", ""receipt_release_days"": 13, ""seeded_pipeline_qty"": 6000.0, ""source_file"": ""Extract_En_cours.xlsx"", ""usable_day"": 69}"
opening_open_order_book_real,M-1810,item:002612,edge:SDC-VD0910216A_TO_M-1810_002612,Extract_En_cours.xlsx,"{""category"": ""opening_open_order_book_real"", ""item_id"": ""item:002612"", ""lane_src"": ""SDC-VD0910216A"", ""lead_days"": 45, ""node_id"": ""M-1810"", ""physical_delivery_day"": 19, ""planning_element"": ""AVICDE"", ""receipt_release_days"": 8, ""seeded_pipeline_qty"": 22500.0, ""source_file"": ""Extract_En_cours.xlsx"", ""usable_day"": 29}"
opening_open_order_book_real,M-1810,item:002612,edge:SDC-VD0910216A_TO_M-1810_002612,Extract_En_cours.xlsx,"{""category"": ""opening_open_order_book_real"", ""item_id"": ""item:002612"", ""lane_src"": ""SDC-VD0910216A"", ""lead_days"": 47, ""node_id"": ""M-1810"", ""physical_delivery_day"": 35, ""planning_element"": ""AVICDE"", ""receipt_release_days"": 8, ""seeded_pipeline_qty"": 22500.0, ""source_file"": ""Extract_En_cours.xlsx"", ""usable_day"": 47}"
opening_open_order_book_real,M-1810,item:007923,edge:SDC-VD0956464A_TO_M-1810_007923,Extract_En_cours.xlsx,"{""category"": ""opening_open_order_book_real"", ""item_id"": ""item:007923"", ""lane_src"": ""SDC-VD0956464A"", ""lead_days"": 11, ""node_id"": ""M-1810"", ""physical_delivery_day"": 22, ""planning_element"": ""AVICDE"", ""receipt_release_days"": 6, ""seeded_pipeline_qty"": 19140.0, ""source_file"": ""Extract_En_cours.xlsx"", ""usable_day"": 30}"
opening_open_order_book_real,M-1810,item:049371,edge:SDC-VD0520132A_TO_M-1810_049371,Extract_En_cours.xlsx,"{""category"": ""opening_open_order_book_real"", ""item_id"": ""item:049371"", ""lane_src"": ""SDC-VD0518550B"", ""lead_days"": 159, ""node_id"": ""M-1810"", ""physical_delivery_day"": 14, ""planning_element"": ""AVICDE"", ""receipt_release_days"": 8, ""seeded_pipeline_qty"": 1800.0, ""source_file"": ""Extract_En_cours.xlsx"", ""usable_day"": 26}"
opening_open_order_book_real,M-1810,item:049371,edge:SDC-VD0520132A_TO_M-1810_049371,Extract_En_cours.xlsx,"{""category"": ""opening_open_order_book_real"", ""item_id"": ""item:049371"", ""lane_src"": ""SDC-VD0518550B"", ""lead_days"": 159, ""node_id"": ""M-1810"", ""physical_delivery_day"": 16, ""planning_element"": ""AVICDE"", ""receipt_release_days"": 8, ""seeded_pipeline_qty"": 1800.0, ""source_file"": ""Extract_En_cours.xlsx"", ""usable_day"": 28}"
opening_open_order_book_real,M-1810,item:049371,edge:SDC-VD0520132A_TO_M-1810_049371,Extract_En_cours.xlsx,"{""category"": ""opening_open_order_book_real"", ""item_id"": ""item:049371"", ""lane_src"": ""SDC-VD0518550B"", ""lead_days"": 159, ""node_id"": ""M-1810"", ""physical_delivery_day"": 16, ""planning_element"": ""AVICDE"", ""receipt_release_days"": 8, ""seeded_pipeline_qty"": 1800.0, ""source_file"": ""Extract_En_cours.xlsx"", ""usable_day"": 28}"
opening_open_order_book_real,M-1810,item:049371,edge:SDC-VD0520132A_TO_M-1810_049371,Extract_En_cours.xlsx,"{""category"": ""opening_open_order_book_real"", ""item_id"": ""item:049371"", ""lane_src"": ""SDC-VD0518550B"", ""lead_days"": 157, ""node_id"": ""M-1810"", ""physical_delivery_day"": 48, ""planning_element"": ""AVICDE"", ""receipt_release_days"": 8, ""seeded_pipeline_qty"": 1800.0, ""source_file"": ""Extract_En_cours.xlsx"", ""usable_day"": 58}"
opening_open_order_book_real,M-1810,item:049371,edge:SDC-VD0520132A_TO_M-1810_049371,Extract_En_cours.xlsx,"{""category"": ""opening_open_order_book_real"", ""item_id"": ""item:049371"", ""lane_src"": ""SDC-VD0518550B"", ""lead_days"": 159, ""node_id"": ""M-1810"", ""physical_delivery_day"": 51, ""planning_element"": ""AVICDE"", ""receipt_release_days"": 8, ""seeded_pipeline_qty"": 1800.0, ""source_file"": ""Extract_En_cours.xlsx"", ""usable_day"": 63}"
opening_open_order_book_real,M-1810,item:049371,edge:SDC-VD0520132A_TO_M-1810_049371,Extract_En_cours.xlsx,"{""category"": ""opening_open_order_book_real"", ""item_id"": ""item:049371"", ""lane_src"": ""SDC-VD0518550B"", ""lead_days"": 159, ""node_id"": ""M-1810"", ""physical_delivery_day"": 91, ""planning_element"": ""AVICDE"", ""receipt_release_days"": 8, ""seeded_pipeline_qty"": 1800.0, ""source_file"": ""Extract_En_cours.xlsx"", ""usable_day"": 103}"
opening_open_order_book_real,M-1810,item:049371,edge:SDC-VD0520132A_TO_M-1810_049371,Extract_En_cours.xlsx,"{""category"": ""opening_open_order_book_real"", ""item_id"": ""item:049371"", ""lane_src"": ""SDC-VD0518550B"", ""lead_days"": 159, ""node_id"": ""M-1810"", ""physical_delivery_day"": 93, ""planning_element"": ""AVICDE"", ""receipt_release_days"": 8, ""seeded_pipeline_qty"": 1800.0, ""source_file"": ""Extract_En_cours.xlsx"", ""usable_day"": 105}"
opening_open_order_book_real,M-1810,item:049371,edge:SDC-VD0520132A_TO_M-1810_049371,Extract_En_cours.xlsx,"{""category"": ""opening_open_order_book_real"", ""item_id"": ""item:049371"", ""lane_src"": ""SDC-VD0518550B"", ""lead_days"": 161, ""node_id"": ""M-1810"", ""physical_delivery_day"": 107, ""planning_element"": ""ECHCDE"", ""receipt_release_days"": 8, ""seeded_pipeline_qty"": 1800.0, ""source_file"": ""Extract_En_cours.xlsx"", ""usable_day"": 121}"
opening_open_order_book_real,M-1810,item:049371,edge:SDC-VD0520132A_TO_M-1810_049371,Extract_En_cours.xlsx,"{""category"": ""opening_open_order_book_real"", ""item_id"": ""item:049371"", ""lane_src"": ""SDC-VD0518550B"", ""lead_days"": 160, ""node_id"": ""M-1810"", ""physical_delivery_day"": 113, ""planning_element"": ""ECHCDE"", ""receipt_release_days"": 8, ""seeded_pipeline_qty"": 1800.0, ""source_file"": ""Extract_En_cours.xlsx"", ""usable_day"": 126}"
opening_open_order_book_real,M-1810,item:049371,edge:SDC-VD0520132A_TO_M-1810_049371,Extract_En_cours.xlsx,"{""category"": ""opening_open_order_book_real"", ""item_id"": ""item:049371"", ""lane_src"": ""SDC-VD0518550B"", ""lead_days"": 159, ""node_id"": ""M-1810"", ""physical_delivery_day"": 133, ""planning_element"": ""ECHCDE"", ""receipt_release_days"": 8, ""seeded_pipeline_qty"": 1800.0, ""source_file"": ""Extract_En_cours.xlsx"", ""usable_day"": 145}"
opening_open_order_book_real,M-1810,item:049371,edge:SDC-VD0520132A_TO_M-1810_049371,Extract_En_cours.xlsx,"{""category"": ""opening_open_order_book_real"", ""item_id"": ""item:049371"", ""lane_src"": ""SDC-VD0518550B"", ""lead_days"": 160, ""node_id"": ""M-1810"", ""physical_delivery_day"": 140, ""planning_element"": ""ECHCDE"", ""receipt_release_days"": 8, ""seeded_pipeline_qty"": 1800.0, ""source_file"": ""Extract_En_cours.xlsx"", ""usable_day"": 153}"
opening_open_order_book_real,M-1810,item:055703,edge:SDC-VD0914320A_TO_M-1810_055703,Extract_En_cours.xlsx,"{""category"": ""opening_open_order_book_real"", ""item_id"": ""item:055703"", ""lane_src"": ""SDC-VD0914320A"", ""lead_days"": 40, ""node_id"": ""M-1810"", ""physical_delivery_day"": 16, ""planning_element"": ""ECHCDE"", ""receipt_release_days"": 13, ""seeded_pipeline_qty"": 300.0, ""source_file"": ""Extract_En_cours.xlsx"", ""usable_day"": 35}"
opening_open_order_book_real,M-1810,item:268091,,Extract_En_cours.xlsx,"{""category"": ""opening_open_order_book_real"", ""item_id"": ""item:268091"", ""lane_src"": """", ""lead_days"": 14, ""node_id"": ""M-1810"", ""physical_delivery_day"": 9, ""planning_element"": ""O.Proc"", ""receipt_release_days"": 10, ""seeded_pipeline_qty"": 139660.0, ""source_file"": ""Extract_En_cours.xlsx"", ""usable_day"": 23}"
opening_open_order_book_real,M-1810,item:268091,,Extract_En_cours.xlsx,"{""category"": ""opening_open_order_book_real"", ""item_id"": ""item:268091"", ""lane_src"": """", ""lead_days"": 14, ""node_id"": ""M-1810"", ""physical_delivery_day"": 21, ""planning_element"": ""O.Proc"", ""receipt_release_days"": 10, ""seeded_pipeline_qty"": 20795.0, ""source_file"": ""Extract_En_cours.xlsx"", ""usable_day"": 35}"
opening_open_order_book_real,M-1810,item:268091,,Extract_En_cours.xlsx,"{""category"": ""opening_open_order_book_real"", ""item_id"": ""item:268091"", ""lane_src"": """", ""lead_days"": 14, ""node_id"": ""M-1810"", ""physical_delivery_day"": 21, ""planning_element"": ""O.Proc"", ""receipt_release_days"": 10, ""seeded_pipeline_qty"": 77520.0, ""source_file"": ""Extract_En_cours.xlsx"", ""usable_day"": 35}"
opening_open_order_book_real,M-1810,item:268091,,Extract_En_cours.xlsx,"{""category"": ""opening_open_order_book_real"", ""item_id"": ""item:268091"", ""lane_src"": """", ""lead_days"": 14, ""node_id"": ""M-1810"", ""physical_delivery_day"": 28, ""planning_element"": ""O.Proc"", ""receipt_release_days"": 10, ""seeded_pipeline_qty"": 16800.0, ""source_file"": ""Extract_En_cours.xlsx"", ""usable_day"": 42}"
opening_open_order_book_real,M-1810,item:268091,,Extract_En_cours.xlsx,"{""category"": ""opening_open_order_book_real"", ""item_id"": ""item:268091"", ""lane_src"": """", ""lead_days"": 14, ""node_id"": ""M-1810"", ""physical_delivery_day"": 29, ""planning_element"": ""O.Proc"", ""receipt_release_days"": 10, ""seeded_pipeline_qty"": 141795.0, ""source_file"": ""Extract_En_cours.xlsx"", ""usable_day"": 43}"
opening_open_order_book_real,M-1810,item:268091,,Extract_En_cours.xlsx,"{""category"": ""opening_open_order_book_real"", ""item_id"": ""item:268091"", ""lane_src"": """", ""lead_days"": 14, ""node_id"": ""M-1810"", ""physical_delivery_day"": 41, ""planning_element"": ""O.Proc"", ""receipt_release_days"": 10, ""seeded_pipeline_qty"": 126795.0, ""source_file"": ""Extract_En_cours.xlsx"", ""usable_day"": 55}"
opening_open_order_book_real,M-1810,item:268091,,Extract_En_cours.xlsx,"{""category"": ""opening_open_order_book_real"", ""item_id"": ""item:268091"", ""lane_src"": """", ""lead_days"": 14, ""node_id"": ""M-1810"", ""physical_delivery_day"": 47, ""planning_element"": ""O.Proc"", ""receipt_release_days"": 10, ""seeded_pipeline_qty"": 11300.0, ""source_file"": ""Extract_En_cours.xlsx"", ""usable_day"": 61}"
opening_open_order_book_real,M-1810,item:268091,,Extract_En_cours.xlsx,"{""category"": ""opening_open_order_book_real"", ""item_id"": ""item:268091"", ""lane_src"": """", ""lead_days"": 14, ""node_id"": ""M-1810"", ""physical_delivery_day"": 49, ""planning_element"": ""O.Proc"", ""receipt_release_days"": 10, ""seeded_pipeline_qty"": 141800.0, ""source_file"": ""Extract_En_cours.xlsx"", ""usable_day"": 63}"
opening_open_order_book_real,M-1810,item:268091,,Extract_En_cours.xlsx,"{""category"": ""opening_open_order_book_real"", ""item_id"": ""item:268091"", ""lane_src"": """", ""lead_days"": 14, ""node_id"": ""M-1810"", ""physical_delivery_day"": 50, ""planning_element"": ""O.Proc"", ""receipt_release_days"": 10, ""seeded_pipeline_qty"": 141795.0, ""source_file"": ""Extract_En_cours.xlsx"", ""usable_day"": 64}"
opening_open_order_book_real,M-1810,item:268091,,Extract_En_cours.xlsx,"{""category"": ""opening_open_order_book_real"", ""item_id"": ""item:268091"", ""lane_src"": """", ""lead_days"": 14, ""node_id"": ""M-1810"", ""physical_delivery_day"": 62, ""planning_element"": ""O.Proc"", ""receipt_release_days"": 10, ""seeded_pipeline_qty"": 60695.0, ""source_file"": ""Extract_En_cours.xlsx"", ""usable_day"": 76}"
opening_open_order_book_real,M-1810,item:268091,,Extract_En_cours.xlsx,"{""category"": ""opening_open_order_book_real"", ""item_id"": ""item:268091"", ""lane_src"": """", ""lead_days"": 14, ""node_id"": ""M-1810"", ""physical_delivery_day"": 79, ""planning_element"": ""O.Proc"", ""receipt_release_days"": 10, ""seeded_pipeline_qty"": 141795.0, ""source_file"": ""Extract_En_cours.xlsx"", ""usable_day"": 93}"
opening_open_order_book_real,M-1810,item:268091,,Extract_En_cours.xlsx,"{""category"": ""opening_open_order_book_real"", ""item_id"": ""item:268091"", ""lane_src"": """", ""lead_days"": 14, ""node_id"": ""M-1810"", ""physical_delivery_day"": 82, ""planning_element"": ""O.Proc"", ""receipt_release_days"": 10, ""seeded_pipeline_qty"": 9800.0, ""source_file"": ""Extract_En_cours.xlsx"", ""usable_day"": 96}"
opening_open_order_book_real,M-1810,item:268091,,Extract_En_cours.xlsx,"{""category"": ""opening_open_order_book_real"", ""item_id"": ""item:268091"", ""lane_src"": """", ""lead_days"": 14, ""node_id"": ""M-1810"", ""physical_delivery_day"": 92, ""planning_element"": ""O.Proc"", ""receipt_release_days"": 10, ""seeded_pipeline_qty"": 141800.0, ""source_file"": ""Extract_En_cours.xlsx"", ""usable_day"": 106}"
opening_open_order_book_real,M-1810,item:268091,,Extract_En_cours.xlsx,"{""category"": ""opening_open_order_book_real"", ""item_id"": ""item:268091"", ""lane_src"": """", ""lead_days"": 14, ""node_id"": ""M-1810"", ""physical_delivery_day"": 93, ""planning_element"": ""O.Proc"", ""receipt_release_days"": 10, ""seeded_pipeline_qty"": 141800.0, ""source_file"": ""Extract_En_cours.xlsx"", ""usable_day"": 107}"
opening_open_order_book_real,M-1810,item:268091,,Extract_En_cours.xlsx,"{""category"": ""opening_open_order_book_real"", ""item_id"": ""item:268091"", ""lane_src"": """", ""lead_days"": 15, ""node_id"": ""M-1810"", ""physical_delivery_day"": 96, ""planning_element"": ""O.Proc"", ""receipt_release_days"": 10, ""seeded_pipeline_qty"": 48800.0, ""source_file"": ""Extract_En_cours.xlsx"", ""usable_day"": 111}"
opening_open_order_book_real,M-1810,item:268091,,Extract_En_cours.xlsx,"{""category"": ""opening_open_order_book_real"", ""item_id"": ""item:268091"", ""lane_src"": """", ""lead_days"": 15, ""node_id"": ""M-1810"", ""physical_delivery_day"": 98, ""planning_element"": ""O.Proc"", ""receipt_release_days"": 10, ""seeded_pipeline_qty"": 141795.0, ""source_file"": ""Extract_En_cours.xlsx"", ""usable_day"": 113}"
opening_open_order_book_real,M-1810,item:268091,,Extract_En_cours.xlsx,"{""category"": ""opening_open_order_book_real"", ""item_id"": ""item:268091"", ""lane_src"": """", ""lead_days"": 15, ""node_id"": ""M-1810"", ""physical_delivery_day"": 104, ""planning_element"": ""O.Proc"", ""receipt_release_days"": 10, ""seeded_pipeline_qty"": 36795.0, ""source_file"": ""Extract_En_cours.xlsx"", ""usable_day"": 119}"
opening_open_order_book_real,M-1810,item:268091,,Extract_En_cours.xlsx,"{""category"": ""opening_open_order_book_real"", ""item_id"": ""item:268091"", ""lane_src"": """", ""lead_days"": 16, ""node_id"": ""M-1810"", ""physical_delivery_day"": 117, ""planning_element"": ""O.Proc"", ""receipt_release_days"": 10, ""seeded_pipeline_qty"": 141795.0, ""source_file"": ""Extract_En_cours.xlsx"", ""usable_day"": 133}"
opening_open_order_book_real,M-1810,item:268091,,Extract_En_cours.xlsx,"{""category"": ""opening_open_order_book_real"", ""item_id"": ""item:268091"", ""lane_src"": """", ""lead_days"": 16, ""node_id"": ""M-1810"", ""physical_delivery_day"": 118, ""planning_element"": ""O.Proc"", ""receipt_release_days"": 10, ""seeded_pipeline_qty"": 120600.0, ""source_file"": ""Extract_En_cours.xlsx"", ""usable_day"": 134}"
opening_open_order_book_real,M-1810,item:268091,,Extract_En_cours.xlsx,"{""category"": ""opening_open_order_book_real"", ""item_id"": ""item:268091"", ""lane_src"": """", ""lead_days"": 14, ""node_id"": ""M-1810"", ""physical_delivery_day"": 131, ""planning_element"": ""O.Proc"", ""receipt_release_days"": 10, ""seeded_pipeline_qty"": 141780.0, ""source_file"": ""Extract_En_cours.xlsx"", ""usable_day"": 145}"
opening_open_order_book_real,M-1810,item:338928,edge:SDC-VD0901566A_TO_M-1810_338928,Extract_En_cours.xlsx,"{""category"": ""opening_open_order_book_real"", ""item_id"": ""item:338928"", ""lane_src"": ""SDC-VD0901566A"", ""lead_days"": 78, ""node_id"": ""M-1810"", ""physical_delivery_day"": 8, ""planning_element"": ""AVICDE"", ""receipt_release_days"": 6, ""seeded_pipeline_qty"": 153617.0, ""source_file"": ""Extract_En_cours.xlsx"", ""usable_day"": 16}"
opening_open_order_book_real,M-1810,item:338928,edge:SDC-VD0901566A_TO_M-1810_338928,Extract_En_cours.xlsx,"{""category"": ""opening_open_order_book_real"", ""item_id"": ""item:338928"", ""lane_src"": ""SDC-VD0901566A"", ""lead_days"": 78, ""node_id"": ""M-1810"", ""physical_delivery_day"": 8, ""planning_element"": ""AVICDE"", ""receipt_release_days"": 6, ""seeded_pipeline_qty"": 27576.0, ""source_file"": ""Extract_En_cours.xlsx"", ""usable_day"": 16}"
opening_open_order_book_real,M-1810,item:338928,edge:SDC-VD0901566A_TO_M-1810_338928,Extract_En_cours.xlsx,"{""category"": ""opening_open_order_book_real"", ""item_id"": ""item:338928"", ""lane_src"": ""SDC-VD0901566A"", ""lead_days"": 78, ""node_id"": ""M-1810"", ""physical_delivery_day"": 8, ""planning_element"": ""AVICDE"", ""receipt_release_days"": 6, ""seeded_pipeline_qty"": 183840.0, ""source_file"": ""Extract_En_cours.xlsx"", ""usable_day"": 16}"
opening_open_order_book_real,M-1810,item:338929,edge:SDC-VD0914360C_TO_M-1810_338929,Extract_En_cours.xlsx,"{""category"": ""opening_open_order_book_real"", ""item_id"": ""item:338929"", ""lane_src"": ""SDC-VD0914360C"", ""lead_days"": 48, ""node_id"": ""M-1810"", ""physical_delivery_day"": 8, ""planning_element"": ""AVICDE"", ""receipt_release_days"": 4, ""seeded_pipeline_qty"": 57600.0, ""source_file"": ""Extract_En_cours.xlsx"", ""usable_day"": 14}"
opening_open_order_book_real,M-1810,item:426331,edge:SDC-VD0989480A_TO_M-1810_426331,Extract_En_cours.xlsx,"{""category"": ""opening_open_order_book_real"", ""item_id"": ""item:426331"", ""lane_src"": ""SDC-VD0989480A"", ""lead_days"": 29, ""node_id"": ""M-1810"", ""physical_delivery_day"": 28, ""planning_element"": ""AVICDE"", ""receipt_release_days"": 1, ""seeded_pipeline_qty"": 19200.0, ""source_file"": ""Extract_En_cours.xlsx"", ""usable_day"": 29}"
opening_open_order_book_real,SDC-1450,item:021081,edge:SDC-VD0949099A_TO_SDC-1450_021081,Extract_En_cours.xlsx,"{""category"": ""opening_open_order_book_real"", ""item_id"": ""item:021081"", ""lane_src"": ""SDC-VD0949099A"", ""lead_days"": 226, ""node_id"": ""SDC-1450"", ""physical_delivery_day"": 6, ""planning_element"": ""AVICDE"", ""receipt_release_days"": 75, ""seeded_pipeline_qty"": 40000.0, ""source_file"": ""Extract_En_cours.xlsx"", ""usable_day"": 112}"
opening_open_order_book_real,SDC-1450,item:021081,edge:SDC-VD0949099A_TO_SDC-1450_021081,Extract_En_cours.xlsx,"{""category"": ""opening_open_order_book_real"", ""item_id"": ""item:021081"", ""lane_src"": ""SDC-VD0949099A"", ""lead_days"": 226, ""node_id"": ""SDC-1450"", ""physical_delivery_day"": 13, ""planning_element"": ""AVICDE"", ""receipt_release_days"": 75, ""seeded_pipeline_qty"": 40000.0, ""source_file"": ""Extract_En_cours.xlsx"", ""usable_day"": 119}"
opening_open_order_book_real,SDC-1450,item:021081,edge:SDC-VD0949099A_TO_SDC-1450_021081,Extract_En_cours.xlsx,"{""category"": ""opening_open_order_book_real"", ""item_id"": ""item:021081"", ""lane_src"": ""SDC-VD0949099A"", ""lead_days"": 228, ""node_id"": ""SDC-1450"", ""physical_delivery_day"": 27, ""planning_element"": ""ECHCDE"", ""receipt_release_days"": 75, ""seeded_pipeline_qty"": 40000.0, ""source_file"": ""Extract_En_cours.xlsx"", ""usable_day"": 135}"
opening_open_order_book_real,SDC-1450,item:021081,edge:SDC-VD0949099A_TO_SDC-1450_021081,Extract_En_cours.xlsx,"{""category"": ""opening_open_order_book_real"", ""item_id"": ""item:021081"", ""lane_src"": ""SDC-VD0949099A"", ""lead_days"": 228, ""node_id"": ""SDC-1450"", ""physical_delivery_day"": 34, ""planning_element"": ""ECHCDE"", ""receipt_release_days"": 75, ""seeded_pipeline_qty"": 40000.0, ""source_file"": ""Extract_En_cours.xlsx"", ""usable_day"": 142}"
opening_open_order_book_real,SDC-1450,item:021081,edge:SDC-VD0949099A_TO_SDC-1450_021081,Extract_En_cours.xlsx,"{""category"": ""opening_open_order_book_real"", ""item_id"": ""item:021081"", ""lane_src"": ""SDC-VD0949099A"", ""lead_days"": 232, ""node_id"": ""SDC-1450"", ""physical_delivery_day"": 62, ""planning_element"": ""ECHCDE"", ""receipt_release_days"": 75, ""seeded_pipeline_qty"": 40000.0, ""source_file"": ""Extract_En_cours.xlsx"", ""usable_day"": 174}"
opening_open_order_book_real,SDC-1450,item:021081,edge:SDC-VD0949099A_TO_SDC-1450_021081,Extract_En_cours.xlsx,"{""category"": ""opening_open_order_book_real"", ""item_id"": ""item:021081"", ""lane_src"": ""SDC-VD0949099A"", ""lead_days"": 232, ""node_id"": ""SDC-1450"", ""physical_delivery_day"": 78, ""planning_element"": ""ECHCDE"", ""receipt_release_days"": 75, ""seeded_pipeline_qty"": 40000.0, ""source_file"": ""Extract_En_cours.xlsx"", ""usable_day"": 190}"
opening_open_order_book_real,SDC-1450,item:021081,edge:SDC-VD0949099A_TO_SDC-1450_021081,Extract_En_cours.xlsx,"{""category"": ""opening_open_order_book_real"", ""item_id"": ""item:021081"", ""lane_src"": ""SDC-VD0949099A"", ""lead_days"": 247, ""node_id"": ""SDC-1450"", ""physical_delivery_day"": 105, ""planning_element"": ""ECHCDE"", ""receipt_release_days"": 75, ""seeded_pipeline_qty"": 40000.0, ""source_file"": ""Extract_En_cours.xlsx"", ""usable_day"": 232}"
opening_open_order_book_real,SDC-1450,item:021081,edge:SDC-VD0949099A_TO_SDC-1450_021081,Extract_En_cours.xlsx,"{""category"": ""opening_open_order_book_real"", ""item_id"": ""item:021081"", ""lane_src"": ""SDC-VD0949099A"", ""lead_days"": 243, ""node_id"": ""SDC-1450"", ""physical_delivery_day"": 124, ""planning_element"": ""ECHCDE"", ""receipt_release_days"": 75, ""seeded_pipeline_qty"": 20000.0, ""source_file"": ""Extract_En_cours.xlsx"", ""usable_day"": 247}"
opening_open_order_book_real,SDC-1450,item:021081,edge:SDC-VD0960508A_TO_SDC-1450_021081,Extract_En_cours.xlsx,"{""category"": ""opening_open_order_book_real"", ""item_id"": ""item:021081"", ""lane_src"": ""SDC-VD0960508A"", ""lead_days"": 226, ""node_id"": ""SDC-1450"", ""physical_delivery_day"": 6, ""planning_element"": ""AVICDE"", ""receipt_release_days"": 75, ""seeded_pipeline_qty"": 100000.0, ""source_file"": ""Extract_En_cours.xlsx"", ""usable_day"": 112}"
opening_open_order_book_real,SDC-1450,item:021081,edge:SDC-VD0960508A_TO_SDC-1450_021081,Extract_En_cours.xlsx,"{""category"": ""opening_open_order_book_real"", ""item_id"": ""item:021081"", ""lane_src"": ""SDC-VD0960508A"", ""lead_days"": 228, ""node_id"": ""SDC-1450"", ""physical_delivery_day"": 20, ""planning_element"": ""AVICDE"", ""receipt_release_days"": 75, ""seeded_pipeline_qty"": 100000.0, ""source_file"": ""Extract_En_cours.xlsx"", ""usable_day"": 128}"
opening_open_order_book_real,SDC-1450,item:021081,edge:SDC-VD0960508A_TO_SDC-1450_021081,Extract_En_cours.xlsx,"{""category"": ""opening_open_order_book_real"", ""item_id"": ""item:021081"", ""lane_src"": ""SDC-VD0960508A"", ""lead_days"": 228, ""node_id"": ""SDC-1450"", ""physical_delivery_day"": 34, ""planning_element"": ""ECHCDE"", ""receipt_release_days"": 75, ""seeded_pipeline_qty"": 100000.0, ""source_file"": ""Extract_En_cours.xlsx"", ""usable_day"": 142}"
opening_open_order_book_real,SDC-1450,item:021081,edge:SDC-VD0960508A_TO_SDC-1450_021081,Extract_En_cours.xlsx,"{""category"": ""opening_open_order_book_real"", ""item_id"": ""item:021081"", ""lane_src"": ""SDC-VD0960508A"", ""lead_days"": 232, ""node_id"": ""SDC-1450"", ""physical_delivery_day"": 48, ""planning_element"": ""ECHCDE"", ""receipt_release_days"": 75, ""seeded_pipeline_qty"": 100000.0, ""source_file"": ""Extract_En_cours.xlsx"", ""usable_day"": 160}"
opening_open_order_book_real,SDC-1450,item:021081,edge:SDC-VD0960508A_TO_SDC-1450_021081,Extract_En_cours.xlsx,"{""category"": ""opening_open_order_book_real"", ""item_id"": ""item:021081"", ""lane_src"": ""SDC-VD0960508A"", ""lead_days"": 232, ""node_id"": ""SDC-1450"", ""physical_delivery_day"": 62, ""planning_element"": ""ECHCDE"", ""receipt_release_days"": 75, ""seeded_pipeline_qty"": 100000.0, ""source_file"": ""Extract_En_cours.xlsx"", ""usable_day"": 174}"
opening_open_order_book_real,SDC-1450,item:021081,edge:SDC-VD0960508A_TO_SDC-1450_021081,Extract_En_cours.xlsx,"{""category"": ""opening_open_order_book_real"", ""item_id"": ""item:021081"", ""lane_src"": ""SDC-VD0960508A"", ""lead_days"": 233, ""node_id"": ""SDC-1450"", ""physical_delivery_day"": 91, ""planning_element"": ""ECHCDE"", ""receipt_release_days"": 75, ""seeded_pipeline_qty"": 100000.0, ""source_file"": ""Extract_En_cours.xlsx"", ""usable_day"": 204}"
opening_open_order_book_real,SDC-1450,item:021081,edge:SDC-VD0960508A_TO_SDC-1450_021081,Extract_En_cours.xlsx,"{""category"": ""opening_open_order_book_real"", ""item_id"": ""item:021081"", ""lane_src"": ""SDC-VD0960508A"", ""lead_days"": 247, ""node_id"": ""SDC-1450"", ""physical_delivery_day"": 105, ""planning_element"": ""ECHCDE"", ""receipt_release_days"": 75, ""seeded_pipeline_qty"": 100000.0, ""source_file"": ""Extract_En_cours.xlsx"", ""usable_day"": 232}"
opening_open_order_book_real,SDC-1450,item:021081,edge:SDC-VD0960508A_TO_SDC-1450_021081,Extract_En_cours.xlsx,"{""category"": ""opening_open_order_book_real"", ""item_id"": ""item:021081"", ""lane_src"": ""SDC-VD0960508A"", ""lead_days"": 242, ""node_id"": ""SDC-1450"", ""physical_delivery_day"": 131, ""planning_element"": ""ECHCDE"", ""receipt_release_days"": 75, ""seeded_pipeline_qty"": 100000.0, ""source_file"": ""Extract_En_cours.xlsx"", ""usable_day"": 253}"
opening_open_order_book_real,SDC-1450,item:021081,edge:SDC-VD0960508A_TO_SDC-1450_021081,Extract_En_cours.xlsx,"{""category"": ""opening_open_order_book_real"", ""item_id"": ""item:021081"", ""lane_src"": ""SDC-VD0960508A"", ""lead_days"": 242, ""node_id"": ""SDC-1450"", ""physical_delivery_day"": 139, ""planning_element"": ""ECHCDE"", ""receipt_release_days"": 75, ""seeded_pipeline_qty"": 20000.0, ""source_file"": ""Extract_En_cours.xlsx"", ""usable_day"": 261}"
opening_open_order_book_real,SDC-1450,item:021081,edge:SDC-VD0972460A_TO_SDC-1450_021081,Extract_En_cours.xlsx,"{""category"": ""opening_open_order_book_real"", ""item_id"": ""item:021081"", ""lane_src"": ""SDC-VD0972460A"", ""lead_days"": 226, ""node_id"": ""SDC-1450"", ""physical_delivery_day"": 13, ""planning_element"": ""ECHCDE"", ""receipt_release_days"": 75, ""seeded_pipeline_qty"": 40000.0, ""source_file"": ""Extract_En_cours.xlsx"", ""usable_day"": 119}"
opening_open_order_book_real,SDC-1450,item:021081,edge:SDC-VD0972460A_TO_SDC-1450_021081,Extract_En_cours.xlsx,"{""category"": ""opening_open_order_book_real"", ""item_id"": ""item:021081"", ""lane_src"": ""SDC-VD0972460A"", ""lead_days"": 228, ""node_id"": ""SDC-1450"", ""physical_delivery_day"": 27, ""planning_element"": ""ECHCDE"", ""receipt_release_days"": 75, ""seeded_pipeline_qty"": 40000.0, ""source_file"": ""Extract_En_cours.xlsx"", ""usable_day"": 135}"
opening_open_order_book_real,SDC-1450,item:021081,edge:SDC-VD0972460A_TO_SDC-1450_021081,Extract_En_cours.xlsx,"{""category"": ""opening_open_order_book_real"", ""item_id"": ""item:021081"", ""lane_src"": ""SDC-VD0972460A"", ""lead_days"": 232, ""node_id"": ""SDC-1450"", ""physical_delivery_day"": 62, ""planning_element"": ""ECHCDE"", ""receipt_release_days"": 75, ""seeded_pipeline_qty"": 20000.0, ""source_file"": ""Extract_En_cours.xlsx"", ""usable_day"": 174}"
opening_open_order_book_real,SDC-1450,item:021081,edge:SDC-VD0975221A_TO_SDC-1450_021081,Extract_En_cours.xlsx,"{""category"": ""opening_open_order_book_real"", ""item_id"": ""item:021081"", ""lane_src"": ""SDC-VD0975221A"", ""lead_days"": 226, ""node_id"": ""SDC-1450"", ""physical_delivery_day"": 13, ""planning_element"": ""AVICDE"", ""receipt_release_days"": 75, ""seeded_pipeline_qty"": 40000.0, ""source_file"": ""Extract_En_cours.xlsx"", ""usable_day"": 119}"
opening_open_order_book_real,SDC-1450,item:021081,edge:SDC-VD0975221A_TO_SDC-1450_021081,Extract_En_cours.xlsx,"{""category"": ""opening_open_order_book_real"", ""item_id"": ""item:021081"", ""lane_src"": ""SDC-VD0975221A"", ""lead_days"": 231, ""node_id"": ""SDC-1450"", ""physical_delivery_day"": 41, ""planning_element"": ""ECHCDE"", ""receipt_release_days"": 75, ""seeded_pipeline_qty"": 40000.0, ""source_file"": ""Extract_En_cours.xlsx"", ""usable_day"": 152}"
opening_open_order_book_real,SDC-1450,item:021081,edge:SDC-VD0975221A_TO_SDC-1450_021081,Extract_En_cours.xlsx,"{""category"": ""opening_open_order_book_real"", ""item_id"": ""item:021081"", ""lane_src"": ""SDC-VD0975221A"", ""lead_days"": 232, ""node_id"": ""SDC-1450"", ""physical_delivery_day"": 62, ""planning_element"": ""ECHCDE"", ""receipt_release_days"": 75, ""seeded_pipeline_qty"": 20000.0, ""source_file"": ""Extract_En_cours.xlsx"", ""usable_day"": 174}"
opening_open_order_book_real,SDC-1450,item:693055,,Extract_En_cours.xlsx,"{""category"": ""opening_open_order_book_real"", ""item_id"": ""item:693055"", ""lane_src"": """", ""lead_days"": 29, ""node_id"": ""SDC-1450"", ""physical_delivery_day"": 26, ""planning_element"": ""O.Proc"", ""receipt_release_days"": 21, ""seeded_pipeline_qty"": 600000.0, ""source_file"": ""Extract_En_cours.xlsx"", ""usable_day"": 55}"
opening_open_order_book_real,SDC-1450,item:773474,,Extract_En_cours.xlsx,"{""category"": ""opening_open_order_book_real"", ""item_id"": ""item:773474"", ""lane_src"": """", ""lead_days"": 38, ""node_id"": ""SDC-1450"", ""physical_delivery_day"": 23, ""planning_element"": ""O.Proc"", ""receipt_release_days"": 26, ""seeded_pipeline_qty"": 3200000.0, ""source_file"": ""Extract_En_cours.xlsx"", ""usable_day"": 61}"
process_execution_policy,M-1430,item:268967,,industrial_confirmation_2026-04-13,"{""capacity"": {""is_default"": false, ""max_rate"": 154000.0, ""source"": ""lot_week_equivalent_from_industrial_confirmation_2026-04-13"", ""uom"": ""unit/day""}, ""item_id"": ""item:268967"", ""lot_execution"": {""max_lots_per_week"": 10.0, ""source"": ""industrial_confirmation_2026-04-13""}, ""lot_sizing"": {""fixed_lot_qty"": 107800.0, ""max_lot_qty"": 107800.0, ""min_lot_qty"": 107800.0, ""normalization_rule"": ""min_equals_max_as_fixed"", ""source"": ""mrp_lot_sheet"", ""uom"": ""UN""}, ""node_id"": ""M-1430""}"
process_execution_policy,M-1810,item:268091,,industrial_confirmation_2026-04-13,"{""capacity"": {""is_default"": false, ""max_rate"": 203550.0, ""source"": ""lot_week_equivalent_from_industrial_confirmation_2026-04-13"", ""uom"": ""unit/day""}, ""item_id"": ""item:268091"", ""lot_execution"": {""max_lots_per_week"": 10.0, ""source"": ""industrial_confirmation_2026-04-13""}, ""lot_sizing"": {""fixed_lot_qty"": 0.0, ""lot_multiple_qty"": 14400.0, ""max_lot_qty"": 142485.0, ""min_lot_qty"": 14400.0, ""normalization_rule"": """", ""source"": ""industrial_confirmation_2026-04-13"", ""uom"": ""UN""}, ""node_id"": ""M-1810""}"
process_execution_policy,SDC-1450,item:773474,,working_assumption_align_factory_lot_execution,"{""capacity"": {}, ""item_id"": ""item:773474"", ""lot_execution"": {""max_lots_per_week"": 10.0, ""source"": ""working_assumption_align_factory_lot_execution""}, ""lot_sizing"": {""fixed_lot_qty"": 3200000.0, ""max_lot_qty"": 0.0, ""min_lot_qty"": 0.0, ""normalization_rule"": """", ""source"": ""mrp_lot_sheet"", ""uom"": ""G""}, ""node_id"": ""SDC-1450""}"
supplier_capacity_basis,SDC-VD0500655A,item:002612,,downstream_requirement+fia_hint,"{""applied_capacity_scale"": 320.0, ""basis"": ""downstream_requirement+fia_hint"", ""downstream_requirement_qty_per_day"": 413.2065, ""downstream_signal_qty_per_day"": 29.232, ""effective_capacity_qty_per_day"": 203294.117647, ""explicit_capacity_qty_per_day"": 0.0, ""initial_stock_qty"": 180.0, ""inventory_fallback_qty_per_day"": 25.714286, ""item_id"": ""item:002612"", ""node_id"": ""SDC-VD0500655A"", ""nominal_capacity_qty_per_day"": 635.294118, ""process_capacity_qty_per_day"": 0.0, ""review_period_days"": 7}"
supplier_capacity_basis,SDC-VD0505677A,item:099439,,downstream_requirement,"{""applied_capacity_scale"": 320.0, ""basis"": ""downstream_requirement"", ""downstream_requirement_qty_per_day"": 413.2065, ""downstream_signal_qty_per_day"": 29.232, ""effective_capacity_qty_per_day"": 165282.6, ""explicit_capacity_qty_per_day"": 0.0, ""initial_stock_qty"": 180.0, ""inventory_fallback_qty_per_day"": 25.714286, ""item_id"": ""item:099439"", ""node_id"": ""SDC-VD0505677A"", ""nominal_capacity_qty_per_day"": 516.508125, ""process_capacity_qty_per_day"": 0.0, ""review_period_days"": 7}"
supplier_capacity_basis,SDC-VD0508918A,item:730384,,downstream_requirement,"{""applied_capacity_scale"": 320.0, ""basis"": ""downstream_requirement"", ""downstream_requirement_qty_per_day"": 32648.0, ""downstream_signal_qty_per_day"": 22853.6, ""effective_capacity_qty_per_day"": 13059200.0, ""explicit_capacity_qty_per_day"": 0.0, ""initial_stock_qty"": 180.0, ""inventory_fallback_qty_per_day"": 25.714286, ""item_id"": ""item:730384"", ""node_id"": ""SDC-VD0508918A"", ""nominal_capacity_qty_per_day"": 40810.0, ""process_capacity_qty_per_day"": 0.0, ""review_period_days"": 7}"
supplier_capacity_basis,SDC-VD0514881A,item:016332,,downstream_requirement,"{""applied_capacity_scale"": 320.0, ""basis"": ""downstream_requirement"", ""downstream_requirement_qty_per_day"": 99.16956, ""downstream_signal_qty_per_day"": 7.01568, ""effective_capacity_qty_per_day"": 39667.824, ""explicit_capacity_qty_per_day"": 0.0, ""initial_stock_qty"": 180.0, ""inventory_fallback_qty_per_day"": 25.714286, ""item_id"": ""item:016332"", ""node_id"": ""SDC-VD0514881A"", ""nominal_capacity_qty_per_day"": 123.96195, ""process_capacity_qty_per_day"": 0.0, ""review_period_days"": 7}"
supplier_capacity_basis,SDC-VD0518684A,item:001893,,downstream_requirement,"{""applied_capacity_scale"": 320.0, ""basis"": ""downstream_requirement"", ""downstream_requirement_qty_per_day"": 1570.1847, ""downstream_signal_qty_per_day"": 111.0816, ""effective_capacity_qty_per_day"": 628073.88, ""explicit_capacity_qty_per_day"": 0.0, ""initial_stock_qty"": 180.0, ""inventory_fallback_qty_per_day"": 25.714286, ""item_id"": ""item:001893"", ""node_id"": ""SDC-VD0518684A"", ""nominal_capacity_qty_per_day"": 1962.730875, ""process_capacity_qty_per_day"": 0.0, ""review_period_days"": 7}"
supplier_capacity_basis,SDC-VD0519670A,item:001848,,downstream_requirement+fia_hint,"{""applied_capacity_scale"": 320.0, ""basis"": ""downstream_requirement+fia_hint"", ""downstream_requirement_qty_per_day"": 247.9239, ""downstream_signal_qty_per_day"": 17.5392, ""effective_capacity_qty_per_day"": 99169.56, ""explicit_capacity_qty_per_day"": 0.0, ""initial_stock_qty"": 180.0, ""inventory_fallback_qty_per_day"": 25.714286, ""item_id"": ""item:001848"", ""node_id"": ""SDC-VD0519670A"", ""nominal_capacity_qty_per_day"": 309.904875, ""process_capacity_qty_per_day"": 0.0, ""review_period_days"": 7}"
supplier_capacity_basis,SDC-VD0519670A,item:029313,,downstream_requirement,"{""applied_capacity_scale"": 320.0, ""basis"": ""downstream_requirement"", ""downstream_requirement_qty_per_day"": 8.26413, ""downstream_signal_qty_per_day"": 0.58464, ""effective_capacity_qty_per_day"": 8228.571429, ""explicit_capacity_qty_per_day"": 0.0, ""initial_stock_qty"": 180.0, ""inventory_fallback_qty_per_day"": 25.714286, ""item_id"": ""item:029313"", ""node_id"": ""SDC-VD0519670A"", ""nominal_capacity_qty_per_day"": 25.714286, ""process_capacity_qty_per_day"": 0.0, ""review_period_days"": 7}"
supplier_capacity_basis,SDC-VD0520115A,item:708073,,downstream_requirement,"{""applied_capacity_scale"": 320.0, ""basis"": ""downstream_requirement"", ""downstream_requirement_qty_per_day"": 1221.22, ""downstream_signal_qty_per_day"": 854.854, ""effective_capacity_qty_per_day"": 488488.0, ""explicit_capacity_qty_per_day"": 0.0, ""initial_stock_qty"": 180.0, ""inventory_fallback_qty_per_day"": 25.714286, ""item_id"": ""item:708073"", ""node_id"": ""SDC-VD0520115A"", ""nominal_capacity_qty_per_day"": 1526.525, ""process_capacity_qty_per_day"": 0.0, ""review_period_days"": 7}"
supplier_capacity_basis,SDC-VD0520132A,item:038005,,downstream_requirement,"{""applied_capacity_scale"": 320.0, ""basis"": ""downstream_requirement"", ""downstream_requirement_qty_per_day"": 2694.873104, ""downstream_signal_qty_per_day"": 1886.411173, ""effective_capacity_qty_per_day"": 1077949.2416, ""explicit_capacity_qty_per_day"": 0.0, ""initial_stock_qty"": 180.0, ""inventory_fallback_qty_per_day"": 25.714286, ""item_id"": ""item:038005"", ""node_id"": ""SDC-VD0520132A"", ""nominal_capacity_qty_per_day"": 3368.59138, ""process_capacity_qty_per_day"": 0.0, ""review_period_days"": 7}"
supplier_capacity_basis,SDC-VD0520132A,item:049371,,downstream_requirement,"{""applied_capacity_scale"": 320.0, ""basis"": ""downstream_requirement"", ""downstream_requirement_qty_per_day"": 305.77281, ""downstream_signal_qty_per_day"": 21.63168, ""effective_capacity_qty_per_day"": 122309.124, ""explicit_capacity_qty_per_day"": 0.0, ""initial_stock_qty"": 180.0, ""inventory_fallback_qty_per_day"": 25.714286, ""item_id"": ""item:049371"", ""node_id"": ""SDC-VD0520132A"", ""nominal_capacity_qty_per_day"": 382.216012, ""process_capacity_qty_per_day"": 0.0, ""review_period_days"": 7}"
supplier_capacity_basis,SDC-VD0525412A,item:333362,,downstream_requirement,"{""applied_capacity_scale"": 320.0, ""basis"": ""downstream_requirement"", ""downstream_requirement_qty_per_day"": 154000.0, ""downstream_signal_qty_per_day"": 107800.0, ""effective_capacity_qty_per_day"": 61600000.0, ""explicit_capacity_qty_per_day"": 0.0, ""initial_stock_qty"": 180.0, ""inventory_fallback_qty_per_day"": 25.714286, ""item_id"": ""item:333362"", ""node_id"": ""SDC-VD0525412A"", ""nominal_capacity_qty_per_day"": 192500.0, ""process_capacity_qty_per_day"": 0.0, ""review_period_days"": 7}"
supplier_capacity_basis,SDC-VD0901566A,item:338928,,explicit_capacity,"{""applied_capacity_scale"": 320.0, ""basis"": ""explicit_capacity"", ""downstream_requirement_qty_per_day"": 203550.0, ""downstream_signal_qty_per_day"": 14400.0, ""effective_capacity_qty_per_day"": 320000000.0, ""explicit_capacity_qty_per_day"": 1000000.0, ""initial_stock_qty"": 180.0, ""inventory_fallback_qty_per_day"": 25.714286, ""item_id"": ""item:338928"", ""node_id"": ""SDC-VD0901566A"", ""nominal_capacity_qty_per_day"": 1000000.0, ""process_capacity_qty_per_day"": 0.0, ""review_period_days"": 7}"
supplier_capacity_basis,SDC-VD0910216A,item:001893,,downstream_requirement+fia_hint,"{""applied_capacity_scale"": 320.0, ""basis"": ""downstream_requirement+fia_hint"", ""downstream_requirement_qty_per_day"": 1570.1847, ""downstream_signal_qty_per_day"": 111.0816, ""effective_capacity_qty_per_day"": 628073.88, ""explicit_capacity_qty_per_day"": 0.0, ""initial_stock_qty"": 180.0, ""inventory_fallback_qty_per_day"": 25.714286, ""item_id"": ""item:001893"", ""node_id"": ""SDC-VD0910216A"", ""nominal_capacity_qty_per_day"": 1962.730875, ""process_capacity_qty_per_day"": 0.0, ""review_period_days"": 7}"
supplier_capacity_basis,SDC-VD0910216A,item:002612,,downstream_requirement+fia_hint,"{""applied_capacity_scale"": 320.0, ""basis"": ""downstream_requirement+fia_hint"", ""downstream_requirement_qty_per_day"": 413.2065, ""downstream_signal_qty_per_day"": 29.232, ""effective_capacity_qty_per_day"": 171428.571429, ""explicit_capacity_qty_per_day"": 0.0, ""initial_stock_qty"": 180.0, ""inventory_fallback_qty_per_day"": 25.714286, ""item_id"": ""item:002612"", ""node_id"": ""SDC-VD0910216A"", ""nominal_capacity_qty_per_day"": 535.714286, ""process_capacity_qty_per_day"": 0.0, ""review_period_days"": 7}"
supplier_capacity_basis,SDC-VD0914320A,item:055703,,downstream_requirement+fia_hint,"{""applied_capacity_scale"": 320.0, ""basis"": ""downstream_requirement+fia_hint"", ""downstream_requirement_qty_per_day"": 16.52826, ""downstream_signal_qty_per_day"": 1.16928, ""effective_capacity_qty_per_day"": 8228.571429, ""explicit_capacity_qty_per_day"": 0.0, ""initial_stock_qty"": 180.0, ""inventory_fallback_qty_per_day"": 25.714286, ""item_id"": ""item:055703"", ""node_id"": ""SDC-VD0914320A"", ""nominal_capacity_qty_per_day"": 25.714286, ""process_capacity_qty_per_day"": 0.0, ""review_period_days"": 7}"
supplier_capacity_basis,SDC-VD0914360C,item:338929,,downstream_requirement,"{""applied_capacity_scale"": 320.0, ""basis"": ""downstream_requirement"", ""downstream_requirement_qty_per_day"": 203550.0, ""downstream_signal_qty_per_day"": 14400.0, ""effective_capacity_qty_per_day"": 81420000.0, ""explicit_capacity_qty_per_day"": 0.0, ""initial_stock_qty"": 180.0, ""inventory_fallback_qty_per_day"": 25.714286, ""item_id"": ""item:338929"", ""node_id"": ""SDC-VD0914360C"", ""nominal_capacity_qty_per_day"": 254437.5, ""process_capacity_qty_per_day"": 0.0, ""review_period_days"": 7}"
supplier_capacity_basis,SDC-VD0914690A,item:042342,,downstream_requirement,"{""applied_capacity_scale"": 320.0, ""basis"": ""downstream_requirement"", ""downstream_requirement_qty_per_day"": 9292668.0, ""downstream_signal_qty_per_day"": 6504867.6, ""effective_capacity_qty_per_day"": 3717067200.0, ""explicit_capacity_qty_per_day"": 0.0, ""initial_stock_qty"": 180.0, ""inventory_fallback_qty_per_day"": 25.714286, ""item_id"": ""item:042342"", ""node_id"": ""SDC-VD0914690A"", ""nominal_capacity_qty_per_day"": 11615835.0, ""process_capacity_qty_per_day"": 0.0, ""review_period_days"": 7}"
supplier_capacity_basis,SDC-VD0949099A,item:021081,,inventory_fallback+standard_lot_floor,"{""applied_capacity_scale"": 320.0, ""basis"": ""inventory_fallback+standard_lot_floor"", ""downstream_requirement_qty_per_day"": 0.0, ""downstream_signal_qty_per_day"": 0.0, ""effective_capacity_qty_per_day"": 20000.0, ""explicit_capacity_qty_per_day"": 0.0, ""initial_stock_qty"": 180.0, ""inventory_fallback_qty_per_day"": 25.714286, ""item_id"": ""item:021081"", ""node_id"": ""SDC-VD0949099A"", ""nominal_capacity_qty_per_day"": 25.714286, ""process_capacity_qty_per_day"": 0.0, ""review_period_days"": 7}"
supplier_capacity_basis,SDC-VD0951020A,item:001757,,downstream_requirement,"{""applied_capacity_scale"": 320.0, ""basis"": ""downstream_requirement"", ""downstream_requirement_qty_per_day"": 330.5652, ""downstream_signal_qty_per_day"": 23.3856, ""effective_capacity_qty_per_day"": 132226.08, ""explicit_capacity_qty_per_day"": 0.0, ""initial_stock_qty"": 180.0, ""inventory_fallback_qty_per_day"": 25.714286, ""item_id"": ""item:001757"", ""node_id"": ""SDC-VD0951020A"", ""nominal_capacity_qty_per_day"": 413.2065, ""process_capacity_qty_per_day"": 0.0, ""review_period_days"": 7}"
supplier_capacity_basis,SDC-VD0951020A,item:001848,,downstream_requirement+fia_hint,"{""applied_capacity_scale"": 320.0, ""basis"": ""downstream_requirement+fia_hint"", ""downstream_requirement_qty_per_day"": 247.9239, ""downstream_signal_qty_per_day"": 17.5392, ""effective_capacity_qty_per_day"": 99169.56, ""explicit_capacity_qty_per_day"": 0.0, ""initial_stock_qty"": 180.0, ""inventory_fallback_qty_per_day"": 25.714286, ""item_id"": ""item:001848"", ""node_id"": ""SDC-VD0951020A"", ""nominal_capacity_qty_per_day"": 309.904875, ""process_capacity_qty_per_day"": 0.0, ""review_period_days"": 7}"
supplier_capacity_basis,SDC-VD0951020A,item:007923,,downstream_requirement,"{""applied_capacity_scale"": 320.0, ""basis"": ""downstream_requirement"", ""downstream_requirement_qty_per_day"": 661.1304, ""downstream_signal_qty_per_day"": 46.7712, ""effective_capacity_qty_per_day"": 264452.16, ""explicit_capacity_qty_per_day"": 0.0, ""initial_stock_qty"": 180.0, ""inventory_fallback_qty_per_day"": 25.714286, ""item_id"": ""item:007923"", ""node_id"": ""SDC-VD0951020A"", ""nominal_capacity_qty_per_day"": 826.413, ""process_capacity_qty_per_day"": 0.0, ""review_period_days"": 7}"
supplier_capacity_basis,SDC-VD0956464A,item:007923,,downstream_requirement,"{""applied_capacity_scale"": 320.0, ""basis"": ""downstream_requirement"", ""downstream_requirement_qty_per_day"": 661.1304, ""downstream_signal_qty_per_day"": 46.7712, ""effective_capacity_qty_per_day"": 264452.16, ""explicit_capacity_qty_per_day"": 0.0, ""initial_stock_qty"": 180.0, ""inventory_fallback_qty_per_day"": 25.714286, ""item_id"": ""item:007923"", ""node_id"": ""SDC-VD0956464A"", ""nominal_capacity_qty_per_day"": 826.413, ""process_capacity_qty_per_day"": 0.0, ""review_period_days"": 7}"
supplier_capacity_basis,SDC-VD0960508A,item:021081,,inventory_fallback+standard_lot_floor,"{""applied_capacity_scale"": 320.0, ""basis"": ""inventory_fallback+standard_lot_floor"", ""downstream_requirement_qty_per_day"": 0.0, ""downstream_signal_qty_per_day"": 0.0, ""effective_capacity_qty_per_day"": 20000.0, ""explicit_capacity_qty_per_day"": 0.0, ""initial_stock_qty"": 180.0, ""inventory_fallback_qty_per_day"": 25.714286, ""item_id"": ""item:021081"", ""node_id"": ""SDC-VD0960508A"", ""nominal_capacity_qty_per_day"": 25.714286, ""process_capacity_qty_per_day"": 0.0, ""review_period_days"": 7}"
supplier_capacity_basis,SDC-VD0964290A,item:055703,,downstream_requirement+standard_lot_floor,"{""applied_capacity_scale"": 3.2, ""basis"": ""downstream_requirement+standard_lot_floor"", ""downstream_requirement_qty_per_day"": 16.52826, ""downstream_signal_qty_per_day"": 1.16928, ""effective_capacity_qty_per_day"": 300.0, ""explicit_capacity_qty_per_day"": 0.0, ""initial_stock_qty"": 180.0, ""inventory_fallback_qty_per_day"": 25.714286, ""item_id"": ""item:055703"", ""node_id"": ""SDC-VD0964290A"", ""nominal_capacity_qty_per_day"": 25.714286, ""process_capacity_qty_per_day"": 0.0, ""review_period_days"": 7}"
supplier_capacity_basis,SDC-VD0972460A,item:021081,,inventory_fallback+standard_lot_floor,"{""applied_capacity_scale"": 320.0, ""basis"": ""inventory_fallback+standard_lot_floor"", ""downstream_requirement_qty_per_day"": 0.0, ""downstream_signal_qty_per_day"": 0.0, ""effective_capacity_qty_per_day"": 20000.0, ""explicit_capacity_qty_per_day"": 0.0, ""initial_stock_qty"": 180.0, ""inventory_fallback_qty_per_day"": 25.714286, ""item_id"": ""item:021081"", ""node_id"": ""SDC-VD0972460A"", ""nominal_capacity_qty_per_day"": 25.714286, ""process_capacity_qty_per_day"": 0.0, ""review_period_days"": 7}"
supplier_capacity_basis,SDC-VD0975221A,item:021081,,inventory_fallback+standard_lot_floor,"{""applied_capacity_scale"": 320.0, ""basis"": ""inventory_fallback+standard_lot_floor"", ""downstream_requirement_qty_per_day"": 0.0, ""downstream_signal_qty_per_day"": 0.0, ""effective_capacity_qty_per_day"": 20000.0, ""explicit_capacity_qty_per_day"": 0.0, ""initial_stock_qty"": 180.0, ""inventory_fallback_qty_per_day"": 25.714286, ""item_id"": ""item:021081"", ""node_id"": ""SDC-VD0975221A"", ""nominal_capacity_qty_per_day"": 25.714286, ""process_capacity_qty_per_day"": 0.0, ""review_period_days"": 7}"
supplier_capacity_basis,SDC-VD0989480A,item:426331,,downstream_requirement,"{""applied_capacity_scale"": 320.0, ""basis"": ""downstream_requirement"", ""downstream_requirement_qty_per_day"": 2239.05, ""downstream_signal_qty_per_day"": 158.4, ""effective_capacity_qty_per_day"": 895620.0, ""explicit_capacity_qty_per_day"": 0.0, ""initial_stock_qty"": 180.0, ""inventory_fallback_qty_per_day"": 25.714286, ""item_id"": ""item:426331"", ""node_id"": ""SDC-VD0989480A"", ""nominal_capacity_qty_per_day"": 2798.8125, ""process_capacity_qty_per_day"": 0.0, ""review_period_days"": 7}"
supplier_capacity_basis,SDC-VD0990780A,item:002612,,downstream_requirement+fia_hint,"{""applied_capacity_scale"": 320.0, ""basis"": ""downstream_requirement+fia_hint"", ""downstream_requirement_qty_per_day"": 413.2065, ""downstream_signal_qty_per_day"": 29.232, ""effective_capacity_qty_per_day"": 180952.380952, ""explicit_capacity_qty_per_day"": 0.0, ""initial_stock_qty"": 180.0, ""inventory_fallback_qty_per_day"": 25.714286, ""item_id"": ""item:002612"", ""node_id"": ""SDC-VD0990780A"", ""nominal_capacity_qty_per_day"": 565.47619, ""process_capacity_qty_per_day"": 0.0, ""review_period_days"": 7}"
supplier_capacity_basis,SDC-VD0993480A,item:344135,,downstream_requirement,"{""applied_capacity_scale"": 320.0, ""basis"": ""downstream_requirement"", ""downstream_requirement_qty_per_day"": 154000.0, ""downstream_signal_qty_per_day"": 107800.0, ""effective_capacity_qty_per_day"": 61600000.0, ""explicit_capacity_qty_per_day"": 0.0, ""initial_stock_qty"": 180.0, ""inventory_fallback_qty_per_day"": 25.714286, ""item_id"": ""item:344135"", ""node_id"": ""SDC-VD0993480A"", ""nominal_capacity_qty_per_day"": 192500.0, ""process_capacity_qty_per_day"": 0.0, ""review_period_days"": 7}"
supplier_capacity_basis,SDC-VD1091642A,item:001893,,downstream_requirement,"{""applied_capacity_scale"": 320.0, ""basis"": ""downstream_requirement"", ""downstream_requirement_qty_per_day"": 1570.1847, ""downstream_signal_qty_per_day"": 111.0816, ""effective_capacity_qty_per_day"": 628073.88, ""explicit_capacity_qty_per_day"": 0.0, ""initial_stock_qty"": 180.0, ""inventory_fallback_qty_per_day"": 25.714286, ""item_id"": ""item:001893"", ""node_id"": ""SDC-VD1091642A"", ""nominal_capacity_qty_per_day"": 1962.730875, ""process_capacity_qty_per_day"": 0.0, ""review_period_days"": 7}"
supplier_capacity_basis,SDC-VD1091642A,item:002612,,downstream_requirement+fia_hint,"{""applied_capacity_scale"": 320.0, ""basis"": ""downstream_requirement+fia_hint"", ""downstream_requirement_qty_per_day"": 413.2065, ""downstream_signal_qty_per_day"": 29.232, ""effective_capacity_qty_per_day"": 171428.571429, ""explicit_capacity_qty_per_day"": 0.0, ""initial_stock_qty"": 180.0, ""inventory_fallback_qty_per_day"": 25.714286, ""item_id"": ""item:002612"", ""node_id"": ""SDC-VD1091642A"", ""nominal_capacity_qty_per_day"": 535.714286, ""process_capacity_qty_per_day"": 0.0, ""review_period_days"": 7}"
supplier_capacity_basis,SDC-VD1095770A,item:734545,,downstream_requirement,"{""applied_capacity_scale"": 320.0, ""basis"": ""downstream_requirement"", ""downstream_requirement_qty_per_day"": 1232.0, ""downstream_signal_qty_per_day"": 862.4, ""effective_capacity_qty_per_day"": 492800.0, ""explicit_capacity_qty_per_day"": 0.0, ""initial_stock_qty"": 180.0, ""inventory_fallback_qty_per_day"": 25.714286, ""item_id"": ""item:734545"", ""node_id"": ""SDC-VD1095770A"", ""nominal_capacity_qty_per_day"": 1540.0, ""process_capacity_qty_per_day"": 0.0, ""review_period_days"": 7}"
supplier_capacity_basis,SDC-VD1096202A,item:039668,,downstream_requirement+fia_hint,"{""applied_capacity_scale"": 320.0, ""basis"": ""downstream_requirement+fia_hint"", ""downstream_requirement_qty_per_day"": 8.26413, ""downstream_signal_qty_per_day"": 0.58464, ""effective_capacity_qty_per_day"": 8228.571429, ""explicit_capacity_qty_per_day"": 0.0, ""initial_stock_qty"": 180.0, ""inventory_fallback_qty_per_day"": 25.714286, ""item_id"": ""item:039668"", ""node_id"": ""SDC-VD1096202A"", ""nominal_capacity_qty_per_day"": 25.714286, ""process_capacity_qty_per_day"": 0.0, ""review_period_days"": 7}"
unmodeled_supplier_source_policy,SDC-VD0500655A,item:002612,,estimated_replenishment,"{""daily_capacity_qty"": 203294.117647, ""downstream_lot_floor_qty"": 21600.0, ""downstream_requirement_qty_per_day"": 115.53023, ""downstream_signal_qty_per_day"": 8.173104, ""item_id"": ""item:002612"", ""node_id"": ""SDC-VD0500655A"", ""order_frequency_days"": 1, ""raw_replenishment_lead_days"": 17.0, ""reorder_point_qty_day0"": 21600.0, ""replenishment_lead_days"": 17, ""review_period_days"": 7, ""target_cover_days"": 24, ""target_stock_qty_day0"": 21600.0}"
unmodeled_supplier_source_policy,SDC-VD0505677A,item:099439,,estimated_replenishment,"{""daily_capacity_qty"": 165282.6, ""downstream_lot_floor_qty"": 4200.0, ""downstream_requirement_qty_per_day"": 413.2065, ""downstream_signal_qty_per_day"": 29.232, ""item_id"": ""item:099439"", ""node_id"": ""SDC-VD0505677A"", ""order_frequency_days"": 1, ""raw_replenishment_lead_days"": 21.0, ""reorder_point_qty_day0"": 8677.3365, ""replenishment_lead_days"": 21, ""review_period_days"": 7, ""target_cover_days"": 28, ""target_stock_qty_day0"": 11569.782}"
unmodeled_supplier_source_policy,SDC-VD0508918A,item:730384,,estimated_replenishment,"{""daily_capacity_qty"": 13059200.0, ""downstream_lot_floor_qty"": 370000.0, ""downstream_requirement_qty_per_day"": 32648.0, ""downstream_signal_qty_per_day"": 22853.6, ""item_id"": ""item:730384"", ""node_id"": ""SDC-VD0508918A"", ""order_frequency_days"": 1, ""raw_replenishment_lead_days"": 34.0, ""reorder_point_qty_day0"": 685608.0, ""replenishment_lead_days"": 21, ""review_period_days"": 7, ""target_cover_days"": 28, ""target_stock_qty_day0"": 914144.0}"
unmodeled_supplier_source_policy,SDC-VD0514881A,item:016332,,estimated_replenishment,"{""daily_capacity_qty"": 39667.824, ""downstream_lot_floor_qty"": 1100.0, ""downstream_requirement_qty_per_day"": 99.16956, ""downstream_signal_qty_per_day"": 7.01568, ""item_id"": ""item:016332"", ""node_id"": ""SDC-VD0514881A"", ""order_frequency_days"": 1, ""raw_replenishment_lead_days"": 29.5, ""reorder_point_qty_day0"": 2082.56076, ""replenishment_lead_days"": 21, ""review_period_days"": 7, ""target_cover_days"": 28, ""target_stock_qty_day0"": 2776.74768}"
unmodeled_supplier_source_policy,SDC-VD0518684A,item:001893,,estimated_replenishment,"{""daily_capacity_qty"": 628073.88, ""downstream_lot_floor_qty"": 22800.0, ""downstream_requirement_qty_per_day"": 523.3949, ""downstream_signal_qty_per_day"": 37.0272, ""item_id"": ""item:001893"", ""node_id"": ""SDC-VD0518684A"", ""order_frequency_days"": 1, ""raw_replenishment_lead_days"": 34.0, ""reorder_point_qty_day0"": 22800.0, ""replenishment_lead_days"": 21, ""review_period_days"": 7, ""target_cover_days"": 28, ""target_stock_qty_day0"": 22800.0}"
unmodeled_supplier_source_policy,SDC-VD0519670A,item:001848,,estimated_replenishment,"{""daily_capacity_qty"": 99169.56, ""downstream_lot_floor_qty"": 4000.0, ""downstream_requirement_qty_per_day"": 123.96195, ""downstream_signal_qty_per_day"": 8.7696, ""item_id"": ""item:001848"", ""node_id"": ""SDC-VD0519670A"", ""order_frequency_days"": 1, ""raw_replenishment_lead_days"": 13.0, ""reorder_point_qty_day0"": 4000.0, ""replenishment_lead_days"": 13, ""review_period_days"": 7, ""target_cover_days"": 20, ""target_stock_qty_day0"": 4000.0}"
unmodeled_supplier_source_policy,SDC-VD0519670A,item:029313,,estimated_replenishment,"{""daily_capacity_qty"": 8228.571429, ""downstream_lot_floor_qty"": 300.0, ""downstream_requirement_qty_per_day"": 8.26413, ""downstream_signal_qty_per_day"": 0.58464, ""item_id"": ""item:029313"", ""node_id"": ""SDC-VD0519670A"", ""order_frequency_days"": 1, ""raw_replenishment_lead_days"": 34.0, ""reorder_point_qty_day0"": 300.0, ""replenishment_lead_days"": 21, ""review_period_days"": 7, ""target_cover_days"": 28, ""target_stock_qty_day0"": 300.0}"
unmodeled_supplier_source_policy,SDC-VD0520115A,item:708073,,estimated_replenishment,"{""daily_capacity_qty"": 488488.0, ""downstream_lot_floor_qty"": 5000.0, ""downstream_requirement_qty_per_day"": 1221.22, ""downstream_signal_qty_per_day"": 854.854, ""item_id"": ""item:708073"", ""node_id"": ""SDC-VD0520115A"", ""order_frequency_days"": 1, ""raw_replenishment_lead_days"": 17.0, ""reorder_point_qty_day0"": 20760.74, ""replenishment_lead_days"": 17, ""review_period_days"": 7, ""target_cover_days"": 24, ""target_stock_qty_day0"": 29309.28}"
unmodeled_supplier_source_policy,SDC-VD0520132A,item:038005,,estimated_replenishment,"{""daily_capacity_qty"": 1077949.2416, ""downstream_lot_floor_qty"": 10000.0, ""downstream_requirement_qty_per_day"": 2694.873104, ""downstream_signal_qty_per_day"": 1886.411173, ""item_id"": ""item:038005"", ""node_id"": ""SDC-VD0520132A"", ""order_frequency_days"": 1, ""raw_replenishment_lead_days"": 92.5, ""reorder_point_qty_day0"": 56592.335184, ""replenishment_lead_days"": 21, ""review_period_days"": 7, ""target_cover_days"": 28, ""target_stock_qty_day0"": 75456.446912}"
unmodeled_supplier_source_policy,SDC-VD0520132A,item:049371,,estimated_replenishment,"{""daily_capacity_qty"": 122309.124, ""downstream_lot_floor_qty"": 1600.0, ""downstream_requirement_qty_per_day"": 305.77281, ""downstream_signal_qty_per_day"": 21.63168, ""item_id"": ""item:049371"", ""node_id"": ""SDC-VD0520132A"", ""order_frequency_days"": 1, ""raw_replenishment_lead_days"": 88.5, ""reorder_point_qty_day0"": 6421.22901, ""replenishment_lead_days"": 21, ""review_period_days"": 7, ""target_cover_days"": 28, ""target_stock_qty_day0"": 8561.63868}"
unmodeled_supplier_source_policy,SDC-VD0525412A,item:333362,,estimated_replenishment,"{""daily_capacity_qty"": 61600000.0, ""downstream_lot_floor_qty"": 5000.0, ""downstream_requirement_qty_per_day"": 154000.0, ""downstream_signal_qty_per_day"": 107800.0, ""item_id"": ""item:333362"", ""node_id"": ""SDC-VD0525412A"", ""order_frequency_days"": 1, ""raw_replenishment_lead_days"": 36.0, ""reorder_point_qty_day0"": 3234000.0, ""replenishment_lead_days"": 21, ""review_period_days"": 7, ""target_cover_days"": 28, ""target_stock_qty_day0"": 4312000.0}"
unmodeled_supplier_source_policy,SDC-VD0901566A,item:338928,,estimated_replenishment,"{""daily_capacity_qty"": 320000000.0, ""downstream_lot_floor_qty"": 25000.0, ""downstream_requirement_qty_per_day"": 203550.0, ""downstream_signal_qty_per_day"": 14400.0, ""item_id"": ""item:338928"", ""node_id"": ""SDC-VD0901566A"", ""order_frequency_days"": 1, ""raw_replenishment_lead_days"": 42.0, ""reorder_point_qty_day0"": 4274550.0, ""replenishment_lead_days"": 21, ""review_period_days"": 7, ""target_cover_days"": 28, ""target_stock_qty_day0"": 5699400.0}"
unmodeled_supplier_source_policy,SDC-VD0910216A,item:001893,,estimated_replenishment,"{""daily_capacity_qty"": 628073.88, ""downstream_lot_floor_qty"": 23920.0, ""downstream_requirement_qty_per_day"": 523.3949, ""downstream_signal_qty_per_day"": 37.0272, ""item_id"": ""item:001893"", ""node_id"": ""SDC-VD0910216A"", ""order_frequency_days"": 1, ""raw_replenishment_lead_days"": 17.0, ""reorder_point_qty_day0"": 23920.0, ""replenishment_lead_days"": 17, ""review_period_days"": 7, ""target_cover_days"": 24, ""target_stock_qty_day0"": 23920.0}"
unmodeled_supplier_source_policy,SDC-VD0910216A,item:002612,,estimated_replenishment,"{""daily_capacity_qty"": 171428.571429, ""downstream_lot_floor_qty"": 22500.0, ""downstream_requirement_qty_per_day"": 97.421325, ""downstream_signal_qty_per_day"": 6.892002, ""item_id"": ""item:002612"", ""node_id"": ""SDC-VD0910216A"", ""order_frequency_days"": 1, ""raw_replenishment_lead_days"": 21.0, ""reorder_point_qty_day0"": 22500.0, ""replenishment_lead_days"": 21, ""review_period_days"": 7, ""target_cover_days"": 28, ""target_stock_qty_day0"": 22500.0}"
unmodeled_supplier_source_policy,SDC-VD0914320A,item:055703,,estimated_replenishment,"{""daily_capacity_qty"": 8228.571429, ""downstream_lot_floor_qty"": 300.0, ""downstream_requirement_qty_per_day"": 15.946864, ""downstream_signal_qty_per_day"": 1.12815, ""item_id"": ""item:055703"", ""node_id"": ""SDC-VD0914320A"", ""order_frequency_days"": 1, ""raw_replenishment_lead_days"": 13.0, ""reorder_point_qty_day0"": 300.0, ""replenishment_lead_days"": 13, ""review_period_days"": 7, ""target_cover_days"": 20, ""target_stock_qty_day0"": 318.937278}"
unmodeled_supplier_source_policy,SDC-VD0914360C,item:338929,,estimated_replenishment,"{""daily_capacity_qty"": 81420000.0, ""downstream_lot_floor_qty"": 5000.0, ""downstream_requirement_qty_per_day"": 203550.0, ""downstream_signal_qty_per_day"": 14400.0, ""item_id"": ""item:338929"", ""node_id"": ""SDC-VD0914360C"", ""order_frequency_days"": 1, ""raw_replenishment_lead_days"": 25.5, ""reorder_point_qty_day0"": 4274550.0, ""replenishment_lead_days"": 21, ""review_period_days"": 7, ""target_cover_days"": 28, ""target_stock_qty_day0"": 5699400.0}"
unmodeled_supplier_source_policy,SDC-VD0914690A,item:042342,,estimated_replenishment,"{""daily_capacity_qty"": 3717067200.0, ""downstream_lot_floor_qty"": 30000000.0, ""downstream_requirement_qty_per_day"": 9292668.0, ""downstream_signal_qty_per_day"": 6504867.6, ""item_id"": ""item:042342"", ""node_id"": ""SDC-VD0914690A"", ""order_frequency_days"": 1, ""raw_replenishment_lead_days"": 13.0, ""reorder_point_qty_day0"": 120804684.0, ""replenishment_lead_days"": 13, ""review_period_days"": 7, ""target_cover_days"": 20, ""target_stock_qty_day0"": 185853360.0}"
unmodeled_supplier_source_policy,SDC-VD0949099A,item:021081,,estimated_replenishment,"{""daily_capacity_qty"": 20000.0, ""downstream_lot_floor_qty"": 20000.0, ""downstream_requirement_qty_per_day"": 0.0, ""downstream_signal_qty_per_day"": 0.0, ""item_id"": ""item:021081"", ""node_id"": ""SDC-VD0949099A"", ""order_frequency_days"": 1, ""raw_replenishment_lead_days"": 72.0, ""reorder_point_qty_day0"": 20000.0, ""replenishment_lead_days"": 21, ""review_period_days"": 7, ""target_cover_days"": 28, ""target_stock_qty_day0"": 20000.0}"
unmodeled_supplier_source_policy,SDC-VD0951020A,item:001757,,estimated_replenishment,"{""daily_capacity_qty"": 132226.08, ""downstream_lot_floor_qty"": 100.0, ""downstream_requirement_qty_per_day"": 330.5652, ""downstream_signal_qty_per_day"": 23.3856, ""item_id"": ""item:001757"", ""node_id"": ""SDC-VD0951020A"", ""order_frequency_days"": 1, ""raw_replenishment_lead_days"": 50.5, ""reorder_point_qty_day0"": 6941.8692, ""replenishment_lead_days"": 21, ""review_period_days"": 7, ""target_cover_days"": 28, ""target_stock_qty_day0"": 9255.8256}"
unmodeled_supplier_source_policy,SDC-VD0951020A,item:001848,,estimated_replenishment,"{""daily_capacity_qty"": 99169.56, ""downstream_lot_floor_qty"": 6000.0, ""downstream_requirement_qty_per_day"": 123.96195, ""downstream_signal_qty_per_day"": 8.7696, ""item_id"": ""item:001848"", ""node_id"": ""SDC-VD0951020A"", ""order_frequency_days"": 1, ""raw_replenishment_lead_days"": 34.0, ""reorder_point_qty_day0"": 6000.0, ""replenishment_lead_days"": 21, ""review_period_days"": 7, ""target_cover_days"": 28, ""target_stock_qty_day0"": 6000.0}"
unmodeled_supplier_source_policy,SDC-VD0951020A,item:007923,,estimated_replenishment,"{""daily_capacity_qty"": 264452.16, ""downstream_lot_floor_qty"": 0.0, ""downstream_requirement_qty_per_day"": 330.5652, ""downstream_signal_qty_per_day"": 23.3856, ""item_id"": ""item:007923"", ""node_id"": ""SDC-VD0951020A"", ""order_frequency_days"": 1, ""raw_replenishment_lead_days"": 7.0, ""reorder_point_qty_day0"": 2313.9564, ""replenishment_lead_days"": 7, ""review_period_days"": 7, ""target_cover_days"": 14, ""target_stock_qty_day0"": 4627.9128}"
unmodeled_supplier_source_policy,SDC-VD0956464A,item:007923,,estimated_replenishment,"{""daily_capacity_qty"": 264452.16, ""downstream_lot_floor_qty"": 0.0, ""downstream_requirement_qty_per_day"": 330.5652, ""downstream_signal_qty_per_day"": 23.3856, ""item_id"": ""item:007923"", ""node_id"": ""SDC-VD0956464A"", ""order_frequency_days"": 1, ""raw_replenishment_lead_days"": 7.0, ""reorder_point_qty_day0"": 2313.9564, ""replenishment_lead_days"": 7, ""review_period_days"": 7, ""target_cover_days"": 14, ""target_stock_qty_day0"": 4627.9128}"
unmodeled_supplier_source_policy,SDC-VD0960508A,item:021081,,estimated_replenishment,"{""daily_capacity_qty"": 20000.0, ""downstream_lot_floor_qty"": 20000.0, ""downstream_requirement_qty_per_day"": 0.0, ""downstream_signal_qty_per_day"": 0.0, ""item_id"": ""item:021081"", ""node_id"": ""SDC-VD0960508A"", ""order_frequency_days"": 1, ""raw_replenishment_lead_days"": 72.0, ""reorder_point_qty_day0"": 20000.0, ""replenishment_lead_days"": 21, ""review_period_days"": 7, ""target_cover_days"": 28, ""target_stock_qty_day0"": 20000.0}"
unmodeled_supplier_source_policy,SDC-VD0964290A,item:055703,,estimated_replenishment,"{""daily_capacity_qty"": 300.0, ""downstream_lot_floor_qty"": 300.0, ""downstream_requirement_qty_per_day"": 0.581396, ""downstream_signal_qty_per_day"": 0.04113, ""item_id"": ""item:055703"", ""node_id"": ""SDC-VD0964290A"", ""order_frequency_days"": 1, ""raw_replenishment_lead_days"": 25.5, ""reorder_point_qty_day0"": 300.0, ""replenishment_lead_days"": 21, ""review_period_days"": 7, ""target_cover_days"": 28, ""target_stock_qty_day0"": 300.0}"
unmodeled_supplier_source_policy,SDC-VD0972460A,item:021081,,estimated_replenishment,"{""daily_capacity_qty"": 20000.0, ""downstream_lot_floor_qty"": 20000.0, ""downstream_requirement_qty_per_day"": 0.0, ""downstream_signal_qty_per_day"": 0.0, ""item_id"": ""item:021081"", ""node_id"": ""SDC-VD0972460A"", ""order_frequency_days"": 1, ""raw_replenishment_lead_days"": 72.0, ""reorder_point_qty_day0"": 20000.0, ""replenishment_lead_days"": 21, ""review_period_days"": 7, ""target_cover_days"": 28, ""target_stock_qty_day0"": 20000.0}"
unmodeled_supplier_source_policy,SDC-VD0975221A,item:021081,,estimated_replenishment,"{""daily_capacity_qty"": 20000.0, ""downstream_lot_floor_qty"": 20000.0, ""downstream_requirement_qty_per_day"": 0.0, ""downstream_signal_qty_per_day"": 0.0, ""item_id"": ""item:021081"", ""node_id"": ""SDC-VD0975221A"", ""order_frequency_days"": 1, ""raw_replenishment_lead_days"": 72.0, ""reorder_point_qty_day0"": 20000.0, ""replenishment_lead_days"": 21, ""review_period_days"": 7, ""target_cover_days"": 28, ""target_stock_qty_day0"": 20000.0}"
unmodeled_supplier_source_policy,SDC-VD0989480A,item:426331,,estimated_replenishment,"{""daily_capacity_qty"": 895620.0, ""downstream_lot_floor_qty"": 19200.0, ""downstream_requirement_qty_per_day"": 2239.05, ""downstream_signal_qty_per_day"": 158.4, ""item_id"": ""item:426331"", ""node_id"": ""SDC-VD0989480A"", ""order_frequency_days"": 1, ""raw_replenishment_lead_days"": 17.0, ""reorder_point_qty_day0"": 38063.85, ""replenishment_lead_days"": 17, ""review_period_days"": 7, ""target_cover_days"": 24, ""target_stock_qty_day0"": 53737.2}"
unmodeled_supplier_source_policy,SDC-VD0990780A,item:002612,,estimated_replenishment,"{""daily_capacity_qty"": 180952.380952, ""downstream_lot_floor_qty"": 23750.0, ""downstream_requirement_qty_per_day"": 102.833621, ""downstream_signal_qty_per_day"": 7.274891, ""item_id"": ""item:002612"", ""node_id"": ""SDC-VD0990780A"", ""order_frequency_days"": 1, ""raw_replenishment_lead_days"": 21.0, ""reorder_point_qty_day0"": 23750.0, ""replenishment_lead_days"": 21, ""review_period_days"": 7, ""target_cover_days"": 28, ""target_stock_qty_day0"": 23750.0}"
unmodeled_supplier_source_policy,SDC-VD0993480A,item:344135,,estimated_replenishment,"{""daily_capacity_qty"": 61600000.0, ""downstream_lot_floor_qty"": 120000.0, ""downstream_requirement_qty_per_day"": 154000.0, ""downstream_signal_qty_per_day"": 107800.0, ""item_id"": ""item:344135"", ""node_id"": ""SDC-VD0993480A"", ""order_frequency_days"": 1, ""raw_replenishment_lead_days"": 21.0, ""reorder_point_qty_day0"": 3234000.0, ""replenishment_lead_days"": 21, ""review_period_days"": 7, ""target_cover_days"": 28, ""target_stock_qty_day0"": 4312000.0}"
unmodeled_supplier_source_policy,SDC-VD1091642A,item:001893,,estimated_replenishment,"{""daily_capacity_qty"": 628073.88, ""downstream_lot_floor_qty"": 20900.0, ""downstream_requirement_qty_per_day"": 523.3949, ""downstream_signal_qty_per_day"": 37.0272, ""item_id"": ""item:001893"", ""node_id"": ""SDC-VD1091642A"", ""order_frequency_days"": 1, ""raw_replenishment_lead_days"": 25.5, ""reorder_point_qty_day0"": 20900.0, ""replenishment_lead_days"": 21, ""review_period_days"": 7, ""target_cover_days"": 28, ""target_stock_qty_day0"": 20900.0}"
unmodeled_supplier_source_policy,SDC-VD1091642A,item:002612,,estimated_replenishment,"{""daily_capacity_qty"": 171428.571429, ""downstream_lot_floor_qty"": 22500.0, ""downstream_requirement_qty_per_day"": 97.421325, ""downstream_signal_qty_per_day"": 6.892002, ""item_id"": ""item:002612"", ""node_id"": ""SDC-VD1091642A"", ""order_frequency_days"": 1, ""raw_replenishment_lead_days"": 21.0, ""reorder_point_qty_day0"": 22500.0, ""replenishment_lead_days"": 21, ""review_period_days"": 7, ""target_cover_days"": 28, ""target_stock_qty_day0"": 22500.0}"
unmodeled_supplier_source_policy,SDC-VD1095770A,item:734545,,estimated_replenishment,"{""daily_capacity_qty"": 492800.0, ""downstream_lot_floor_qty"": 6300.0, ""downstream_requirement_qty_per_day"": 1232.0, ""downstream_signal_qty_per_day"": 862.4, ""item_id"": ""item:734545"", ""node_id"": ""SDC-VD1095770A"", ""order_frequency_days"": 1, ""raw_replenishment_lead_days"": 13.0, ""reorder_point_qty_day0"": 16016.0, ""replenishment_lead_days"": 13, ""review_period_days"": 7, ""target_cover_days"": 20, ""target_stock_qty_day0"": 24640.0}"
unmodeled_supplier_source_policy,SDC-VD1096202A,item:039668,,estimated_replenishment,"{""daily_capacity_qty"": 8228.571429, ""downstream_lot_floor_qty"": 450.0, ""downstream_requirement_qty_per_day"": 8.26413, ""downstream_signal_qty_per_day"": 0.58464, ""item_id"": ""item:039668"", ""node_id"": ""SDC-VD1096202A"", ""order_frequency_days"": 1, ""raw_replenishment_lead_days"": 21.0, ""reorder_point_qty_day0"": 450.0, ""replenishment_lead_days"": 21, ""review_period_days"": 7, ""target_cover_days"": 28, ""target_stock_qty_day0"": 450.0}"
